32 32 0.05099 1.4216
0.05456196 0.05396496 0.05348566 0.05301397 0.05268331 0.05252019 0.05255296 0.05241450 0.05253901 0.05267313 0.05274042 0.05283579 0.05282515 0.05302426 0.05322409 0.05353815 0.05398330 0.05458846 0.05521391 0.05575068 0.05608864 0.05626313 0.05657447 0.05658863 0.05657334 0.05654802 0.05639250 0.05628579 0.05616570 0.05594727 0.05552821 0.05509731
0.05423818 0.05365549 0.05311754 0.05264936 0.05229314 0.05210347 0.05199357 0.05182996 0.05190501 0.05209710 0.05236020 0.05234527 0.05228006 0.05239766 0.05275117 0.05314541 0.05374864 0.05433745 0.05486301 0.05562445 0.05603363 0.05626058 0.05650916 0.05648931 0.05638188 0.05640202 0.05623831 0.05607046 0.05584862 0.05562107 0.05523201 0.05475940
0.05386590 0.05329706 0.05278029 0.05244284 0.05196421 0.05160537 0.05152230 0.05108082 0.05145102 0.05142394 0.05152177 0.05146339 0.05164017 0.05184570 0.05221229 0.05256013 0.05317532 0.05369450 0.05456854 0.05526350 0.05571693 0.05611737 0.05628279 0.05625644 0.05615265 0.05614385 0.05587825 0.05573103 0.05552859 0.05518051 0.05494479 0.05436768
0.05369193 0.05313886 0.05264004 0.05219984 0.05170376 0.05143881 0.05124279 0.05115346 0.05101717 0.05100985 0.05102284 0.05099024 0.05112948 0.05132446 0.05163643 0.05230979 0.05291233 0.05360273 0.05435605 0.05527335 0.05561999 0.05597871 0.05611262 0.05612481 0.05602482 0.05592932 0.05567674 0.05552787 0.05537451 0.05502334 0.05465330 0.05422196
0.05519556 0.05467903 0.05412897 0.05358218 0.05316446 0.05281500 0.05253570 0.05230768 0.05216787 0.05209356 0.05208385 0.05205530 0.05225150 0.05239267 0.05286099 0.05339862 0.05408883 0.05490173 0.05563640 0.05635031 0.05701952 0.05724919 0.05750354 0.05745879 0.05735502 0.05723951 0.05704274 0.05672532 0.05653992 0.05631368 0.05595707 0.05553039
0.06167337 0.06115639 0.06068717 0.06010773 0.05973536 0.05937310 0.05895618 0.05864965 0.05838918 0.05816596 0.05818875 0.05828157 0.05838205 0.05864730 0.05907863 0.05957429 0.06033484 0.06113146 0.06180759 0.06265604 0.06315164 0.06361545 0.06377768 0.06379935 0.06369146 0.06349710 0.06340770 0.06308179 0.06280810 0.06259346 0.06233892 0.06202866
0.07881259 0.07815834 0.07764683 0.07718122 0.07650614 0.07614088 0.07563657 0.07517261 0.07487965 0.07484118 0.07468017 0.07475790 0.07490624 0.07515190 0.07568571 0.07625495 0.07707004 0.07750854 0.07844036 0.07910594 0.07976857 0.08004991 0.08009034 0.08054984 0.08024390 0.08028878 0.07974844 0.07975698 0.07952924 0.07966953 0.07940966 0.07895564
0.11292902 0.11285174 0.11236601 0.11164632 0.11081571 0.11022725 0.10953313 0.10968282 0.10900154 0.10836916 0.10875913 0.10839948 0.10861367 0.10902415 0.10958484 0.11050567 0.11068643 0.11103899 0.11200190 0.11258214 0.11332488 0.11360182 0.11354401 0.11386786 0.11391115 0.11339918 0.11384707 0.11385959 0.11373259 0.11337809 0.11362428 0.11265863
0.17216135 0.17149008 0.17144542 0.17016120 0.16962474 0.16931289 0.16826058 0.16754630 0.16774667 0.16682313 0.16658592 0.16684572 0.16682882 0.16712254 0.16725045 0.16813213 0.16777970 0.16911515 0.16863655 0.16959334 0.17060230 0.17122685 0.17126168 0.17145949 0.17093973 0.17192729 0.17221249 0.17198295 0.17147116 0.17149152 0.17192300 0.17270803
0.25984398 0.26198241 0.25861218 0.25947347 0.26021498 0.25859959 0.25766458 0.25752910 0.25904171 0.25592912 0.25520690 0.25600701 0.25368632 0.25814182 0.25608436 0.25676674 0.25520707 0.25813666 0.25795631 0.25971283 0.26048346 0.26027213 0.25983350 0.26104916 0.26153222 0.26123182 0.26113464 0.26113902 0.26244239 0.26176042 0.26108775 0.26224617
0.38808086 0.38330040 0.38617211 0.38713860 0.38248087 0.38422642 0.38313625 0.38330011 0.38117172 0.38361923 0.37959348 0.38377190 0.37999570 0.38202070 0.38014109 0.37920886 0.38312652 0.38366021 0.38506247 0.38436388 0.38317174 0.38551323 0.38389860 0.38521412 0.38580017 0.38647005 0.38402012 0.38563845 0.38714107 0.38599635 0.38842474 0.38456777
0.54839469 0.54714544 0.54857028 0.55078531 0.55294051 0.54603353 0.54688302 0.54383292 0.54572770 0.54352752 0.54006185 0.54149403 0.53819373 0.54613492 0.54344505 0.54947830 0.54201146 0.54708112 0.54757256 0.54461241 0.54696662 0.54598745 0.54069936 0.55377718 0.54823073 0.54464890 0.54845195 0.54799490 0.55151609 0.54810939 0.55236543 0.54834079
0.74315371 0.74359838 0.73690063 0.74439834 0.73784728 0.73537926 0.73186311 0.73456641 0.73645222 0.73324742 0.73599575 0.73931472 0.72787442 0.73703864 0.74186110 0.74014491 0.73677833 0.73054376 0.73667755 0.73790142 0.73561076 0.74276020 0.73328475 0.74015478 0.72852217 0.73812021 0.73672951 0.73652587 0.73820304 0.74129324 0.73609181 0.73875372
0.94515717 0.94625207 0.95121668 0.93400446 0.95385787 0.92963340 0.94523309 0.93431573 0.93945465 0.94398739 0.93583894 0.94593750 0.94670668 0.94186643 0.93556080 0.94323993 0.94166249 0.92470838 0.94664091 0.94924228 0.94311903 0.94289643 0.93460441 0.95271054 0.94495485 0.93852038 0.94110595 0.94746949 0.94844474 0.94661928 0.95116011 0.93850053
1.13643138 1.14653612 1.15981184 1.16029301 1.14679182 1.13880550 1.13793645 1.14389061 1.14900711 1.13073016 1.13604251 1.13437917 1.15669203 1.15444016 1.16993091 1.12707840 1.14344297 1.13757746 1.13508775 1.15128791 1.13252458 1.13278199 1.14856226 1.14540143 1.14631162 1.13673766 1.15485012 1.14422465 1.14510285 1.14451633 1.15576257 1.15533529
1.30355130 1.31949580 1.30570191 1.32086955 1.31784279 1.29498736 1.30910824 1.30818444 1.30477769 1.31030424 1.31229310 1.29779033 1.31847982 1.31970050 1.31935811 1.30476245 1.30693523 1.30606472 1.29172387 1.28966331 1.30389391 1.32198453 1.30402269 1.33706700 1.30308256 1.28880391 1.32159475 1.33787663 1.32959513 1.32241492 1.29704969 1.30063976
1.43743401 1.41860475 1.45204405 1.42315312 1.42189496 1.42703382 1.41397754 1.40113135 1.41371782 1.41554760 1.42224967 1.41736721 1.41250224 1.40595777 1.42309729 1.42888089 1.41614714 1.41966183 1.39740737 1.40977351 1.42175099 1.41950026 1.40762674 1.44327640 1.42587067 1.41816037 1.42228471 1.43605267 1.42088653 1.43776350 1.43255741 1.40815943
1.46117103 1.46810896 1.46045184 1.45830349 1.45561929 1.44620650 1.44723200 1.44612224 1.43865362 1.44536158 1.44673493 1.44861944 1.44945228 1.45571546 1.44712709 1.45429755 1.45502413 1.45768307 1.44570633 1.45294039 1.45351783 1.45412509 1.45532495 1.45534223 1.46091940 1.46262948 1.46244964 1.46642327 1.46125283 1.46637200 1.47259227 1.45456893
1.42002156 1.41417668 1.41333074 1.40040804 1.39092703 1.38041466 1.38385237 1.39863969 1.39460201 1.40089017 1.39672632 1.39897493 1.39074651 1.41000406 1.40316356 1.41094537 1.40414406 1.39525213 1.41686659 1.42829633 1.40650046 1.42146667 1.41019508 1.40484519 1.43403039 1.41050439 1.39532675 1.41383201 1.41856432 1.42082788 1.43122705 1.42472289
1.30002681 1.29739953 1.30517168 1.29302656 1.27570828 1.28699744 1.26344304 1.28012795 1.27490382 1.25633832 1.26418717 1.28562441 1.29240049 1.30986889 1.30114639 1.27999174 1.32347122 1.27950511 1.32387252 1.28702784 1.30003125 1.28551326 1.28757275 1.30641666 1.29073212 1.32528766 1.31308072 1.30562931 1.30855323 1.30167667 1.29158549 1.29189874
1.14514463 1.11439899 1.11924151 1.12064421 1.09712846 1.10943720 1.11156661 1.12219283 1.12921559 1.11582991 1.11799761 1.09548276 1.11214754 1.12286890 1.14852900 1.12737825 1.11590963 1.12302544 1.11409442 1.12713446 1.11594420 1.10622602 1.11497182 1.13041150 1.11515180 1.13366178 1.12993353 1.11894069 1.13014564 1.14108999 1.13172471 1.12806581
0.92238089 0.92605009 0.91842521 0.89833375 0.90183917 0.91239324 0.91071228 0.90879685 0.90027892 0.89547363 0.90486019 0.90943342 0.91675797 0.91916287 0.92087463 0.92094866 0.91357710 0.91766055 0.90507840 0.90675566 0.92489096 0.91857307 0.91481817 0.92160322 0.93053043 0.92953486 0.92174021 0.93252869 0.92008879 0.92341361 0.91292103 0.92703910
0.70994404 0.70606351 0.70973255 0.70595270 0.71093576 0.70307211 0.70054356 0.70143167 0.69743860 0.70574857 0.70472091 0.71022123 0.70133314 0.71484963 0.71231460 0.71359121 0.71629702 0.71439836 0.70887995 0.71662451 0.71542574 0.71769043 0.71995786 0.72000750 0.71590963 0.71581324 0.71752815 0.70930550 0.70509386 0.72055353 0.72522958 0.70888083
0.52342292 0.52460123 0.52078275 0.52265034 0.51762305 0.51938168 0.51286971 0.52163336 0.51935387 0.52097493 0.52077289 0.51944275 0.51935071 0.52452970 0.52306838 0.51942915 0.52487353 0.52376746 0.52703088 0.52542172 0.52611969 0.52776646 0.52591455 0.52997745 0.52438876 0.52957754 0.52757154 0.53159584 0.52930775 0.52968020 0.52332141 0.52356905
0.36881961 0.36821630 0.36672587 0.36562870 0.36464779 0.36001441 0.36347724 0.36040399 0.36138471 0.36098221 0.36257486 0.36535124 0.36560752 0.36694228 0.36785186 0.36851617 0.36672555 0.36849577 0.36828186 0.36823550 0.36980634 0.36763380 0.37225125 0.37084212 0.37184840 0.37002402 0.37180188 0.37343629 0.37166556 0.37057651 0.37132981 0.36807813
0.24786631 0.24719479 0.24603412 0.24271860 0.24426708 0.24236194 0.24323936 0.24339502 0.24406750 0.24344004 0.24445439 0.24303284 0.24569260 0.24675469 0.24776203 0.24503164 0.24733726 0.24682797 0.24703080 0.24789099 0.24830381 0.24728468 0.25002839 0.25086613 0.25096289 0.25137049 0.25308132 0.25132450 0.25228509 0.25137972 0.25003272 0.25026769
0.16324104 0.16232508 0.16160781 0.16030173 0.16021899 0.15956415 0.15935927 0.15953401 0.16010840 0.16059204 0.16078412 0.16093945 0.16059820 0.16154694 0.16142864 0.16129499 0.16186587 0.16201912 0.16302466 0.16235804 0.16396671 0.16409247 0.16490633 0.16532758 0.16474878 0.16538372 0.16628090 0.16670781 0.16710817 0.16600622 0.16417734 0.16403649
0.10920577 0.10829215 0.10761533 0.10681328 0.10589141 0.10506964 0.10551984 0.10582348 0.10604013 0.10643361 0.10698239 0.10666705 0.10705297 0.10672525 0.10713738 0.10715426 0.10767469 0.10773843 0.10795253 0.10883255 0.10937869 0.10950315 0.10989860 0.11007596 0.11067544 0.11041146 0.11101670 0.11075129 0.11123582 0.11078615 0.11041863 0.10996413
0.07771462 0.07702621 0.07638101 0.07565486 0.07520344 0.07482802 0.07493030 0.07507236 0.07533209 0.07568511 0.07576472 0.07599146 0.07607985 0.07612560 0.07634544 0.07617379 0.07651704 0.07674103 0.07706739 0.07739397 0.07786409 0.07807955 0.07848457 0.07881377 0.07901376 0.07905433 0.07910225 0.07930302 0.07922578 0.07930573 0.07905983 0.07842392
0.06243980 0.06176814 0.06123608 0.06063855 0.06038410 0.06019121 0.06020820 0.06025953 0.06058272 0.06077109 0.06089117 0.06097726 0.06100578 0.06087237 0.06103506 0.06111252 0.06139536 0.06182964 0.06226404 0.06268028 0.06308651 0.06342775 0.06351808 0.06378750 0.06388142 0.06385216 0.06391581 0.06397052 0.06390259 0.06376533 0.06352203 0.06302148
0.05659715 0.05602000 0.05554320 0.05488130 0.05475091 0.05457977 0.05450775 0.05466240 0.05489068 0.05494271 0.05506263 0.05526969 0.05511462 0.05519433 0.05531065 0.05554274 0.05595366 0.05635140 0.05682689 0.05729172 0.05765216 0.05782240 0.05806321 0.05812163 0.05822927 0.05822017 0.05825162 0.05822449 0.05797870 0.05792773 0.05757849 0.05710581
0.05496767 0.05441523 0.05382103 0.05339612 0.05309981 0.05293026 0.05290715 0.05301780 0.05310210 0.05341831 0.05330562 0.05342098 0.05336203 0.05351152 0.05373163 0.05396874 0.05436595 0.05490137 0.05546845 0.05598353 0.05640592 0.05666151 0.05683419 0.05669281 0.05679875 0.05680037 0.05673695 0.05675036 0.05663261 0.05636002 0.05607412 0.05550565
