32 32 0.072747 0.0043151
0.07535120 0.07525717 0.07524562 0.07513108 0.07494921 0.07482137 0.07462485 0.07446389 0.07440447 0.07430805 0.07435164 0.07440329 0.07453895 0.07471073 0.07493374 0.07520592 0.07554459 0.07595141 0.07634707 0.07667851 0.07686208 0.07684588 0.07703241 0.07696257 0.07678338 0.07649785 0.07616723 0.07587054 0.07573856 0.07564783 0.07544074 0.07529774
0.07523023 0.07519470 0.07514635 0.07498911 0.07478209 0.07472041 0.07451673 0.07420150 0.07410004 0.07417233 0.07424999 0.07437829 0.07435345 0.07451953 0.07478269 0.07513186 0.07556623 0.07601887 0.07620261 0.07665509 0.07692212 0.07694569 0.07705807 0.07692526 0.07664510 0.07646985 0.07613524 0.07586351 0.07565277 0.07550710 0.07538320 0.07522523
0.07515188 0.07510927 0.07507921 0.07500514 0.07481463 0.07458987 0.07448734 0.07384763 0.07409877 0.07393389 0.07402738 0.07406811 0.07422239 0.07437662 0.07468676 0.07492164 0.07531742 0.07550294 0.07617398 0.07655067 0.07673368 0.07695888 0.07697748 0.07681798 0.07655810 0.07633044 0.07597443 0.07574559 0.07553819 0.07531866 0.07533907 0.07515031
0.07508397 0.07499108 0.07494698 0.07485388 0.07473634 0.07452000 0.07433427 0.07407355 0.07398462 0.07385630 0.07383645 0.07384339 0.07391373 0.07411349 0.07426040 0.07476752 0.07525679 0.07551134 0.07596164 0.07640776 0.07664494 0.07681749 0.07679704 0.07666117 0.07640701 0.07619097 0.07587628 0.07565896 0.07544400 0.07527362 0.07519739 0.07511978
0.07508283 0.07494314 0.07489731 0.07475397 0.07456263 0.07446158 0.07422992 0.07398437 0.07378741 0.07370633 0.07371605 0.07357213 0.07375367 0.07389176 0.07420500 0.07454659 0.07490731 0.07539241 0.07579787 0.07615492 0.07656075 0.07664099 0.07670461 0.07655381 0.07635040 0.07608387 0.07582003 0.07563980 0.07532861 0.07518297 0.07506555 0.07500578
0.07491425 0.07482657 0.07477487 0.07465056 0.07450809 0.07445149 0.07406579 0.07377824 0.07368193 0.07352217 0.07343632 0.07345193 0.07355336 0.07376782 0.07400548 0.07435338 0.07483108 0.07523143 0.07566446 0.07601816 0.07631144 0.07651536 0.07660198 0.07649144 0.07624640 0.07606124 0.07577795 0.07542902 0.07528873 0.07516439 0.07504495 0.07508715
0.07488250 0.07474495 0.07471746 0.07462102 0.07438618 0.07422381 0.07397593 0.07373608 0.07349814 0.07319673 0.07328284 0.07328094 0.07335844 0.07359292 0.07384577 0.07415394 0.07460753 0.07509907 0.07552249 0.07591820 0.07620103 0.07642476 0.07651694 0.07645068 0.07631268 0.07607978 0.07580218 0.07556177 0.07526861 0.07517812 0.07500096 0.07487366
0.07487769 0.07476530 0.07467455 0.07456849 0.07438172 0.07414346 0.07386650 0.07367858 0.07346581 0.07322687 0.07315150 0.07315207 0.07326539 0.07341620 0.07367677 0.07409858 0.07450763 0.07501850 0.07542312 0.07584378 0.07613426 0.07646413 0.07643338 0.07646511 0.07641493 0.07621954 0.07595280 0.07565865 0.07553780 0.07525186 0.07513282 0.07468961
0.07499035 0.07479825 0.07472328 0.07452327 0.07444071 0.07414382 0.07389591 0.07366134 0.07343010 0.07324621 0.07313738 0.07312401 0.07317269 0.07339492 0.07368943 0.07409134 0.07446350 0.07495145 0.07534700 0.07577575 0.07614001 0.07645262 0.07654452 0.07661673 0.07652928 0.07644021 0.07594349 0.07587223 0.07566284 0.07542168 0.07520474 0.07500193
0.07494869 0.07488984 0.07477422 0.07460004 0.07453153 0.07419521 0.07399108 0.07366521 0.07348144 0.07328992 0.07317203 0.07320961 0.07312331 0.07340170 0.07371927 0.07410284 0.07453888 0.07494429 0.07559293 0.07581194 0.07621467 0.07649885 0.07667306 0.07677208 0.07658491 0.07654168 0.07631092 0.07606743 0.07584165 0.07559894 0.07536108 0.07518782
0.07517134 0.07495044 0.07490066 0.07473675 0.07465864 0.07434409 0.07409632 0.07387647 0.07359444 0.07352553 0.07332998 0.07331574 0.07338689 0.07354334 0.07384955 0.07425206 0.07464412 0.07519085 0.07557234 0.07590772 0.07631806 0.07656630 0.07674352 0.07684349 0.07681884 0.07668696 0.07651405 0.07628501 0.07599665 0.07576693 0.07552245 0.07530051
0.07528753 0.07511383 0.07500624 0.07486888 0.07468072 0.07436014 0.07427298 0.07407653 0.07388789 0.07372209 0.07360806 0.07363723 0.07362989 0.07384266 0.07411744 0.07450917 0.07482547 0.07521018 0.07564405 0.07600563 0.07630015 0.07661846 0.07691608 0.07699640 0.07688489 0.07682812 0.07656981 0.07639118 0.07607499 0.07589507 0.07559407 0.07545897
0.07530575 0.07520761 0.07507278 0.07486713 0.07481009 0.07465715 0.07450242 0.07434915 0.07414737 0.07400344 0.07393948 0.07396035 0.07398501 0.07416202 0.07435980 0.07471620 0.07501665 0.07533375 0.07573819 0.07607123 0.07637202 0.07668458 0.07679277 0.07691026 0.07688887 0.07683930 0.07668182 0.07646841 0.07620218 0.07596329 0.07569853 0.07559137
0.07541508 0.07514684 0.07502482 0.07503351 0.07486747 0.07470814 0.07463137 0.07453049 0.07436429 0.07424686 0.07421078 0.07426246 0.07430817 0.07444836 0.07466153 0.07487375 0.07521607 0.07545517 0.07583518 0.07605001 0.07634528 0.07657543 0.07674282 0.07695554 0.07688309 0.07685325 0.07667292 0.07643202 0.07607602 0.07594206 0.07568398 0.07555221
0.07525914 0.07509482 0.07499789 0.07487942 0.07481829 0.07469620 0.07460034 0.07456354 0.07451366 0.07438816 0.07442184 0.07443493 0.07454128 0.07471720 0.07495538 0.07503854 0.07536374 0.07560185 0.07579326 0.07605071 0.07626318 0.07643852 0.07660928 0.07668569 0.07671625 0.07665214 0.07658896 0.07638843 0.07616904 0.07590940 0.07565604 0.07542085
0.07507537 0.07491602 0.07476888 0.07469975 0.07466377 0.07461588 0.07451695 0.07451391 0.07447337 0.07450068 0.07446828 0.07454986 0.07475148 0.07479089 0.07510203 0.07514478 0.07527194 0.07548838 0.07564823 0.07591970 0.07601457 0.07624087 0.07637337 0.07642214 0.07648181 0.07658370 0.07639547 0.07617518 0.07603985 0.07571968 0.07553701 0.07529388
0.07484612 0.07461905 0.07462447 0.07445879 0.07437620 0.07424309 0.07433193 0.07428005 0.07428314 0.07434840 0.07436369 0.07454962 0.07466654 0.07479924 0.07491878 0.07507315 0.07518428 0.07534336 0.07545330 0.07563883 0.07580888 0.07591997 0.07610554 0.07620225 0.07622114 0.07620372 0.07617396 0.07602399 0.07586302 0.07563973 0.07535455 0.07513200
0.07456039 0.07444585 0.07418716 0.07411237 0.07404518 0.07390131 0.07394300 0.07394342 0.07393147 0.07402492 0.07419372 0.07431819 0.07445755 0.07459887 0.07470838 0.07482382 0.07496835 0.07507617 0.07519933 0.07528211 0.07549790 0.07562670 0.07572955 0.07581652 0.07594690 0.07599067 0.07582797 0.07584848 0.07563040 0.07539929 0.07515023 0.07500191
0.07434362 0.07419145 0.07391653 0.07376824 0.07374746 0.07354905 0.07348362 0.07353249 0.07352919 0.07368238 0.07388354 0.07410633 0.07422978 0.07431609 0.07442824 0.07455753 0.07467767 0.07474198 0.07484187 0.07488559 0.07511165 0.07526764 0.07544102 0.07547547 0.07568666 0.07572436 0.07564856 0.07564050 0.07546012 0.07521285 0.07499465 0.07467777
0.07418404 0.07390358 0.07376402 0.07344832 0.07325443 0.07318124 0.07311006 0.07309786 0.07321708 0.07347432 0.07343818 0.07375406 0.07403517 0.07411935 0.07431432 0.07422311 0.07430014 0.07442051 0.07468090 0.07466491 0.07479050 0.07496802 0.07513381 0.07531220 0.07553298 0.07548318 0.07568404 0.07551072 0.07534195 0.07511557 0.07486268 0.07449660
0.07413106 0.07379548 0.07348574 0.07324708 0.07303840 0.07293286 0.07287801 0.07285480 0.07296750 0.07307541 0.07323757 0.07345672 0.07361497 0.07381763 0.07432599 0.07404525 0.07406661 0.07416662 0.07430149 0.07444707 0.07463109 0.07478064 0.07496288 0.07516158 0.07535333 0.07546337 0.07544702 0.07539594 0.07528804 0.07502989 0.07482651 0.07439966
0.07409452 0.07382290 0.07348198 0.07308391 0.07301420 0.07289839 0.07274731 0.07278353 0.07279759 0.07295544 0.07316693 0.07335854 0.07354683 0.07372455 0.07381035 0.07386856 0.07391506 0.07404060 0.07412765 0.07435171 0.07446381 0.07466985 0.07486321 0.07506813 0.07529255 0.07540662 0.07542590 0.07542043 0.07528830 0.07506631 0.07505041 0.07445940
0.07417554 0.07383317 0.07360626 0.07326858 0.07308097 0.07292579 0.07280592 0.07285528 0.07289759 0.07302510 0.07323417 0.07344406 0.07354309 0.07374850 0.07379906 0.07389615 0.07388805 0.07399638 0.07412926 0.07422117 0.07450459 0.07473859 0.07485039 0.07514738 0.07532522 0.07543602 0.07550593 0.07553257 0.07529076 0.07514941 0.07495312 0.07455808
0.07440185 0.07409840 0.07381167 0.07353358 0.07333704 0.07316098 0.07310862 0.07301911 0.07308797 0.07323961 0.07340949 0.07361629 0.07375265 0.07381719 0.07392432 0.07394553 0.07411435 0.07419440 0.07429296 0.07444900 0.07465614 0.07487112 0.07511130 0.07527982 0.07571828 0.07560790 0.07573611 0.07571941 0.07541280 0.07525267 0.07499045 0.07467842
0.07461994 0.07428269 0.07404963 0.07381159 0.07370779 0.07362024 0.07342941 0.07347786 0.07343539 0.07358237 0.07372199 0.07380860 0.07400807 0.07413693 0.07420936 0.07428355 0.07428737 0.07443147 0.07460481 0.07470302 0.07492871 0.07515776 0.07530688 0.07550871 0.07564841 0.07575212 0.07574484 0.07563921 0.07560269 0.07534875 0.07514440 0.07481546
0.07485852 0.07459285 0.07436518 0.07441370 0.07400603 0.07383565 0.07382387 0.07377342 0.07379271 0.07394127 0.07402445 0.07420169 0.07433452 0.07443318 0.07460614 0.07460553 0.07465347 0.07476543 0.07499844 0.07508611 0.07516571 0.07543649 0.07561649 0.07574072 0.07583108 0.07589700 0.07580686 0.07587669 0.07569941 0.07555151 0.07536236 0.07506460
0.07504050 0.07475497 0.07474090 0.07450312 0.07438550 0.07423589 0.07415613 0.07407632 0.07417300 0.07407684 0.07432407 0.07448434 0.07450265 0.07468987 0.07476845 0.07493039 0.07496301 0.07512866 0.07527780 0.07539754 0.07558019 0.07575752 0.07589120 0.07602493 0.07606647 0.07612147 0.07601221 0.07590624 0.07575784 0.07564551 0.07525376 0.07517159
0.07518524 0.07498514 0.07503340 0.07480076 0.07458760 0.07449797 0.07442142 0.07440772 0.07436143 0.07444537 0.07444424 0.07466404 0.07474874 0.07485193 0.07499903 0.07510551 0.07533675 0.07540627 0.07558943 0.07578895 0.07604852 0.07609933 0.07620143 0.07623545 0.07627529 0.07624802 0.07610226 0.07606479 0.07582802 0.07564652 0.07547983 0.07533535
0.07528417 0.07514723 0.07510600 0.07492983 0.07483696 0.07466899 0.07455475 0.07451581 0.07441953 0.07454750 0.07461053 0.07470031 0.07491532 0.07496832 0.07512162 0.07523127 0.07544579 0.07564508 0.07583750 0.07608722 0.07626669 0.07634926 0.07647761 0.07652420 0.07645039 0.07630589 0.07611545 0.07605290 0.07584349 0.07569948 0.07554032 0.07539821
0.07533838 0.07516935 0.07513540 0.07498088 0.07490337 0.07480953 0.07465337 0.07459692 0.07458401 0.07458187 0.07464136 0.07477058 0.07481765 0.07501280 0.07514166 0.07536069 0.07565388 0.07582895 0.07608666 0.07633619 0.07655056 0.07667350 0.07666302 0.07674170 0.07661938 0.07638225 0.07625815 0.07607372 0.07588997 0.07573502 0.07557112 0.07544821
0.07534458 0.07525023 0.07517106 0.07497154 0.07493901 0.07474808 0.07472642 0.07460452 0.07469581 0.07451416 0.07460017 0.07461482 0.07477412 0.07496006 0.07516443 0.07538654 0.07576047 0.07593369 0.07625754 0.07654167 0.07676578 0.07689579 0.07691885 0.07678736 0.07676776 0.07651649 0.07628416 0.07604948 0.07570495 0.07569597 0.07554357 0.07542446
0.07532411 0.07526794 0.07512236 0.07506806 0.07492746 0.07482245 0.07468259 0.07457790 0.07449963 0.07444188 0.07437694 0.07461947 0.07466248 0.07484276 0.07505429 0.07535978 0.07569184 0.07596847 0.07632095 0.07663296 0.07690672 0.07697104 0.07706237 0.07684020 0.07675900 0.07653960 0.07626285 0.07602506 0.07584676 0.07568405 0.07553812 0.07540707
