32 32 0.050348 0.39488
0.05846133 0.05730709 0.05616449 0.05502166 0.05414302 0.05348121 0.05315095 0.05284678 0.05288599 0.05307212 0.05324203 0.05353229 0.05375856 0.05421186 0.05477526 0.05542432 0.05622697 0.05711983 0.05803978 0.05887902 0.05943848 0.05989992 0.06042851 0.06061710 0.06091856 0.06111374 0.06118505 0.06121059 0.06115292 0.06090911 0.06026739 0.05946366
0.05804596 0.05693683 0.05575151 0.05461738 0.05373559 0.05308977 0.05261305 0.05226742 0.05220748 0.05240906 0.05270902 0.05289479 0.05310165 0.05352096 0.05415844 0.05494507 0.05595974 0.05693638 0.05779582 0.05885037 0.05955356 0.06007730 0.06055881 0.06081142 0.06089266 0.06111681 0.06111248 0.06102225 0.06079795 0.06049456 0.05991535 0.05901703
0.05758049 0.05645746 0.05534554 0.05437699 0.05340137 0.05255604 0.05212962 0.05142049 0.05168123 0.05161692 0.05176596 0.05190988 0.05226044 0.05278599 0.05349673 0.05426469 0.05527678 0.05618934 0.05750025 0.05856860 0.05932698 0.06007236 0.06050582 0.06067196 0.06076285 0.06091359 0.06077371 0.06066045 0.06042195 0.05994264 0.05940925 0.05845220
0.05700989 0.05595453 0.05481884 0.05387510 0.05278752 0.05207810 0.05155848 0.05119823 0.05093091 0.05089346 0.05091081 0.05104887 0.05141663 0.05192692 0.05261451 0.05362947 0.05473461 0.05592776 0.05711429 0.05845677 0.05914350 0.05985390 0.06026293 0.06043799 0.06047780 0.06052867 0.06040436 0.06018071 0.05992616 0.05939603 0.05878362 0.05800607
0.05671014 0.05572104 0.05467549 0.05357779 0.05268927 0.05190704 0.05125942 0.05079760 0.05046282 0.05036446 0.05034761 0.05043326 0.05076706 0.05129366 0.05205183 0.05309931 0.05428091 0.05558944 0.05682288 0.05798446 0.05908430 0.05962731 0.06015047 0.06036725 0.06041774 0.06032147 0.06016167 0.05997516 0.05950524 0.05904780 0.05840070 0.05753483
0.05768606 0.05673825 0.05571859 0.05466794 0.05379892 0.05298206 0.05228273 0.05171629 0.05134341 0.05104771 0.05099179 0.05108526 0.05141016 0.05197396 0.05278824 0.05378553 0.05503554 0.05631484 0.05755343 0.05883905 0.05978207 0.06056797 0.06108299 0.06125406 0.06127175 0.06118417 0.06097913 0.06063592 0.06027114 0.05984578 0.05925137 0.05858604
0.06167706 0.06067877 0.05983757 0.05881549 0.05781503 0.05695140 0.05623476 0.05558032 0.05505505 0.05469314 0.05462408 0.05470785 0.05498621 0.05551881 0.05635999 0.05731554 0.05863856 0.05991270 0.06124544 0.06242436 0.06344706 0.06418116 0.06464443 0.06500534 0.06496874 0.06491531 0.06456067 0.06435728 0.06394503 0.06366075 0.06312882 0.06239520
0.07058050 0.06985519 0.06893628 0.06802534 0.06695559 0.06605144 0.06516971 0.06455977 0.06395547 0.06348039 0.06334992 0.06328677 0.06353421 0.06407074 0.06485367 0.06597578 0.06705393 0.06833095 0.06962100 0.07081278 0.07189150 0.07262006 0.07299164 0.07338881 0.07347486 0.07324310 0.07323256 0.07298766 0.07280603 0.07221531 0.07186169 0.07090723
0.08656194 0.08541125 0.08498738 0.08386148 0.08295880 0.08206439 0.08104509 0.08025945 0.07976736 0.07910955 0.07879413 0.07881092 0.07891189 0.07936677 0.08006138 0.08116059 0.08195686 0.08342772 0.08434915 0.08559998 0.08670525 0.08752750 0.08804727 0.08836342 0.08840079 0.08864465 0.08828071 0.08826337 0.08796072 0.08760994 0.08736153 0.08710241
0.11040670 0.11041967 0.10891820 0.10834948 0.10774561 0.10662754 0.10559045 0.10487969 0.10464325 0.10335755 0.10288112 0.10301943 0.10250789 0.10389351 0.10395746 0.10491160 0.10545630 0.10712392 0.10825150 0.10944720 0.11040473 0.11107256 0.11148566 0.11216078 0.11223505 0.11231466 0.11227957 0.11213201 0.11234361 0.11187048 0.11146343 0.11143171
0.14571589 0.14396291 0.14418994 0.14378713 0.14203093 0.14140755 0.14036392 0.13963668 0.13850402 0.13846508 0.13717758 0.13820692 0.13706672 0.13798339 0.13791858 0.13837629 0.14017770 0.14126320 0.14260645 0.14311577 0.14364404 0.14480607 0.14489629 0.14556085 0.14591061 0.14624906 0.14564026 0.14608097 0.14620937 0.14588724 0.14636965 0.14518733
0.19018101 0.18970639 0.18895092 0.18922311 0.18886976 0.18620825 0.18591091 0.18434820 0.18389977 0.18325538 0.18202297 0.18183616 0.18134302 0.18343128 0.18304305 0.18543018 0.18414202 0.18627163 0.18716219 0.18714778 0.18852210 0.18878880 0.18805090 0.19122844 0.19047934 0.18976663 0.19061340 0.19066066 0.19170243 0.19068064 0.19174851 0.19072484
0.24463294 0.24388110 0.24224201 0.24305195 0.24045418 0.23905204 0.23837350 0.23833945 0.23751257 0.23682180 0.23614163 0.23653326 0.23443140 0.23648737 0.23835488 0.23803722 0.23882431 0.23825091 0.23967651 0.24060563 0.24101058 0.24317581 0.24155727 0.24312539 0.24138481 0.24361703 0.24328761 0.24303265 0.24402782 0.24424512 0.24353547 0.24468349
0.29966031 0.30206699 0.30207707 0.29685700 0.30090603 0.29353087 0.29648160 0.29547024 0.29523958 0.29442451 0.29211844 0.29488805 0.29376486 0.29466783 0.29419130 0.29576976 0.29501847 0.29343139 0.29857962 0.29999715 0.29879788 0.29959741 0.29956403 0.30293943 0.30154910 0.29991102 0.30111401 0.30312055 0.30103278 0.30218536 0.30261005 0.30012691
0.35523600 0.35724754 0.35774428 0.35756885 0.35384337 0.35076816 0.35027991 0.35234137 0.35125958 0.34712172 0.34865485 0.34751356 0.35171563 0.35346933 0.35592817 0.35015578 0.35339633 0.35339823 0.35202016 0.35542346 0.35431910 0.35326800 0.35708758 0.35701848 0.35782839 0.35740109 0.36103027 0.35766526 0.35828684 0.35842736 0.35954778 0.36034223
0.40108439 0.40318647 0.40149579 0.40133868 0.40101347 0.39861859 0.39814280 0.39746783 0.39591208 0.39713964 0.39634084 0.39250332 0.39784968 0.39841691 0.39928319 0.39775216 0.39658351 0.40103690 0.39751805 0.39612443 0.40448120 0.40512703 0.40369363 0.40678048 0.40257446 0.40317970 0.40671513 0.41027900 0.40950515 0.40427036 0.40085104 0.40301678
0.43523592 0.42902954 0.43609900 0.42857216 0.43007299 0.42907840 0.42591818 0.42354625 0.42450685 0.42432727 0.42487429 0.42417113 0.42358757 0.42436641 0.42735530 0.43107136 0.42871195 0.43029340 0.42705238 0.42710177 0.43453364 0.43363677 0.43070812 0.43841437 0.43538593 0.43563080 0.43435657 0.43755214 0.43308776 0.43813584 0.43658632 0.43285779
0.43879856 0.44001866 0.43717015 0.43584099 0.43435967 0.43136440 0.43184439 0.43095157 0.43050662 0.43131513 0.43178859 0.43246945 0.43292693 0.43416706 0.43405252 0.43586084 0.43754336 0.43855379 0.43849528 0.44076957 0.44129203 0.44140435 0.44320977 0.44413287 0.44443009 0.44481147 0.44474959 0.44522392 0.44383211 0.44387522 0.44369142 0.44121452
0.42422886 0.42424167 0.42259638 0.41772952 0.41572216 0.41101719 0.41084943 0.41384058 0.41263843 0.41455332 0.41414641 0.41500906 0.41673808 0.42273559 0.42123641 0.42272857 0.42330016 0.42065181 0.42759315 0.42842852 0.42586698 0.43360169 0.42892237 0.42326472 0.43467870 0.42871435 0.42502870 0.42706443 0.43199020 0.43223571 0.43130396 0.42687274
0.39235418 0.38805884 0.38941258 0.38524884 0.37837227 0.38289618 0.37718218 0.37630652 0.37876652 0.37615578 0.37835319 0.38346816 0.38726061 0.38816961 0.38967933 0.38497223 0.39229804 0.38558259 0.39633541 0.39030295 0.39251865 0.39249804 0.39030135 0.39635940 0.39391190 0.40044813 0.39829123 0.39380094 0.39722753 0.39473136 0.39261759 0.39105465
0.34343430 0.33730223 0.33525911 0.33529936 0.32893871 0.32880135 0.33052090 0.33053681 0.33299237 0.33161055 0.33162814 0.33019772 0.33362626 0.33448489 0.34085550 0.33773697 0.33694087 0.33944365 0.33844480 0.34345911 0.34314982 0.34114430 0.34275556 0.34408559 0.34382489 0.34579035 0.34666852 0.34527601 0.34673278 0.34732462 0.34430150 0.34322330
0.28346085 0.28286796 0.27823093 0.27424400 0.27361126 0.27520760 0.27294618 0.27234281 0.27127306 0.27185925 0.27427772 0.27545168 0.27773173 0.27982783 0.27997060 0.28111907 0.28069838 0.28295525 0.28067974 0.28244812 0.28650180 0.28442556 0.28482575 0.28625004 0.28834170 0.28864665 0.28797395 0.28999633 0.28677150 0.28625867 0.28435144 0.28669812
0.22584620 0.22432064 0.22230944 0.22070378 0.21968447 0.21722923 0.21619207 0.21698725 0.21676921 0.21823824 0.21941248 0.22118537 0.21978639 0.22344576 0.22298684 0.22383103 0.22537746 0.22621142 0.22531685 0.22740501 0.22794889 0.22838780 0.22987136 0.23040016 0.22995473 0.23029435 0.23104344 0.22920883 0.22895226 0.23173039 0.23176709 0.22688208
0.17580266 0.17441896 0.17208487 0.17080074 0.16879193 0.16829834 0.16646672 0.16827802 0.16834577 0.16924400 0.16971214 0.16998120 0.17059321 0.17249170 0.17226439 0.17238811 0.17375477 0.17435197 0.17535179 0.17561239 0.17626794 0.17712307 0.17713274 0.17837303 0.17724839 0.17959191 0.17914585 0.18063620 0.18052411 0.18017546 0.17818682 0.17709037
0.13532303 0.13372396 0.13186604 0.13021574 0.12885163 0.12724512 0.12747186 0.12699128 0.12727554 0.12763652 0.12880721 0.12965446 0.13025649 0.13106006 0.13163660 0.13224801 0.13209983 0.13318651 0.13333813 0.13378676 0.13469501 0.13441043 0.13593785 0.13599009 0.13664375 0.13681012 0.13796190 0.13873605 0.13856663 0.13842221 0.13809541 0.13634381
0.10448194 0.10293884 0.10125346 0.09928091 0.09853953 0.09740815 0.09728110 0.09729588 0.09761891 0.09799467 0.09867094 0.09882163 0.09985003 0.10038752 0.10101547 0.10069424 0.10150707 0.10175700 0.10223044 0.10271440 0.10303753 0.10322840 0.10420285 0.10481516 0.10532708 0.10598307 0.10705558 0.10732766 0.10794761 0.10758843 0.10694831 0.10604785
0.08333850 0.08189793 0.08051183 0.07895107 0.07797785 0.07716203 0.07682903 0.07683121 0.07723231 0.07761393 0.07801285 0.07866881 0.07884332 0.07939581 0.07962060 0.07987945 0.08025736 0.08067413 0.08117516 0.08138462 0.08200206 0.08232465 0.08281104 0.08329607 0.08361339 0.08440913 0.08517900 0.08590054 0.08633731 0.08617665 0.08500551 0.08455956
0.07034538 0.06889382 0.06756391 0.06623733 0.06509393 0.06439465 0.06415193 0.06423506 0.06448819 0.06496549 0.06535378 0.06566375 0.06609262 0.06629246 0.06660161 0.06686603 0.06729454 0.06763214 0.06797692 0.06850922 0.06888741 0.06923553 0.06959399 0.07002249 0.07066320 0.07116358 0.07179818 0.07233418 0.07269998 0.07270437 0.07229935 0.07149677
0.06324228 0.06184294 0.06058584 0.05924049 0.05834348 0.05763047 0.05734687 0.05741553 0.05759747 0.05813336 0.05838460 0.05875606 0.05907370 0.05927258 0.05958430 0.05985710 0.06025333 0.06067050 0.06108805 0.06153725 0.06194962 0.06225803 0.06267385 0.06309408 0.06356146 0.06405918 0.06453015 0.06507988 0.06532809 0.06541652 0.06503167 0.06417151
0.06005592 0.05885169 0.05757673 0.05635490 0.05545636 0.05486094 0.05453860 0.05451229 0.05479090 0.05508528 0.05534762 0.05572149 0.05603428 0.05621589 0.05659317 0.05691146 0.05737667 0.05793770 0.05844885 0.05895934 0.05939958 0.05981852 0.06008492 0.06050503 0.06090044 0.06130725 0.06176266 0.06211106 0.06241164 0.06228788 0.06190944 0.06111284
0.05909149 0.05782067 0.05671709 0.05543311 0.05467382 0.05404731 0.05366901 0.05365334 0.05391892 0.05400491 0.05430054 0.05479408 0.05491899 0.05523407 0.05564912 0.05611559 0.05676652 0.05730727 0.05800780 0.05863570 0.05914811 0.05949674 0.05989202 0.06013956 0.06055434 0.06085781 0.06119842 0.06143627 0.06143452 0.06143445 0.06093144 0.06012688
0.05876336 0.05759303 0.05634749 0.05526563 0.05437968 0.05375336 0.05338936 0.05330635 0.05330562 0.05375397 0.05387070 0.05417072 0.05432233 0.05472574 0.05525395 0.05577956 0.05650688 0.05724589 0.05802922 0.05876802 0.05941905 0.05990038 0.06027842 0.06036316 0.06074347 0.06100416 0.06121492 0.06143211 0.06148286 0.06117719 0.06069809 0.05980268
