32 32 0.05094 0.55389
0.05696244 0.05602034 0.05516027 0.05433503 0.05371089 0.05334131 0.05322304 0.05303201 0.05315096 0.05329212 0.05336448 0.05351340 0.05352637 0.05379435 0.05415060 0.05456518 0.05506604 0.05582522 0.05652442 0.05712687 0.05749139 0.05775363 0.05809225 0.05826846 0.05842664 0.05858839 0.05869293 0.05872350 0.05882442 0.05875258 0.05825953 0.05768414
0.05665328 0.05580397 0.05492655 0.05407342 0.05347286 0.05308818 0.05281305 0.05252842 0.05256524 0.05271545 0.05295938 0.05293336 0.05290318 0.05304093 0.05344061 0.05396326 0.05469506 0.05538942 0.05602776 0.05684998 0.05730617 0.05766235 0.05802022 0.05812378 0.05819075 0.05844827 0.05849925 0.05855899 0.05850283 0.05837920 0.05800918 0.05734704
0.05633620 0.05553593 0.05468271 0.05400819 0.05330082 0.05270750 0.05245104 0.05194138 0.05212445 0.05198751 0.05205973 0.05194306 0.05213601 0.05235335 0.05274829 0.05319378 0.05395038 0.05455818 0.05554791 0.05634295 0.05687008 0.05738382 0.05767555 0.05777249 0.05786507 0.05807447 0.05810293 0.05816126 0.05814145 0.05793017 0.05762090 0.05691466
0.05595638 0.05518729 0.05433750 0.05365548 0.05285286 0.05239648 0.05204164 0.05176155 0.05153638 0.05142562 0.05135099 0.05126036 0.05135437 0.05154105 0.05195568 0.05256734 0.05330496 0.05411447 0.05500515 0.05602820 0.05647775 0.05695181 0.05720579 0.05736568 0.05747950 0.05760707 0.05763628 0.05771253 0.05770418 0.05746273 0.05714670 0.05666123
0.05599536 0.05524970 0.05448887 0.05368846 0.05304234 0.05249701 0.05203810 0.05165891 0.05140528 0.05120405 0.05109881 0.05093989 0.05103718 0.05119143 0.05162564 0.05221633 0.05302027 0.05392005 0.05481307 0.05561461 0.05638606 0.05673458 0.05716874 0.05730766 0.05741393 0.05751603 0.05758165 0.05770023 0.05755157 0.05737828 0.05702504 0.05649282
0.05789724 0.05724204 0.05650954 0.05574378 0.05510055 0.05453418 0.05394435 0.05353390 0.05315825 0.05287086 0.05262798 0.05258082 0.05259608 0.05281425 0.05322048 0.05380730 0.05463182 0.05546108 0.05631122 0.05723014 0.05785630 0.05844983 0.05880072 0.05900947 0.05911060 0.05919483 0.05926531 0.05922352 0.05919931 0.05909231 0.05877426 0.05846927
0.06406292 0.06334216 0.06276067 0.06205363 0.06122372 0.06062556 0.06004717 0.05949090 0.05904020 0.05869316 0.05852512 0.05842469 0.05844927 0.05865528 0.05902639 0.05960992 0.06049415 0.06123819 0.06218244 0.06300349 0.06376838 0.06424565 0.06460080 0.06498075 0.06498321 0.06516292 0.06508206 0.06514152 0.06503866 0.06509535 0.06486489 0.06444588
0.07720368 0.07675671 0.07613087 0.07541599 0.07456480 0.07386661 0.07316995 0.07280559 0.07226096 0.07175910 0.07155470 0.07136663 0.07140543 0.07164085 0.07204195 0.07277671 0.07332417 0.07402090 0.07498018 0.07577721 0.07655394 0.07713478 0.07732426 0.07768545 0.07792610 0.07782390 0.07812283 0.07815262 0.07823697 0.07799652 0.07795526 0.07722426
0.10031416 0.09938742 0.09931237 0.09835191 0.09769830 0.09708090 0.09623135 0.09554743 0.09531262 0.09465375 0.09432229 0.09425029 0.09413938 0.09435377 0.09461972 0.09528516 0.09554572 0.09661975 0.09700716 0.09791576 0.09877726 0.09943253 0.09981962 0.10012778 0.10017733 0.10066644 0.10066141 0.10077420 0.10061534 0.10060737 0.10065709 0.10076251
0.13486379 0.13536752 0.13370093 0.13362704 0.13338845 0.13241192 0.13156876 0.13114787 0.13138959 0.12984145 0.12934664 0.12960520 0.12854842 0.13023365 0.12961769 0.13015709 0.13001368 0.13154406 0.13219214 0.13316101 0.13402034 0.13430769 0.13449481 0.13532717 0.13556161 0.13563501 0.13570604 0.13573317 0.13627628 0.13593718 0.13564039 0.13593767
0.18556837 0.18356553 0.18437128 0.18438801 0.18235906 0.18231752 0.18147548 0.18108583 0.17999856 0.18049064 0.17879645 0.18037026 0.17859913 0.17958808 0.17892911 0.17878868 0.18060248 0.18135455 0.18244742 0.18244024 0.18247621 0.18375010 0.18346400 0.18423671 0.18467616 0.18511732 0.18426299 0.18496726 0.18536217 0.18500495 0.18593795 0.18442031
0.24913782 0.24882872 0.24840790 0.24932594 0.24952574 0.24637503 0.24668734 0.24507925 0.24511124 0.24455079 0.24312068 0.24307909 0.24223618 0.24495851 0.24388957 0.24673988 0.24400617 0.24635705 0.24693217 0.24614821 0.24757645 0.24745961 0.24584320 0.25067595 0.24917529 0.24790512 0.24920490 0.24917940 0.25066003 0.24922644 0.25086164 0.24952846
0.32662342 0.32609289 0.32414277 0.32613374 0.32309624 0.32179282 0.32126763 0.32192123 0.32152053 0.32087367 0.32051477 0.32129882 0.31799935 0.32079153 0.32307212 0.32198554 0.32222085 0.32061115 0.32211478 0.32285928 0.32278145 0.32553436 0.32267669 0.32488185 0.32165859 0.32494062 0.32429790 0.32387720 0.32508420 0.32554392 0.32436383 0.32605849
0.40483245 0.40833958 0.40920381 0.40225215 0.40906186 0.39912930 0.40420330 0.40281077 0.40331945 0.40302431 0.40001854 0.40413334 0.40271082 0.40330361 0.40196060 0.40381234 0.40214683 0.39861646 0.40567507 0.40712018 0.40485438 0.40546772 0.40457976 0.40969131 0.40717882 0.40449039 0.40590249 0.40853666 0.40608473 0.40727602 0.40819908 0.40455415
0.48249732 0.48636013 0.48848235 0.48890745 0.48411808 0.48044400 0.48032699 0.48372815 0.48322263 0.47731749 0.47972878 0.47831486 0.48491060 0.48654151 0.48993394 0.47973046 0.48393284 0.48302700 0.48055236 0.48511697 0.48218884 0.48054876 0.48588547 0.48533833 0.48609968 0.48464557 0.48995619 0.48499900 0.48571352 0.48589244 0.48826643 0.48954753
0.54669252 0.55127225 0.54965551 0.55089078 0.55053497 0.54703941 0.54758738 0.54728785 0.54559299 0.54730088 0.54675395 0.54159590 0.54838253 0.54926400 0.54953708 0.54627877 0.54440454 0.54898500 0.54305426 0.54061458 0.55065090 0.55280001 0.54947930 0.55528206 0.54733797 0.54653848 0.55318535 0.55811251 0.55678870 0.55044760 0.54486330 0.54839739
0.59454079 0.58757472 0.59866655 0.58864910 0.59017751 0.59056853 0.58640557 0.58294557 0.58550185 0.58579557 0.58672337 0.58504309 0.58389923 0.58414136 0.58786264 0.59141476 0.58742520 0.58887008 0.58295034 0.58428451 0.59192212 0.59053946 0.58661213 0.59732953 0.59218079 0.59152947 0.59035046 0.59405124 0.58894899 0.59611996 0.59435310 0.59004294
0.59827228 0.60205344 0.59910192 0.59829675 0.59640648 0.59272643 0.59439727 0.59373543 0.59209743 0.59302180 0.59476341 0.59543579 0.59530699 0.59650210 0.59522620 0.59701017 0.59842158 0.59861977 0.59683917 0.59937349 0.59946596 0.59917178 0.60090580 0.60221435 0.60260682 0.60322583 0.60346914 0.60482618 0.60171292 0.60265233 0.60326872 0.59998022
0.57803182 0.57844617 0.57747021 0.57201225 0.56940404 0.56398082 0.56419847 0.56879981 0.56699178 0.56988044 0.56890576 0.56906397 0.57020878 0.57788450 0.57473250 0.57634863 0.57558345 0.57135360 0.58029443 0.58137929 0.57624220 0.58579251 0.57932275 0.57255246 0.58805655 0.57866311 0.57318610 0.57700243 0.58319727 0.58417821 0.58480392 0.57983621
0.53119545 0.52702298 0.53032708 0.52529521 0.51661737 0.52326508 0.51537385 0.51529435 0.51790466 0.51327288 0.51625076 0.52299788 0.52741010 0.52873339 0.52921463 0.52121004 0.53138133 0.52015898 0.53514263 0.52503177 0.52821039 0.52675392 0.52395782 0.53224445 0.52818479 0.53790610 0.53471612 0.52921599 0.53378959 0.53094516 0.52873121 0.52799585
0.46223301 0.45430540 0.45311872 0.45410273 0.44555713 0.44660169 0.44907388 0.44979283 0.45289863 0.45026077 0.44997581 0.44640845 0.45080424 0.45158958 0.45974027 0.45398095 0.45168123 0.45427266 0.45200717 0.45808291 0.45686988 0.45374778 0.45585793 0.45813541 0.45676150 0.46015443 0.46096403 0.45878675 0.46159767 0.46364045 0.46027726 0.45993542
0.37654552 0.37711859 0.37199211 0.36697480 0.36695108 0.36978808 0.36715443 0.36624269 0.36433761 0.36455039 0.36751323 0.36866099 0.37116799 0.37314299 0.37259252 0.37322815 0.37161758 0.37388139 0.37001119 0.37174011 0.37719331 0.37412863 0.37428915 0.37624901 0.37906499 0.37926987 0.37807290 0.38129823 0.37702201 0.37721004 0.37503123 0.37977002
0.29463936 0.29353853 0.29206569 0.29079397 0.29032948 0.28723033 0.28599187 0.28702807 0.28645999 0.28836404 0.28929261 0.29124964 0.28855655 0.29299762 0.29168145 0.29216038 0.29354922 0.29396463 0.29217034 0.29463710 0.29497781 0.29535616 0.29726295 0.29770778 0.29683148 0.29711211 0.29802698 0.29547802 0.29517846 0.29980272 0.30079565 0.29493287
0.22353929 0.22278455 0.22053635 0.21972213 0.21755703 0.21737968 0.21498845 0.21766736 0.21753444 0.21845040 0.21864454 0.21847589 0.21875050 0.22086395 0.21997586 0.21948811 0.22086455 0.22115857 0.22215826 0.22213938 0.22273644 0.22365221 0.22340573 0.22494608 0.22344420 0.22599759 0.22532429 0.22720271 0.22712746 0.22702450 0.22486860 0.22427474
0.16599108 0.16474804 0.16318408 0.16178127 0.16050070 0.15859786 0.15926020 0.15851898 0.15887585 0.15921533 0.16028994 0.16120944 0.16160810 0.16225433 0.16265406 0.16297296 0.16236340 0.16343884 0.16341108 0.16368204 0.16469760 0.16408538 0.16590660 0.16576295 0.16642677 0.16628314 0.16747735 0.16840155 0.16812419 0.16812802 0.16821057 0.16652464
0.12208138 0.12085556 0.11942678 0.11741484 0.11711615 0.11597102 0.11605199 0.11611168 0.11651724 0.11685440 0.11748860 0.11744032 0.11846662 0.11892511 0.11941719 0.11872968 0.11942364 0.11947665 0.11983659 0.12027372 0.12053707 0.12057810 0.12163592 0.12220066 0.12254960 0.12311329 0.12422410 0.12422635 0.12494470 0.12464344 0.12411937 0.12357964
0.09195889 0.09080969 0.08965924 0.08827338 0.08755964 0.08691340 0.08669229 0.08682437 0.08736220 0.08776444 0.08814335 0.08869993 0.08868443 0.08921324 0.08924905 0.08935546 0.08961588 0.08991222 0.09039105 0.09040535 0.09106552 0.09123786 0.09167924 0.09206061 0.09215529 0.09280559 0.09350914 0.09414024 0.09457349 0.09441734 0.09331326 0.09302621
0.07346688 0.07222707 0.07115757 0.07002646 0.06907156 0.06857318 0.06853954 0.06874664 0.06909451 0.06960403 0.07010334 0.07027381 0.07066158 0.07067881 0.07090710 0.07101722 0.07139186 0.07159694 0.07186776 0.07231811 0.07261651 0.07284006 0.07306848 0.07333401 0.07382178 0.07406904 0.07461210 0.07501504 0.07538669 0.07535985 0.07509748 0.07443475
0.06328301 0.06211888 0.06109914 0.06002368 0.05934939 0.05885401 0.05879550 0.05900781 0.05923686 0.05983933 0.06013031 0.06045954 0.06072410 0.06077968 0.06092706 0.06111172 0.06143237 0.06173293 0.06205934 0.06241119 0.06271724 0.06291691 0.06315360 0.06340375 0.06370056 0.06401609 0.06434147 0.06476499 0.06494021 0.06509047 0.06478692 0.06409466
0.05875820 0.05776081 0.05676034 0.05579393 0.05516909 0.05486099 0.05475026 0.05483560 0.05523926 0.05554883 0.05581276 0.05609739 0.05634032 0.05639240 0.05662167 0.05683754 0.05718820 0.05764309 0.05805689 0.05844824 0.05877196 0.05903143 0.05914778 0.05938893 0.05959605 0.05984452 0.06013609 0.06038451 0.06062665 0.06056199 0.06028624 0.05961446
0.05741329 0.05639169 0.05557097 0.05455014 0.05405687 0.05369174 0.05351398 0.05365519 0.05398215 0.05413815 0.05440779 0.05478306 0.05478438 0.05497692 0.05524166 0.05555748 0.05606969 0.05648113 0.05704230 0.05752436 0.05785019 0.05803955 0.05824537 0.05834297 0.05857519 0.05877180 0.05904109 0.05922706 0.05918386 0.05926069 0.05888228 0.05822917
0.05708052 0.05616731 0.05519015 0.05440499 0.05380904 0.05342012 0.05328531 0.05336986 0.05349685 0.05387962 0.05384236 0.05409137 0.05409035 0.05435896 0.05468939 0.05502978 0.05547173 0.05614582 0.05676802 0.05730610 0.05776173 0.05804464 0.05828443 0.05817859 0.05846615 0.05866797 0.05880359 0.05903256 0.05913159 0.05894364 0.05861406 0.05790226
