32 32 0.053632 0.76633
0.05632797 0.05576934 0.05542849 0.05503205 0.05481475 0.05481112 0.05484343 0.05478684 0.05497731 0.05520053 0.05530158 0.05548966 0.05559612 0.05588711 0.05630518 0.05678255 0.05738862 0.05813364 0.05881221 0.05934822 0.05963893 0.05960918 0.05966325 0.05938929 0.05910928 0.05879862 0.05840491 0.05810018 0.05781879 0.05749035 0.05711224 0.05670287
0.05614667 0.05573227 0.05532668 0.05489861 0.05470747 0.05462930 0.05457222 0.05445802 0.05454100 0.05475002 0.05503485 0.05504304 0.05505853 0.05527172 0.05571116 0.05627973 0.05702570 0.05773873 0.05837653 0.05907392 0.05942241 0.05948093 0.05952612 0.05924029 0.05885091 0.05862206 0.05821419 0.05784008 0.05752364 0.05726613 0.05695081 0.05651255
0.05592284 0.05553956 0.05516029 0.05500442 0.05466086 0.05437292 0.05435766 0.05395738 0.05424926 0.05417016 0.05426987 0.05418744 0.05435546 0.05462354 0.05508321 0.05557468 0.05632472 0.05692638 0.05786705 0.05854301 0.05887251 0.05916350 0.05912935 0.05881689 0.05846648 0.05820363 0.05775207 0.05744854 0.05717255 0.05682902 0.05666129 0.05618086
0.05560944 0.05526264 0.05493576 0.05471560 0.05431599 0.05414716 0.05411352 0.05401728 0.05384590 0.05376780 0.05372226 0.05363247 0.05370655 0.05390651 0.05434091 0.05503312 0.05574757 0.05657000 0.05733381 0.05820473 0.05848204 0.05866078 0.05857887 0.05831555 0.05794471 0.05766203 0.05725954 0.05697112 0.05674282 0.05643523 0.05618499 0.05591854
0.05597361 0.05569972 0.05550148 0.05518987 0.05493720 0.05473832 0.05454063 0.05430977 0.05415422 0.05398563 0.05385546 0.05372328 0.05377853 0.05393376 0.05436904 0.05495524 0.05573974 0.05656328 0.05731275 0.05797638 0.05852762 0.05857561 0.05861733 0.05834705 0.05802249 0.05765354 0.05731775 0.05711690 0.05680647 0.05655688 0.05635324 0.05608906
0.05898533 0.05880084 0.05860547 0.05834300 0.05819261 0.05799927 0.05764081 0.05740448 0.05713061 0.05681827 0.05659656 0.05648513 0.05646966 0.05663632 0.05703181 0.05757059 0.05833873 0.05908800 0.05976425 0.06051887 0.06093184 0.06115987 0.06114319 0.06089189 0.06058029 0.06021784 0.05990709 0.05958960 0.05935724 0.05924890 0.05915126 0.05919939
0.06787444 0.06762918 0.06756246 0.06738522 0.06699339 0.06680491 0.06643943 0.06604146 0.06570013 0.06534442 0.06518510 0.06499615 0.06496950 0.06508349 0.06551810 0.06601506 0.06681775 0.06741002 0.06821768 0.06879535 0.06924910 0.06941092 0.06928009 0.06931501 0.06887788 0.06865911 0.06816063 0.06801569 0.06780777 0.06793326 0.06789791 0.06771656
0.08619844 0.08632978 0.08619881 0.08598121 0.08560747 0.08529804 0.08486088 0.08475652 0.08424158 0.08368065 0.08354350 0.08318913 0.08320698 0.08336727 0.08377631 0.08454693 0.08488496 0.08541359 0.08623265 0.08675220 0.08725285 0.08740023 0.08712975 0.08707246 0.08685032 0.08628245 0.08634606 0.08621268 0.08612061 0.08588054 0.08617525 0.08569472
0.11828645 0.11803108 0.11841752 0.11789908 0.11775451 0.11760204 0.11698257 0.11651122 0.11636748 0.11563045 0.11523203 0.11514853 0.11496834 0.11509675 0.11526809 0.11594783 0.11594575 0.11702378 0.11702780 0.11768559 0.11831448 0.11859015 0.11844278 0.11829570 0.11773853 0.11806220 0.11793054 0.11763469 0.11734113 0.11737504 0.11777064 0.11838329
0.16624527 0.16768432 0.16608084 0.16677106 0.16729098 0.16661460 0.16605291 0.16588937 0.16640254 0.16450981 0.16393974 0.16420473 0.16270464 0.16504020 0.16398384 0.16451847 0.16394057 0.16574429 0.16602346 0.16697203 0.16742688 0.16716291 0.16679445 0.16729500 0.16704581 0.16665901 0.16639421 0.16624259 0.16694795 0.16657062 0.16641062 0.16726241
0.23655417 0.23429639 0.23616230 0.23698869 0.23489448 0.23568838 0.23512055 0.23504835 0.23381862 0.23471058 0.23247118 0.23462094 0.23227061 0.23344657 0.23244259 0.23206228 0.23434230 0.23506081 0.23609456 0.23557672 0.23494470 0.23602855 0.23493813 0.23531580 0.23532657 0.23539675 0.23378448 0.23454194 0.23512835 0.23467394 0.23615732 0.23444230
0.32452586 0.32454162 0.32486182 0.32685231 0.32804450 0.32440851 0.32531599 0.32359842 0.32405004 0.32334933 0.32142560 0.32153898 0.32016800 0.32410266 0.32257330 0.32626811 0.32234506 0.32536390 0.32569313 0.32416780 0.32554549 0.32464821 0.32154866 0.32785585 0.32485296 0.32249020 0.32399983 0.32367343 0.32567904 0.32369572 0.32621546 0.32453093
0.43166673 0.43167995 0.42933849 0.43319258 0.42984071 0.42878373 0.42830446 0.42976253 0.42983038 0.42892928 0.42890946 0.43020186 0.42524186 0.42935070 0.43238574 0.43099810 0.43077013 0.42808816 0.43027237 0.43087226 0.42998247 0.43317228 0.42824313 0.43073817 0.42511484 0.42926317 0.42799340 0.42725228 0.42862564 0.42954160 0.42776148 0.43007438
0.54067815 0.54488604 0.54714658 0.53826178 0.54893535 0.53596634 0.54401958 0.54155944 0.54307095 0.54356262 0.53938679 0.54501472 0.54367661 0.54360484 0.54135788 0.54432306 0.54233481 0.53623073 0.54644735 0.54794683 0.54417936 0.54413031 0.54137065 0.54830867 0.54390040 0.53961698 0.54095734 0.54426864 0.54175523 0.54265532 0.54434986 0.53900422
0.64768694 0.65360308 0.65841000 0.65977403 0.65381316 0.64963074 0.65018398 0.65484843 0.65530326 0.64699153 0.65032015 0.64863407 0.65868216 0.65974893 0.66525910 0.64901428 0.65557122 0.65363634 0.65049128 0.65717425 0.65085177 0.64847572 0.65539936 0.65354223 0.65368337 0.65018977 0.65763390 0.65077887 0.65147194 0.65150661 0.65567798 0.65718499
0.73820981 0.74521136 0.74276815 0.74669347 0.74700005 0.74115569 0.74422251 0.74434853 0.74244073 0.74514012 0.74512312 0.73749355 0.74735379 0.74836084 0.74832615 0.74296118 0.74124220 0.74544546 0.73657362 0.73414704 0.74604007 0.74985364 0.74286253 0.75287672 0.73871084 0.73456276 0.74629086 0.75349118 0.75047973 0.74341897 0.73378113 0.73876121
0.80599038 0.79719911 0.81281863 0.80089676 0.80275739 0.80497226 0.79987753 0.79535466 0.79984501 0.80023032 0.80259896 0.79967152 0.79802529 0.79608384 0.80304527 0.80719886 0.80134551 0.80309597 0.79216335 0.79667428 0.80477977 0.80226654 0.79496214 0.81049098 0.80222981 0.79970424 0.79933593 0.80453418 0.79730731 0.80650036 0.80431792 0.79743016
0.81392043 0.81906368 0.81703089 0.81695245 0.81571086 0.81209222 0.81353283 0.81371568 0.81143969 0.81338075 0.81465803 0.81543116 0.81528092 0.81631258 0.81406199 0.81695174 0.81776071 0.81834816 0.81383438 0.81707876 0.81689221 0.81582651 0.81615252 0.81724570 0.81788057 0.81831642 0.81775272 0.81996741 0.81627509 0.81810651 0.81985179 0.81483355
0.78875621 0.78888598 0.78878192 0.78337898 0.77982320 0.77409487 0.77491126 0.78186744 0.77965089 0.78312864 0.78157618 0.78130983 0.78085992 0.79162257 0.78663480 0.78904380 0.78670256 0.78083830 0.79269617 0.79544808 0.78608571 0.79849725 0.78815345 0.77948575 0.79776909 0.78593101 0.77862729 0.78446892 0.79087462 0.79268068 0.79494037 0.79041540
0.72408354 0.72031910 0.72583262 0.71990466 0.70872954 0.71829781 0.70715003 0.70997194 0.71187830 0.70355461 0.70791428 0.71753868 0.72283236 0.72615421 0.72516354 0.71308522 0.72954575 0.71110104 0.73335191 0.71650489 0.72159549 0.71682962 0.71362844 0.72444612 0.71749826 0.73292084 0.72696762 0.72073375 0.72574867 0.72185626 0.71895252 0.71899691
0.63161112 0.61993388 0.62030937 0.62257946 0.61088013 0.61427196 0.61765574 0.61973477 0.62378374 0.61901087 0.61847603 0.61123962 0.61752413 0.61931436 0.63048537 0.62143692 0.61727523 0.62058980 0.61672562 0.62457580 0.62135329 0.61606962 0.61920784 0.62334359 0.61963297 0.62557350 0.62588064 0.62209029 0.62677513 0.63080692 0.62633921 0.62618748
0.51190645 0.51392664 0.50813850 0.50104365 0.50218690 0.50715505 0.50424297 0.50306121 0.49958784 0.49870696 0.50263766 0.50383147 0.50692037 0.50887315 0.50805343 0.50835134 0.50550437 0.50819247 0.50217641 0.50389542 0.51180810 0.50738925 0.50685990 0.50960231 0.51363361 0.51375123 0.51131526 0.51631842 0.51014972 0.51110496 0.50767962 0.51524530
0.39711391 0.39625173 0.39581855 0.39493706 0.39560515 0.39163678 0.39009679 0.39120359 0.38979180 0.39243812 0.39282515 0.39510855 0.39060835 0.39658956 0.39447625 0.39485476 0.39649847 0.39653502 0.39374685 0.39711704 0.39716420 0.39770137 0.39991049 0.40023935 0.39870508 0.39891208 0.40006918 0.39623660 0.39527010 0.40259129 0.40462988 0.39659067
0.29685445 0.29687998 0.29473784 0.29474364 0.29237201 0.29276593 0.28941370 0.29338284 0.29262940 0.29338520 0.29311741 0.29229568 0.29210297 0.29473061 0.29330869 0.29215748 0.29410114 0.29418563 0.29556079 0.29522049 0.29582531 0.29691369 0.29631531 0.29841926 0.29603920 0.29922967 0.29808538 0.30056828 0.30012238 0.30019479 0.29722227 0.29699837
0.21487896 0.21425021 0.21300923 0.21201008 0.21097038 0.20869912 0.20996667 0.20872311 0.20895098 0.20896986 0.20970255 0.21083273 0.21096491 0.21157124 0.21193629 0.21223213 0.21125642 0.21262106 0.21242403 0.21268917 0.21388423 0.21288264 0.21531826 0.21485797 0.21552508 0.21488625 0.21617012 0.21716026 0.21651780 0.21633338 0.21670193 0.21479267
0.15179372 0.15099923 0.14999848 0.14807163 0.14839852 0.14726644 0.14759085 0.14766274 0.14796616 0.14798758 0.14853347 0.14796081 0.14916628 0.14967753 0.15017728 0.14911383 0.15009416 0.15003348 0.15042017 0.15095373 0.15125200 0.15106032 0.15239943 0.15291006 0.15304245 0.15339967 0.15442447 0.15388028 0.15455633 0.15403147 0.15335321 0.15320796
0.10817593 0.10737854 0.10669601 0.10569287 0.10540863 0.10495534 0.10486138 0.10500258 0.10553369 0.10583458 0.10606083 0.10644728 0.10633076 0.10687844 0.10688415 0.10696284 0.10729686 0.10761598 0.10824995 0.10815107 0.10899317 0.10906555 0.10946743 0.10965965 0.10933446 0.10972228 0.11020509 0.11051794 0.11071837 0.11025636 0.10892328 0.10889611
0.08100487 0.08019196 0.07961653 0.07887770 0.07823276 0.07782403 0.07812161 0.07840221 0.07879430 0.07920195 0.07970779 0.07970227 0.08004898 0.08004805 0.08033055 0.08047185 0.08090630 0.08118871 0.08151839 0.08204762 0.08233215 0.08242464 0.08248694 0.08248149 0.08266783 0.08250110 0.08267622 0.08255830 0.08273887 0.08245818 0.08211597 0.08167230
0.06577187 0.06507743 0.06452541 0.06388139 0.06357666 0.06338014 0.06352872 0.06383823 0.06413039 0.06471715 0.06492319 0.06523306 0.06548385 0.06559340 0.06578137 0.06604487 0.06640501 0.06679220 0.06713876 0.06749334 0.06774535 0.06778401 0.06785792 0.06780876 0.06772470 0.06755326 0.06742033 0.06742972 0.06731552 0.06720344 0.06691427 0.06630284
0.05890390 0.05829877 0.05778724 0.05728327 0.05704014 0.05699290 0.05714156 0.05734187 0.05777796 0.05812391 0.05836002 0.05865856 0.05890757 0.05904286 0.05940000 0.05963237 0.06006125 0.06061265 0.06105215 0.06140754 0.06164867 0.06179445 0.06167746 0.06155216 0.06132258 0.06108712 0.06086667 0.06067441 0.06053653 0.06028960 0.05999149 0.05945386
0.05670729 0.05611359 0.05571638 0.05516066 0.05508481 0.05502336 0.05511538 0.05535599 0.05574834 0.05595281 0.05623033 0.05663295 0.05668585 0.05697008 0.05729091 0.05771993 0.05831510 0.05880531 0.05937193 0.05981619 0.06003856 0.06004308 0.05998887 0.05968521 0.05950502 0.05916755 0.05889519 0.05863113 0.05815014 0.05809495 0.05768911 0.05723318
0.05631117 0.05582457 0.05535251 0.05498599 0.05477769 0.05472428 0.05480180 0.05501654 0.05520252 0.05565696 0.05566254 0.05594715 0.05603363 0.05633279 0.05674319 0.05716081 0.05778157 0.05840619 0.05901621 0.05951937 0.05985696 0.05997111 0.05988153 0.05939424 0.05919880 0.05886512 0.05854466 0.05829068 0.05805543 0.05764713 0.05726553 0.05679769
