32 32 0.051838 1.059
0.05392200 0.05340998 0.05309699 0.05277670 0.05265668 0.05275796 0.05291655 0.05301736 0.05329953 0.05355627 0.05370509 0.05385160 0.05399290 0.05425540 0.05454069 0.05493464 0.05542409 0.05606960 0.05666802 0.05717138 0.05737367 0.05741382 0.05748179 0.05727391 0.05703105 0.05672886 0.05631988 0.05598656 0.05569224 0.05537533 0.05488429 0.05442461
0.05368312 0.05321898 0.05281883 0.05254146 0.05236671 0.05240991 0.05248372 0.05250367 0.05267956 0.05300265 0.05333497 0.05338710 0.05340836 0.05359638 0.05400520 0.05448758 0.05519320 0.05579872 0.05635969 0.05704627 0.05739632 0.05749734 0.05760608 0.05735075 0.05697500 0.05670020 0.05631894 0.05590728 0.05548514 0.05510928 0.05466261 0.05412885
0.05338307 0.05294157 0.05258402 0.05241822 0.05215599 0.05203226 0.05211423 0.05187461 0.05231435 0.05230802 0.05248574 0.05246084 0.05268475 0.05295032 0.05338288 0.05385713 0.05455639 0.05509474 0.05604667 0.05672036 0.05709164 0.05742784 0.05744886 0.05720185 0.05686262 0.05661252 0.05608772 0.05568253 0.05525965 0.05475736 0.05438610 0.05373597
0.05316736 0.05273023 0.05240144 0.05216399 0.05187922 0.05190558 0.05189707 0.05186186 0.05183783 0.05188031 0.05189092 0.05188035 0.05206200 0.05233968 0.05272760 0.05341086 0.05411306 0.05493105 0.05572460 0.05666480 0.05698873 0.05726036 0.05724681 0.05706315 0.05672786 0.05638094 0.05592297 0.05547696 0.05505169 0.05454237 0.05406268 0.05361727
0.05398962 0.05361944 0.05333352 0.05305746 0.05286250 0.05275520 0.05269490 0.05260517 0.05254513 0.05246583 0.05242667 0.05236320 0.05248113 0.05271085 0.05316297 0.05381486 0.05463813 0.05555104 0.05636166 0.05713716 0.05778888 0.05797779 0.05813238 0.05787549 0.05754926 0.05711642 0.05665933 0.05620254 0.05565330 0.05520856 0.05475752 0.05426332
0.05863565 0.05832693 0.05809733 0.05781165 0.05775809 0.05762822 0.05741392 0.05727505 0.05703343 0.05678857 0.05669179 0.05666480 0.05669515 0.05695021 0.05740742 0.05805159 0.05893071 0.05985260 0.06069791 0.06155224 0.06209457 0.06249055 0.06252727 0.06235705 0.06203254 0.06157831 0.06111654 0.06053987 0.06000018 0.05956819 0.05917579 0.05895262
0.07143199 0.07104059 0.07086135 0.07078655 0.07043991 0.07039461 0.07007080 0.06971984 0.06942517 0.06920281 0.06900018 0.06889214 0.06893745 0.06911232 0.06969381 0.07039621 0.07136519 0.07203532 0.07309935 0.07388321 0.07457299 0.07485274 0.07482999 0.07494857 0.07443062 0.07408936 0.07335888 0.07291348 0.07237924 0.07223030 0.07189156 0.07149965
0.09716583 0.09733408 0.09727427 0.09698360 0.09662538 0.09638644 0.09596130 0.09601332 0.09540510 0.09472213 0.09468873 0.09433647 0.09443757 0.09476454 0.09533539 0.09636036 0.09683876 0.09753424 0.09863172 0.09937498 0.10011710 0.10046506 0.10018734 0.10026687 0.09993905 0.09910606 0.09902474 0.09864601 0.09815592 0.09755841 0.09756238 0.09676148
0.14198329 0.14170976 0.14213153 0.14155916 0.14149242 0.14146717 0.14076171 0.14018394 0.14013609 0.13917924 0.13869535 0.13865545 0.13853358 0.13882877 0.13910128 0.14012552 0.14021154 0.14171928 0.14177016 0.14288113 0.14372664 0.14419164 0.14406489 0.14392322 0.14315638 0.14336681 0.14301944 0.14239543 0.14163618 0.14134336 0.14156705 0.14221899
0.20852997 0.21046006 0.20840510 0.20951512 0.21034083 0.20951135 0.20883275 0.20867906 0.20952750 0.20683628 0.20601106 0.20638523 0.20446140 0.20783070 0.20653738 0.20741828 0.20674064 0.20941803 0.20977082 0.21129939 0.21200469 0.21182236 0.21125543 0.21181142 0.21156484 0.21082035 0.21023249 0.20967363 0.21025911 0.20942128 0.20892256 0.20991427
0.30564418 0.30262934 0.30535949 0.30667596 0.30368460 0.30508426 0.30430459 0.30420986 0.30235012 0.30354251 0.30034452 0.30335865 0.30024319 0.30198495 0.30078947 0.30050766 0.30398024 0.30501453 0.30654102 0.30610284 0.30526509 0.30686678 0.30531125 0.30579544 0.30566387 0.30551902 0.30303310 0.30373037 0.30432521 0.30333474 0.30524662 0.30262179
0.42706994 0.42710279 0.42833855 0.43088767 0.43280615 0.42776480 0.42858682 0.42599740 0.42670630 0.42511619 0.42220898 0.42265264 0.42056407 0.42644910 0.42466703 0.43002348 0.42486393 0.42924146 0.42996945 0.42790439 0.42970089 0.42856589 0.42402092 0.43299031 0.42848119 0.42499720 0.42697101 0.42616614 0.42867755 0.42579668 0.42922786 0.42672297
0.57459816 0.57524072 0.57163101 0.57751223 0.57284724 0.57116019 0.56933762 0.57100617 0.57129764 0.56910416 0.56974971 0.57178664 0.56413310 0.57073870 0.57516473 0.57400762 0.57311509 0.56935140 0.57338451 0.57431796 0.57266432 0.57728155 0.56984322 0.57366405 0.56489462 0.57088856 0.56902186 0.56807614 0.56955654 0.57130081 0.56839862 0.57145178
0.72566224 0.72982129 0.73368416 0.72126561 0.73620721 0.71776887 0.72890350 0.72271251 0.72511816 0.72664283 0.72036110 0.72800951 0.72745233 0.72616375 0.72280618 0.72836065 0.72692906 0.71688241 0.73218628 0.73417973 0.72887484 0.72826692 0.72275549 0.73367936 0.72710399 0.72118833 0.72279071 0.72733812 0.72571290 0.72610588 0.72936315 0.72156230
0.87114524 0.87966646 0.88822892 0.88943008 0.88028286 0.87413867 0.87356005 0.87845628 0.88001184 0.86678250 0.87083918 0.86907858 0.88446474 0.88540826 0.89574664 0.86903126 0.88035340 0.87716445 0.87401911 0.88436527 0.87241854 0.87033226 0.88003274 0.87688188 0.87670478 0.87014144 0.88204905 0.87320368 0.87441365 0.87468512 0.88236776 0.88403065
0.99534611 1.00677415 1.00003528 1.00839523 1.00758085 0.99465544 1.00095258 0.99999213 0.99668338 1.00015152 1.00055674 0.99001975 1.00481138 1.00699441 1.00789754 0.99947784 0.99974749 1.00226706 0.99092543 0.98774052 1.00102147 1.00878616 0.99674258 1.01479254 0.99219423 0.98398654 1.00363536 1.01455852 1.01046425 1.00345136 0.98825251 0.99442768
1.09021826 1.07857275 1.10151313 1.08265609 1.08342088 1.08507410 1.07650434 1.06816658 1.07493496 1.07535868 1.07918470 1.07643545 1.07358097 1.07008953 1.08289743 1.08843442 1.08056639 1.08326992 1.06708550 1.07407213 1.08302784 1.07934662 1.06892804 1.09136973 1.07887208 1.07458863 1.07613913 1.08447651 1.07484181 1.08854302 1.08613771 1.07251454
1.10248486 1.11078926 1.10548415 1.10490086 1.10203560 1.09400101 1.09548184 1.09479580 1.08898440 1.09298121 1.09502652 1.09656007 1.09765148 1.10155918 1.09801322 1.10320626 1.10479864 1.10634147 1.09652921 1.10230013 1.10011709 1.09834294 1.09793921 1.09913782 1.09981389 1.10065119 1.10171087 1.10481829 1.10111487 1.10509695 1.11000807 1.09997983
1.06778834 1.06625108 1.06610943 1.05646839 1.05058274 1.04177272 1.04304479 1.05281654 1.04987181 1.05380795 1.05137546 1.05300009 1.05077716 1.06549671 1.06042943 1.06596494 1.06222629 1.05352363 1.07046472 1.07497612 1.05946672 1.07275138 1.05975058 1.05145332 1.07415767 1.05691658 1.04576979 1.05814461 1.06518217 1.06833429 1.07471068 1.07011221
0.97636155 0.97296794 0.98005042 0.97093633 0.95563623 0.96694592 0.94935582 0.95681191 0.95657009 0.94397277 0.94986970 0.96532974 0.97203470 0.98173126 0.97841787 0.96261818 0.98959648 0.96103839 0.99185620 0.96587912 0.97291788 0.96327370 0.96061248 0.97430259 0.96350779 0.98559697 0.97870838 0.97213712 0.97779306 0.97315528 0.96858806 0.96954272
0.85251913 0.83400964 0.83555186 0.83756104 0.82058705 0.82666291 0.82979618 0.83455870 0.83979524 0.83218313 0.83278839 0.82108995 0.83147713 0.83679073 0.85390877 0.84086488 0.83389492 0.83850036 0.83196710 0.84115281 0.83412545 0.82574351 0.83023868 0.83769375 0.82979810 0.84017954 0.83981073 0.83390034 0.84188880 0.84932382 0.84353305 0.84271774
0.68642015 0.68905627 0.68200022 0.67012917 0.67193621 0.67890260 0.67592610 0.67448147 0.66914588 0.66716385 0.67361543 0.67649888 0.68176342 0.68455597 0.68474255 0.68523865 0.68057631 0.68355903 0.67418632 0.67526746 0.68625057 0.67993331 0.67764038 0.68151147 0.68734532 0.68722558 0.68330447 0.69093851 0.68290924 0.68524953 0.67971059 0.69041749
0.52806860 0.52609663 0.52668857 0.52479853 0.52670401 0.52120583 0.51926699 0.52054526 0.51841204 0.52337494 0.52364375 0.52758519 0.52159935 0.53089521 0.52861468 0.52937048 0.53138246 0.53039212 0.52588204 0.53020772 0.52911770 0.52960051 0.53162703 0.53155560 0.52900265 0.52931220 0.53105891 0.52598351 0.52442442 0.53517541 0.53848206 0.52728132
0.38985124 0.39010056 0.38719761 0.38768577 0.38436451 0.38523896 0.38082046 0.38677068 0.38570243 0.38705502 0.38704421 0.38623984 0.38634865 0.39025952 0.38870845 0.38666417 0.38967155 0.38902137 0.39059247 0.38923483 0.38935793 0.39021180 0.38880728 0.39154478 0.38784513 0.39227884 0.39103904 0.39452534 0.39383300 0.39419060 0.39008917 0.39009343
0.27659165 0.27586806 0.27437159 0.27325181 0.27215317 0.26910416 0.27135524 0.26967894 0.27031458 0.27040581 0.27159797 0.27362319 0.27385581 0.27484372 0.27541274 0.27581976 0.27426698 0.27551938 0.27489590 0.27459110 0.27556245 0.27371377 0.27677080 0.27593401 0.27682819 0.27595503 0.27778682 0.27935904 0.27853671 0.27823229 0.27886639 0.27636449
0.18907613 0.18824192 0.18710572 0.18464541 0.18545679 0.18415213 0.18479585 0.18504738 0.18566927 0.18561146 0.18641612 0.18565513 0.18747848 0.18822315 0.18888081 0.18707124 0.18840124 0.18787585 0.18785575 0.18814284 0.18816620 0.18745632 0.18916982 0.18979163 0.19004122 0.19058427 0.19220234 0.19142923 0.19245508 0.19192137 0.19098215 0.19107019
0.12843107 0.12757022 0.12680093 0.12568851 0.12559158 0.12518901 0.12518926 0.12546637 0.12622188 0.12671192 0.12698120 0.12728474 0.12709234 0.12780389 0.12771260 0.12756978 0.12783324 0.12786839 0.12835580 0.12774074 0.12863711 0.12854042 0.12898797 0.12926260 0.12893061 0.12957382 0.13044591 0.13103719 0.13152873 0.13086651 0.12939333 0.12928564
0.09036613 0.08951395 0.08882422 0.08817592 0.08752343 0.08706586 0.08757335 0.08798878 0.08844186 0.08893933 0.08950797 0.08937903 0.08974533 0.08956441 0.08985889 0.08985697 0.09015811 0.09013008 0.09011887 0.09061957 0.09078844 0.09075571 0.09085261 0.09091755 0.09131877 0.09125115 0.09173339 0.09168258 0.09212206 0.09186177 0.09152950 0.09109195
0.06864537 0.06798720 0.06744640 0.06688058 0.06660417 0.06650481 0.06677497 0.06713646 0.06748009 0.06807630 0.06827373 0.06854043 0.06870523 0.06876808 0.06887935 0.06886320 0.06907802 0.06924804 0.06939592 0.06955952 0.06973367 0.06974517 0.06984746 0.06993221 0.06996977 0.06996339 0.06998565 0.07017767 0.07011608 0.07017790 0.06989577 0.06933875
0.05858599 0.05798667 0.05753197 0.05709115 0.05699263 0.05703579 0.05722269 0.05753651 0.05802686 0.05833400 0.05859468 0.05882540 0.05894488 0.05895658 0.05915173 0.05923562 0.05948980 0.05986128 0.06016042 0.06038849 0.06058670 0.06065305 0.06057886 0.06059488 0.06048463 0.06034042 0.06028410 0.06020169 0.06014701 0.05998771 0.05968068 0.05914545
0.05501937 0.05446433 0.05409903 0.05368359 0.05367154 0.05373815 0.05388817 0.05425014 0.05471679 0.05488181 0.05518358 0.05549006 0.05546254 0.05559919 0.05582805 0.05609726 0.05654483 0.05687182 0.05730460 0.05762447 0.05780430 0.05779884 0.05778745 0.05755206 0.05745830 0.05724686 0.05708315 0.05688991 0.05653494 0.05640299 0.05603253 0.05555204
0.05413219 0.05365787 0.05321322 0.05298721 0.05284680 0.05289068 0.05310616 0.05341207 0.05370934 0.05414806 0.05413410 0.05445865 0.05445290 0.05468274 0.05496627 0.05526721 0.05567138 0.05627043 0.05674657 0.05719318 0.05745210 0.05753496 0.05750281 0.05711904 0.05695464 0.05669554 0.05642376 0.05618939 0.05595270 0.05557294 0.05517711 0.05463533
