32 32 0.051745 1.3871
0.05483930 0.05435834 0.05405744 0.05364528 0.05342223 0.05333880 0.05339579 0.05334812 0.05349612 0.05366594 0.05370434 0.05379575 0.05375592 0.05393754 0.05408020 0.05439268 0.05472814 0.05533548 0.05588575 0.05635285 0.05657357 0.05661754 0.05682664 0.05671505 0.05664846 0.05649889 0.05631669 0.05618132 0.05605337 0.05591214 0.05558579 0.05522950
0.05454361 0.05408726 0.05366592 0.05326344 0.05299348 0.05293483 0.05287615 0.05273815 0.05281512 0.05303159 0.05317440 0.05324657 0.05314499 0.05322040 0.05353399 0.05392446 0.05450895 0.05506174 0.05553897 0.05624750 0.05657420 0.05669481 0.05682817 0.05670413 0.05647292 0.05644141 0.05618373 0.05599891 0.05576414 0.05560052 0.05530053 0.05496352
0.05418934 0.05373216 0.05331851 0.05308501 0.05273589 0.05246693 0.05241561 0.05201467 0.05235591 0.05224871 0.05236336 0.05227479 0.05242579 0.05259193 0.05288021 0.05327769 0.05388954 0.05434389 0.05524300 0.05586491 0.05617918 0.05656100 0.05663384 0.05645197 0.05626249 0.05617547 0.05583310 0.05565766 0.05545150 0.05516852 0.05491640 0.05448511
0.05395737 0.05350138 0.05318808 0.05285567 0.05241836 0.05231484 0.05211620 0.05196922 0.05186419 0.05179512 0.05180894 0.05174504 0.05184284 0.05200097 0.05233640 0.05290688 0.05354679 0.05425363 0.05497157 0.05584436 0.05611283 0.05640038 0.05643971 0.05630594 0.05611092 0.05592391 0.05564289 0.05543678 0.05525687 0.05493002 0.05466050 0.05434828
0.05534780 0.05488742 0.05456098 0.05418991 0.05380823 0.05353754 0.05331321 0.05309145 0.05291681 0.05279767 0.05275911 0.05266224 0.05277596 0.05293961 0.05337821 0.05393625 0.05466081 0.05544908 0.05616256 0.05685646 0.05746800 0.05760983 0.05774262 0.05758963 0.05736093 0.05710122 0.05687475 0.05653079 0.05633842 0.05614643 0.05586643 0.05555489
0.06159506 0.06125420 0.06088303 0.06044710 0.06014408 0.05986526 0.05947631 0.05921797 0.05890998 0.05864066 0.05861995 0.05863737 0.05870990 0.05896181 0.05938592 0.05989929 0.06068162 0.06149214 0.06218409 0.06301184 0.06343292 0.06382419 0.06384178 0.06378458 0.06351871 0.06321991 0.06301542 0.06266330 0.06240375 0.06218969 0.06197444 0.06188681
0.07821370 0.07772880 0.07738188 0.07705527 0.07643154 0.07619637 0.07569451 0.07523499 0.07493299 0.07480069 0.07466491 0.07467143 0.07479215 0.07501720 0.07557123 0.07622251 0.07705077 0.07753794 0.07847946 0.07913370 0.07972995 0.07995099 0.07984589 0.08015771 0.07972730 0.07962980 0.07904976 0.07892001 0.07865205 0.07880148 0.07861044 0.07829453
0.11143095 0.11149852 0.11118853 0.11053668 0.10987826 0.10937855 0.10873732 0.10882628 0.10820316 0.10756013 0.10787545 0.10749273 0.10770412 0.10810975 0.10872341 0.10978162 0.10997183 0.11037773 0.11137909 0.11197583 0.11263878 0.11291586 0.11261627 0.11281291 0.11271155 0.11208822 0.11234638 0.11225066 0.11208504 0.11167114 0.11194275 0.11106666
0.16920940 0.16866047 0.16874751 0.16762926 0.16717511 0.16701136 0.16601748 0.16542429 0.16553553 0.16462491 0.16436246 0.16459426 0.16462763 0.16494690 0.16515335 0.16614300 0.16588907 0.16730776 0.16696103 0.16786071 0.16882885 0.16934129 0.16923654 0.16925703 0.16858647 0.16929957 0.16955896 0.16906602 0.16842243 0.16845824 0.16887327 0.16965319
0.25488337 0.25701235 0.25392134 0.25479407 0.25561585 0.25422137 0.25333343 0.25327642 0.25468743 0.25167546 0.25096703 0.25176923 0.24952568 0.25388169 0.25206381 0.25285637 0.25150130 0.25449562 0.25444342 0.25619374 0.25692531 0.25660660 0.25601759 0.25700765 0.25720244 0.25672369 0.25643582 0.25622014 0.25737956 0.25662684 0.25594357 0.25708351
0.38006779 0.37555585 0.37845957 0.37953652 0.37515298 0.37697931 0.37600738 0.37620103 0.37414249 0.37652554 0.37260246 0.37675842 0.37309962 0.37514284 0.37345605 0.37272652 0.37674186 0.37747882 0.37887107 0.37829244 0.37707179 0.37925770 0.37747636 0.37852874 0.37884633 0.37923727 0.37656070 0.37793114 0.37920945 0.37800298 0.38030616 0.37656421
0.53668997 0.53566403 0.53706804 0.53950631 0.54173509 0.53518692 0.53614712 0.53321340 0.53499413 0.53297209 0.52958434 0.53101062 0.52794188 0.53576774 0.53327598 0.53936475 0.53229068 0.53747059 0.53799783 0.53519700 0.53745858 0.53633729 0.53094828 0.54341281 0.53770103 0.53387087 0.53727607 0.53658091 0.53985687 0.53637937 0.54049290 0.53658747
0.72707418 0.72761421 0.72140386 0.72892205 0.72268700 0.72044173 0.71722738 0.71995337 0.72170139 0.71865671 0.72123881 0.72445170 0.71349537 0.72250905 0.72747162 0.72597442 0.72303772 0.71710945 0.72318540 0.72437755 0.72207709 0.72888424 0.71928051 0.72557809 0.71390743 0.72290751 0.72119784 0.72069810 0.72217716 0.72503737 0.71998903 0.72274420
0.92434446 0.92606661 0.93106615 0.91453771 0.93416144 0.91056706 0.92596648 0.91558109 0.92047620 0.92471587 0.91680403 0.92662144 0.92739252 0.92302712 0.91722538 0.92480824 0.92341176 0.90721451 0.92861860 0.93118224 0.92496125 0.92447215 0.91629289 0.93327912 0.92522442 0.91849069 0.92071123 0.92671571 0.92722927 0.92557564 0.92998719 0.91782300
1.11168283 1.12190240 1.13500063 1.13593745 1.12303119 1.11540030 1.11473445 1.12064540 1.12534613 1.10753852 1.11273330 1.11105200 1.13266017 1.13101221 1.14623728 1.10493201 1.12096938 1.11548020 1.11291347 1.12858121 1.11018067 1.10988060 1.12470948 1.12113407 1.12153856 1.11184312 1.12920363 1.11847446 1.11934449 1.11885854 1.12978647 1.12969736
1.27527742 1.29101406 1.27839733 1.29308656 1.29061659 1.26881621 1.28235753 1.28143815 1.27800215 1.28329520 1.28480378 1.27082062 1.29082089 1.29225894 1.29222292 1.27838042 1.28056580 1.28010210 1.26578309 1.26416455 1.27758890 1.29428807 1.27643959 1.30732158 1.27424494 1.26021507 1.29137046 1.30652396 1.29908479 1.29205701 1.26792921 1.27193422
1.40582993 1.38804029 1.42074983 1.39340682 1.39266975 1.39779208 1.38507834 1.37247920 1.38461956 1.38597715 1.39285164 1.38780169 1.38292497 1.37670534 1.39391409 1.39930667 1.38723285 1.39075501 1.36923128 1.38075316 1.39185347 1.38909271 1.37651609 1.40972383 1.39324888 1.38568137 1.38931536 1.40243948 1.38794141 1.40466280 1.40005712 1.37736883
1.42913328 1.43622105 1.42951970 1.42787113 1.42550010 1.41666888 1.41726313 1.41613383 1.40868087 1.41497922 1.41631967 1.41808114 1.41888218 1.42487971 1.41686608 1.42380897 1.42457971 1.42724938 1.41570760 1.42242642 1.42211804 1.42202513 1.42242022 1.42213933 1.42680227 1.42822035 1.42793652 1.43197137 1.42721652 1.43277784 1.43881480 1.42223906
1.38862734 1.38381224 1.38350240 1.37112150 1.36222186 1.35218148 1.35508985 1.36936941 1.36542129 1.37117733 1.36698574 1.36917744 1.36120759 1.38017424 1.37349520 1.38105453 1.37457593 1.36578069 1.38636883 1.39661512 1.37550414 1.38996842 1.37784016 1.37181337 1.40059190 1.37680280 1.36231135 1.37999491 1.38514647 1.38786993 1.39823393 1.39254491
1.27174094 1.26945336 1.27748437 1.26597554 1.24881607 1.26028241 1.23709205 1.25282243 1.24794092 1.22986117 1.23723708 1.25805457 1.26481002 1.28148681 1.27320001 1.25278287 1.29440237 1.25193166 1.29497042 1.25865108 1.27067375 1.25617943 1.25744709 1.27520667 1.25984936 1.29301419 1.28118446 1.27399550 1.27743580 1.27132062 1.26235500 1.26319601
1.11984014 1.09055132 1.09537255 1.09708909 1.07429263 1.08591204 1.08810586 1.09782846 1.10493464 1.09178004 1.09369842 1.07187615 1.08808181 1.09823826 1.12302440 1.10264425 1.09152945 1.09833975 1.08939901 1.10175578 1.09061177 1.08058880 1.08860992 1.10285264 1.08825548 1.10590611 1.10247338 1.09218564 1.10339565 1.11431672 1.10575115 1.10290265
0.90212049 0.90611631 0.89868914 0.87938595 0.88296422 0.89316559 0.89127835 0.88923813 0.88092790 0.87632958 0.88532699 0.88969134 0.89676828 0.89921505 0.90071772 0.90075513 0.89360185 0.89745593 0.88498323 0.88629521 0.90345076 0.89681475 0.89283652 0.89905166 0.90755328 0.90656939 0.89922881 0.90998487 0.89815813 0.90173639 0.89216069 0.90639748
0.69451000 0.69116302 0.69459358 0.69110718 0.69585168 0.68823435 0.68567770 0.68657604 0.68268260 0.69064254 0.68967820 0.69498415 0.68634208 0.69945203 0.69687737 0.69807747 0.70055841 0.69866776 0.69306389 0.70026668 0.69871368 0.70048898 0.70240673 0.70226347 0.69818871 0.69809997 0.69990373 0.69214440 0.68841742 0.70377740 0.70871101 0.69311267
0.51218782 0.51345883 0.50992274 0.51174637 0.50689316 0.50858094 0.50226059 0.51075220 0.50854437 0.51011756 0.50992711 0.50862529 0.50853232 0.51357309 0.51207358 0.50853406 0.51364634 0.51245302 0.51536688 0.51351900 0.51388846 0.51518118 0.51311431 0.51683531 0.51131342 0.51641241 0.51452076 0.51867851 0.51678071 0.51739019 0.51152338 0.51202434
0.36111376 0.36072733 0.35935775 0.35833130 0.35741760 0.35296137 0.35626017 0.35334301 0.35425754 0.35397244 0.35552244 0.35822294 0.35851431 0.35979660 0.36064999 0.36123057 0.35930501 0.36090273 0.36050351 0.36014747 0.36143663 0.35898467 0.36320938 0.36167418 0.36254217 0.36075251 0.36262088 0.36437204 0.36288019 0.36214103 0.36314148 0.36021049
0.24305345 0.24254220 0.24148544 0.23836093 0.23988781 0.23799192 0.23893713 0.23910999 0.23975828 0.23928483 0.24031494 0.23907486 0.24156239 0.24258682 0.24349370 0.24075740 0.24299900 0.24227883 0.24226517 0.24284438 0.24298332 0.24166895 0.24415313 0.24480075 0.24476826 0.24512870 0.24689462 0.24531909 0.24650868 0.24581361 0.24471967 0.24528970
0.16050408 0.15973218 0.15912594 0.15790704 0.15791663 0.15731336 0.15716227 0.15739199 0.15806635 0.15856460 0.15881093 0.15902165 0.15871401 0.15959468 0.15943196 0.15924416 0.15967939 0.15964031 0.16046014 0.15958111 0.16085395 0.16071759 0.16128366 0.16153844 0.16083490 0.16142970 0.16230835 0.16290449 0.16342668 0.16262020 0.16101800 0.16111264
0.10784484 0.10706894 0.10649855 0.10582537 0.10497754 0.10431334 0.10474878 0.10508182 0.10545381 0.10584405 0.10654018 0.10615657 0.10658066 0.10629574 0.10660174 0.10650643 0.10690991 0.10684094 0.10681452 0.10750800 0.10776452 0.10769027 0.10786868 0.10787346 0.10833590 0.10805621 0.10865146 0.10851540 0.10914061 0.10887770 0.10868754 0.10842235
0.07718928 0.07666800 0.07615205 0.07550773 0.07513550 0.07486222 0.07501879 0.07523094 0.07554300 0.07601822 0.07612859 0.07640607 0.07650735 0.07649100 0.07663811 0.07641468 0.07663653 0.07672786 0.07686199 0.07701545 0.07727814 0.07730158 0.07747281 0.07762532 0.07769592 0.07768665 0.07774945 0.07800576 0.07805583 0.07829847 0.07822673 0.07774412
0.06241008 0.06186818 0.06144211 0.06101677 0.06077462 0.06074919 0.06073463 0.06089183 0.06128863 0.06151250 0.06168352 0.06179799 0.06183050 0.06172887 0.06184009 0.06181133 0.06193856 0.06230408 0.06258244 0.06282645 0.06307420 0.06319492 0.06315360 0.06321274 0.06320687 0.06313838 0.06317982 0.06327339 0.06332477 0.06330333 0.06323093 0.06283969
0.05678241 0.05631644 0.05592636 0.05543104 0.05538133 0.05525793 0.05531958 0.05551650 0.05579838 0.05590242 0.05607332 0.05627682 0.05613600 0.05617888 0.05627938 0.05641957 0.05675758 0.05702812 0.05738752 0.05771394 0.05793110 0.05797075 0.05803966 0.05793886 0.05792565 0.05784386 0.05784801 0.05784625 0.05762332 0.05772267 0.05748555 0.05716020
0.05522268 0.05478503 0.05431138 0.05401363 0.05376951 0.05371806 0.05375757 0.05392294 0.05407864 0.05440704 0.05435295 0.05445772 0.05438806 0.05446056 0.05467752 0.05483824 0.05513009 0.05564406 0.05610493 0.05651741 0.05682070 0.05690263 0.05702022 0.05670852 0.05671907 0.05662364 0.05652378 0.05650141 0.05650189 0.05628241 0.05606597 0.05563496
