32 32 0.051838 1.3051
0.05454574 0.05384792 0.05344176 0.05300559 0.05275851 0.05268999 0.05289003 0.05292666 0.05322729 0.05356155 0.05375374 0.05401409 0.05417782 0.05457942 0.05489806 0.05538701 0.05595971 0.05668188 0.05735664 0.05792153 0.05820367 0.05826327 0.05845795 0.05834100 0.05813448 0.05786714 0.05752841 0.05720627 0.05681362 0.05633771 0.05580310 0.05519066
0.05432848 0.05371003 0.05316189 0.05274788 0.05249217 0.05245695 0.05248039 0.05245199 0.05263565 0.05297213 0.05336251 0.05348607 0.05356408 0.05380396 0.05430602 0.05487553 0.05564193 0.05634610 0.05697777 0.05775938 0.05818562 0.05834356 0.05848454 0.05835504 0.05804510 0.05783245 0.05747126 0.05706749 0.05661732 0.05614677 0.05559020 0.05493536
0.05406430 0.05343624 0.05294484 0.05263007 0.05233098 0.05208292 0.05218133 0.05183837 0.05231543 0.05237390 0.05255786 0.05263660 0.05288849 0.05319882 0.05361980 0.05423487 0.05498987 0.05563533 0.05665606 0.05740876 0.05787024 0.05826692 0.05835211 0.05820967 0.05791468 0.05769795 0.05720533 0.05683024 0.05636902 0.05578108 0.05528741 0.05459515
0.05387026 0.05328083 0.05284300 0.05248768 0.05216424 0.05207164 0.05198369 0.05197396 0.05200295 0.05209023 0.05214906 0.05215749 0.05236770 0.05262299 0.05310515 0.05385932 0.05468247 0.05555706 0.05639737 0.05741700 0.05781263 0.05817319 0.05825533 0.05810629 0.05781401 0.05754779 0.05711763 0.05664664 0.05622147 0.05560647 0.05505698 0.05449210
0.05517007 0.05455620 0.05418030 0.05379131 0.05354885 0.05339946 0.05332255 0.05324708 0.05318551 0.05318675 0.05321693 0.05321179 0.05340079 0.05364410 0.05416569 0.05486639 0.05574973 0.05669349 0.05757075 0.05841473 0.05914114 0.05935738 0.05950518 0.05935331 0.05905875 0.05867332 0.05825829 0.05769395 0.05720720 0.05670623 0.05613883 0.05555248
0.06099662 0.06054637 0.06018238 0.05981091 0.05966141 0.05954990 0.05936418 0.05931355 0.05909115 0.05891824 0.05896210 0.05902569 0.05917300 0.05948686 0.06001039 0.06061232 0.06152575 0.06249998 0.06335454 0.06426926 0.06486440 0.06526897 0.06535175 0.06520203 0.06486831 0.06444162 0.06400934 0.06332999 0.06284126 0.06233183 0.06186048 0.06145645
0.07668227 0.07609443 0.07578919 0.07562964 0.07517992 0.07516654 0.07490442 0.07466401 0.07453978 0.07454912 0.07439029 0.07449983 0.07465863 0.07490756 0.07552756 0.07620163 0.07720421 0.07781895 0.07889441 0.07969289 0.08039026 0.08064349 0.08058220 0.08080118 0.08026427 0.07998776 0.07917934 0.07874765 0.07821421 0.07796928 0.07750679 0.07693798
0.10805688 0.10802698 0.10777432 0.10736148 0.10691832 0.10670626 0.10639747 0.10673910 0.10630139 0.10580395 0.10613607 0.10588529 0.10617421 0.10658135 0.10723653 0.10833556 0.10867418 0.10924288 0.11031480 0.11102928 0.11175391 0.11206778 0.11176324 0.11189003 0.11155773 0.11065712 0.11066035 0.11025064 0.10971487 0.10896735 0.10891371 0.10783551
0.16260444 0.16205868 0.16221739 0.16135436 0.16123736 0.16135357 0.16073532 0.16042078 0.16080797 0.16010534 0.15996606 0.16025816 0.16033722 0.16072984 0.16100717 0.16207056 0.16188130 0.16343006 0.16319192 0.16419909 0.16515482 0.16565574 0.16546776 0.16532758 0.16448809 0.16484237 0.16463715 0.16389082 0.16293868 0.16253668 0.16264955 0.16313167
0.24354551 0.24548635 0.24271952 0.24380540 0.24486318 0.24393496 0.24346253 0.24373498 0.24538614 0.24269718 0.24216270 0.24307977 0.24107084 0.24526476 0.24361194 0.24446849 0.24325374 0.24627287 0.24629799 0.24802365 0.24870440 0.24832146 0.24769025 0.24846093 0.24832220 0.24749888 0.24684204 0.24625365 0.24694978 0.24581101 0.24486949 0.24570220
0.36180511 0.35751716 0.36044406 0.36176444 0.35800165 0.36007294 0.35953943 0.36007315 0.35846442 0.36089980 0.35746569 0.36158247 0.35818752 0.36028912 0.35878702 0.35818604 0.36211119 0.36276173 0.36428743 0.36373856 0.36256358 0.36453301 0.36264544 0.36338452 0.36336305 0.36334266 0.36041224 0.36126745 0.36203509 0.36052622 0.36238914 0.35857952
0.50975884 0.50885956 0.51027469 0.51291294 0.51534560 0.50957548 0.51089179 0.50852320 0.51053267 0.50900645 0.50611461 0.50758166 0.50495927 0.51245716 0.51024107 0.51617235 0.50948964 0.51445047 0.51497801 0.51225127 0.51430714 0.51309156 0.50776023 0.51914213 0.51350066 0.50948181 0.51226044 0.51114962 0.51383218 0.51014261 0.51371605 0.50988576
0.68960274 0.68998596 0.68445514 0.69174582 0.68617122 0.68447814 0.68212980 0.68509537 0.68702323 0.68472249 0.68726201 0.69049047 0.68068153 0.68919967 0.69411948 0.69261505 0.69004995 0.68453739 0.68994876 0.69099984 0.68872297 0.69489041 0.68563423 0.69122267 0.67993544 0.68797615 0.68588904 0.68491685 0.68607230 0.68820470 0.68336072 0.68586769
0.87535693 0.87761747 0.88231861 0.86706074 0.88567873 0.86387732 0.87874789 0.87012578 0.87498571 0.87908657 0.87211195 0.88186729 0.88247002 0.87910004 0.87383910 0.88076569 0.87907960 0.86417796 0.88386440 0.88605715 0.87991125 0.87925884 0.87157646 0.88692423 0.87904799 0.87226951 0.87403531 0.87937123 0.87894614 0.87744304 0.88112919 0.86981405
1.05228860 1.06194788 1.07351715 1.07510507 1.06342637 1.05664724 1.05664020 1.06307469 1.06756335 1.05177031 1.05735151 1.05599679 1.07661255 1.07527610 1.08909472 1.05128370 1.06581574 1.06055014 1.05735644 1.07147140 1.05435265 1.05343425 1.06696119 1.06329459 1.06339922 1.05437176 1.07018204 1.05947622 1.06008207 1.05944476 1.06917476 1.06921264
1.20617664 1.22029415 1.20946471 1.22259399 1.22088179 1.20188971 1.21440840 1.21429695 1.21179368 1.21735610 1.21940124 1.20681283 1.22525660 1.22719268 1.22721191 1.21419684 1.21533161 1.21519177 1.20027994 1.19839511 1.21151089 1.22583764 1.20926586 1.23653792 1.20621078 1.19360750 1.22167795 1.23512373 1.22861502 1.22134841 1.19875202 1.20409469
1.32702078 1.31071970 1.34120199 1.31623108 1.31622024 1.32111767 1.31045335 1.29988854 1.31171946 1.31346012 1.32090197 1.31662700 1.31235187 1.30683666 1.32196897 1.32665779 1.31518339 1.31772056 1.29706088 1.30675907 1.31691779 1.31374695 1.30170301 1.33177983 1.31639107 1.30976223 1.31252000 1.32446820 1.31073765 1.32644518 1.32201803 1.30152825
1.34747970 1.35458629 1.34846933 1.34772159 1.34522866 1.33736553 1.33934039 1.33920335 1.33470444 1.33992598 1.34212365 1.34428759 1.34520803 1.34989501 1.34285585 1.34874018 1.34867492 1.35041409 1.33829025 1.34419390 1.34297649 1.34239591 1.34237288 1.34236605 1.34610749 1.34740989 1.34800844 1.35171948 1.34636213 1.35115564 1.35698619 1.34126794
1.30790322 1.30406847 1.30410778 1.29324972 1.28615177 1.27629139 1.27973279 1.29347627 1.29080616 1.29690843 1.29358949 1.29622042 1.28977137 1.30740433 1.29997502 1.30644017 1.29948102 1.29013012 1.30955125 1.31680038 1.29689557 1.31116473 1.29856572 1.29177307 1.32029494 1.29708131 1.28271797 1.29961787 1.30515414 1.30799982 1.31713392 1.31100668
1.19736878 1.19486827 1.20283212 1.19237994 1.17670179 1.18822517 1.16741276 1.18165894 1.17906274 1.16310293 1.17042769 1.19005306 1.19666257 1.21083234 1.20373094 1.18318378 1.22026466 1.17995204 1.21975793 1.18541029 1.19608157 1.18266929 1.18299238 1.19976042 1.18567542 1.21468182 1.20558142 1.19840532 1.20210260 1.19644158 1.18872414 1.18924485
1.05269170 1.02628273 1.03030810 1.03241928 1.01155554 1.02218405 1.02527040 1.03417133 1.04172636 1.03036154 1.03229453 1.01324259 1.02778597 1.03608973 1.05830865 1.03889384 1.02808753 1.03365140 1.02466273 1.03592218 1.02577498 1.01606487 1.02318685 1.03573496 1.02324587 1.03914302 1.03666288 1.02759605 1.03785411 1.04775988 1.03984369 1.03750049
0.84802327 0.85172387 0.84451852 0.82732728 0.83078378 0.84058238 0.83878416 0.83734890 0.83021387 0.82676769 0.83524542 0.83918524 0.84555885 0.84767554 0.84817192 0.84765236 0.84052794 0.84363911 0.83160673 0.83265826 0.84788366 0.84140429 0.83807877 0.84384737 0.85196941 0.85134444 0.84511931 0.85508896 0.84426851 0.84750836 0.83883791 0.85220621
0.65285967 0.64989079 0.65272187 0.64988024 0.65409301 0.64717590 0.64509567 0.64641853 0.64331516 0.65065069 0.65018697 0.65502639 0.64684990 0.65848171 0.65540731 0.65593272 0.65791157 0.65583169 0.65020862 0.65644010 0.65506191 0.65660876 0.65877551 0.65890906 0.65546407 0.65569585 0.65764869 0.65068154 0.64747535 0.66171192 0.66617895 0.65162936
0.48164951 0.48268020 0.47934886 0.48091156 0.47659366 0.47828555 0.47267610 0.48067195 0.47899882 0.48063498 0.48048437 0.47923756 0.47898552 0.48342692 0.48145667 0.47798488 0.48207581 0.48078893 0.48313557 0.48142648 0.48176597 0.48306624 0.48134710 0.48506975 0.48009345 0.48537932 0.48378021 0.48783851 0.48625560 0.48681177 0.48134227 0.48164129
0.34004042 0.33952837 0.33813188 0.33714833 0.33626845 0.33230536 0.33551499 0.33302380 0.33403679 0.33386348 0.33539847 0.33783120 0.33796655 0.33893676 0.33943483 0.33966196 0.33765293 0.33899727 0.33843794 0.33808368 0.33941652 0.33722416 0.34134393 0.34014538 0.34126498 0.33981104 0.34173449 0.34347021 0.34217741 0.34145869 0.34228539 0.33935343
0.22954860 0.22887653 0.22777868 0.22479730 0.22625057 0.22461482 0.22559851 0.22594904 0.22667629 0.22644681 0.22746042 0.22628893 0.22857175 0.22938589 0.23003505 0.22743713 0.22919219 0.22850114 0.22847355 0.22898875 0.22918034 0.22811963 0.23055171 0.23130615 0.23147200 0.23196326 0.23377039 0.23235186 0.23345773 0.23272519 0.23152268 0.23182144
0.15236712 0.15150413 0.15076924 0.14960226 0.14962759 0.14914931 0.14914835 0.14951544 0.15037846 0.15094088 0.15129575 0.15159134 0.15127749 0.15212240 0.15192552 0.15169729 0.15199102 0.15199225 0.15270167 0.15195393 0.15315372 0.15315305 0.15377475 0.15410321 0.15355209 0.15418049 0.15506198 0.15553889 0.15596584 0.15505778 0.15334131 0.15319110
0.10330315 0.10237655 0.10172479 0.10101085 0.10024187 0.09965679 0.10026525 0.10075201 0.10127981 0.10187840 0.10257408 0.10242842 0.10291534 0.10269841 0.10303074 0.10297910 0.10336003 0.10332939 0.10339128 0.10403237 0.10437274 0.10430439 0.10444994 0.10451581 0.10504018 0.10474629 0.10526634 0.10500622 0.10543823 0.10501793 0.10458291 0.10408359
0.07485076 0.07414858 0.07353174 0.07285742 0.07252601 0.07235077 0.07264837 0.07302717 0.07350531 0.07414460 0.07444465 0.07482574 0.07506859 0.07522619 0.07537738 0.07535749 0.07565344 0.07582417 0.07600729 0.07623761 0.07649742 0.07655143 0.07672521 0.07686094 0.07690932 0.07680727 0.07676775 0.07688926 0.07669404 0.07668879 0.07633618 0.07561778
0.06126022 0.06052945 0.05999003 0.05947713 0.05929417 0.05928327 0.05947360 0.05977934 0.06034709 0.06076320 0.06110670 0.06142924 0.06163527 0.06168758 0.06195287 0.06211699 0.06239136 0.06285108 0.06321231 0.06351033 0.06376165 0.06389161 0.06382522 0.06389496 0.06380539 0.06362082 0.06352059 0.06338858 0.06323829 0.06297168 0.06262442 0.06193449
0.05616337 0.05552480 0.05502034 0.05446473 0.05437216 0.05437054 0.05453964 0.05484817 0.05529071 0.05557857 0.05600608 0.05636413 0.05643058 0.05669550 0.05696398 0.05730704 0.05782443 0.05822987 0.05869282 0.05908701 0.05932525 0.05935117 0.05941150 0.05927684 0.05916624 0.05895418 0.05877228 0.05858346 0.05808752 0.05791770 0.05741246 0.05680310
0.05482476 0.05419006 0.05360238 0.05320289 0.05303433 0.05301524 0.05314821 0.05341985 0.05369963 0.05425673 0.05438103 0.05470650 0.05483673 0.05513454 0.05552578 0.05588614 0.05640606 0.05702864 0.05757486 0.05811318 0.05840832 0.05856488 0.05858196 0.05821346 0.05816039 0.05791851 0.05766955 0.05739146 0.05709780 0.05665914 0.05614315 0.05546621
