32 32 0.051805 1.2448
0.05532725 0.05474037 0.05428979 0.05383976 0.05350746 0.05334960 0.05338056 0.05331313 0.05342378 0.05363381 0.05371410 0.05387635 0.05395502 0.05425443 0.05454299 0.05500290 0.05555376 0.05621570 0.05685752 0.05736194 0.05763011 0.05765232 0.05778029 0.05765363 0.05752765 0.05737040 0.05718237 0.05697537 0.05682281 0.05662393 0.05625771 0.05588246
0.05494851 0.05441485 0.05388161 0.05344571 0.05316887 0.05295201 0.05283534 0.05266744 0.05280437 0.05299680 0.05331957 0.05333328 0.05335931 0.05354859 0.05402521 0.05453608 0.05523944 0.05591536 0.05647115 0.05716751 0.05753752 0.05755769 0.05770281 0.05752221 0.05723874 0.05714933 0.05688054 0.05667553 0.05641735 0.05619831 0.05586759 0.05546487
0.05448942 0.05399082 0.05350299 0.05322764 0.05279626 0.05245815 0.05237738 0.05199932 0.05231498 0.05226421 0.05240583 0.05237223 0.05263933 0.05296442 0.05340061 0.05391232 0.05462452 0.05523064 0.05611251 0.05674776 0.05705729 0.05737952 0.05739483 0.05716966 0.05690988 0.05678996 0.05640267 0.05622288 0.05598457 0.05566439 0.05540722 0.05487537
0.05417226 0.05367754 0.05326685 0.05291449 0.05239787 0.05226749 0.05205459 0.05194405 0.05183537 0.05180537 0.05185881 0.05188270 0.05209225 0.05240311 0.05276943 0.05355417 0.05427203 0.05508531 0.05579890 0.05664705 0.05689834 0.05711487 0.05707862 0.05688169 0.05660722 0.05638500 0.05603582 0.05580305 0.05561322 0.05526045 0.05496224 0.05460383
0.05523318 0.05478177 0.05445732 0.05397909 0.05364540 0.05339027 0.05312675 0.05291949 0.05277567 0.05268669 0.05267669 0.05267660 0.05293027 0.05319301 0.05371151 0.05438731 0.05518753 0.05603870 0.05677624 0.05741933 0.05796991 0.05799463 0.05804787 0.05782929 0.05750941 0.05717265 0.05690262 0.05651884 0.05633943 0.05607664 0.05576804 0.05543503
0.06064917 0.06032702 0.06003559 0.05960907 0.05934662 0.05909290 0.05871841 0.05848126 0.05819708 0.05797545 0.05794961 0.05803591 0.05822312 0.05856985 0.05914637 0.05972896 0.06058014 0.06141881 0.06206768 0.06282232 0.06317243 0.06345371 0.06339556 0.06315861 0.06279743 0.06242663 0.06211605 0.06172612 0.06139813 0.06121431 0.06101476 0.06089706
0.07557434 0.07517620 0.07491839 0.07467790 0.07414235 0.07392919 0.07347066 0.07303753 0.07278101 0.07262379 0.07253797 0.07263301 0.07284020 0.07318580 0.07382289 0.07450414 0.07543430 0.07595616 0.07683039 0.07739228 0.07786023 0.07792303 0.07771744 0.07782151 0.07727118 0.07702989 0.07632894 0.07615414 0.07588500 0.07597479 0.07580509 0.07554019
0.10550620 0.10568055 0.10554275 0.10504167 0.10450345 0.10408863 0.10352260 0.10362811 0.10302451 0.10241659 0.10268116 0.10248580 0.10279302 0.10330899 0.10398691 0.10506567 0.10538658 0.10579823 0.10671881 0.10718863 0.10768982 0.10769738 0.10731412 0.10728886 0.10693709 0.10614296 0.10623334 0.10603186 0.10584076 0.10544009 0.10576235 0.10497264
0.15762179 0.15733652 0.15756012 0.15676252 0.15649678 0.15636346 0.15549676 0.15492690 0.15506040 0.15422644 0.15402574 0.15432023 0.15447020 0.15493784 0.15529702 0.15632758 0.15620101 0.15750977 0.15712271 0.15788977 0.15855144 0.15879627 0.15842971 0.15815867 0.15729666 0.15766796 0.15758054 0.15711618 0.15651024 0.15648703 0.15698779 0.15785426
0.23497466 0.23717634 0.23460143 0.23566884 0.23653608 0.23539818 0.23462429 0.23456763 0.23584159 0.23312364 0.23254440 0.23340019 0.23149992 0.23568098 0.23414711 0.23501104 0.23390688 0.23656781 0.23642497 0.23782697 0.23825327 0.23769798 0.23676512 0.23735251 0.23712535 0.23639335 0.23590521 0.23558527 0.23660632 0.23591703 0.23547877 0.23671748
0.34806253 0.34435586 0.34728006 0.34855724 0.34479865 0.34650652 0.34567955 0.34583004 0.34400290 0.34614221 0.34271825 0.34661191 0.34346218 0.34561284 0.34421954 0.34365402 0.34736277 0.34789510 0.34916208 0.34830337 0.34685974 0.34844190 0.34642922 0.34690604 0.34679460 0.34683310 0.34417410 0.34527200 0.34635492 0.34538285 0.34771332 0.34457560
0.48950181 0.48909001 0.49047165 0.49311402 0.49530477 0.48945810 0.49043400 0.48776211 0.48926349 0.48771129 0.48484528 0.48616576 0.48378835 0.49095321 0.48889218 0.49466561 0.48820329 0.49276439 0.49303544 0.49011249 0.49175714 0.49020710 0.48487796 0.49541178 0.49000012 0.48619551 0.48894080 0.48823980 0.49125454 0.48820707 0.49216388 0.48912044
0.66140317 0.66216556 0.65720850 0.66410965 0.65863339 0.65669516 0.65423635 0.65666317 0.65799755 0.65566279 0.65774415 0.66079637 0.65158748 0.65973256 0.66455465 0.66303948 0.66078034 0.65539135 0.66011020 0.66070087 0.65824651 0.66361858 0.65464930 0.65953737 0.64899557 0.65650442 0.65470633 0.65406033 0.65567627 0.65817437 0.65431568 0.65745713
0.83864371 0.84175219 0.84636505 0.83173387 0.84936028 0.82807732 0.84168845 0.83357588 0.83756948 0.84093333 0.83412857 0.84347750 0.84386987 0.84108244 0.83640444 0.84282052 0.84093830 0.82707489 0.84520313 0.84695249 0.84062916 0.83967017 0.83234673 0.84637917 0.83884837 0.83237956 0.83436661 0.83980820 0.83947517 0.83891692 0.84301254 0.83308123
1.00799783 1.01766786 1.02860060 1.03013554 1.01883396 1.01188186 1.01143281 1.01733962 1.02086565 1.00551744 1.01071009 1.00927108 1.02886286 1.02793024 1.04069641 1.00598841 1.01933801 1.01431119 1.01074350 1.02338584 1.00749120 1.00590917 1.01806748 1.01455973 1.01472607 1.00637829 1.02141744 1.01154635 1.01273512 1.01282316 1.02253460 1.02355304
1.15494358 1.16842168 1.15877989 1.17060279 1.16893002 1.15141099 1.16175167 1.16118119 1.15818270 1.16298209 1.16452008 1.15241052 1.17000818 1.17198691 1.17217674 1.16046044 1.16114594 1.16139793 1.14719034 1.14495987 1.15750116 1.16981536 1.15427100 1.17959458 1.15093928 1.13942826 1.16579191 1.17893048 1.17352523 1.16667337 1.14640471 1.15252769
1.26935959 1.25472154 1.28305840 1.25951198 1.25964454 1.26286294 1.25275007 1.24235032 1.25254747 1.25375475 1.26003388 1.25628178 1.25232994 1.24714767 1.26198213 1.26707938 1.25601105 1.25835377 1.23921255 1.24754708 1.25693248 1.25359386 1.24203173 1.27021939 1.25550654 1.24984950 1.25233091 1.26359871 1.25150322 1.26725047 1.26365045 1.24499307
1.28795449 1.29525444 1.28952577 1.28872706 1.28583193 1.27745221 1.27919313 1.27855766 1.27237680 1.27791599 1.27992644 1.28182365 1.28280244 1.28721477 1.28120653 1.28667304 1.28708618 1.28846213 1.27667860 1.28246059 1.28095952 1.27974087 1.28000654 1.28035510 1.28337010 1.28491928 1.28558973 1.29024383 1.28502585 1.28986625 1.29659035 1.28240758
1.24955364 1.24652243 1.24649655 1.23594921 1.22834306 1.21872414 1.22164090 1.23360434 1.23062413 1.23593638 1.23247134 1.23475004 1.22934997 1.24606663 1.23932026 1.24540787 1.23922097 1.23009410 1.24885097 1.25428801 1.23651444 1.25035360 1.23795399 1.23065968 1.25843569 1.23649298 1.22378000 1.23922792 1.24550329 1.24870941 1.25755312 1.25203368
1.14388656 1.14121012 1.14889494 1.13863334 1.12220546 1.13386401 1.11391500 1.12606351 1.12357936 1.10831982 1.11515551 1.13321638 1.13988495 1.15262823 1.14639938 1.12721212 1.16155263 1.12416831 1.16177272 1.12964307 1.13950006 1.12732797 1.12694461 1.14280889 1.12989747 1.15756858 1.14876300 1.14220236 1.14659741 1.14154671 1.13502098 1.13591989
1.00452048 0.97990961 0.98330065 0.98527384 0.96509952 0.97444406 0.97723005 0.98473360 0.99129112 0.98078698 0.98203583 0.96440179 0.97805257 0.98541537 1.00569108 0.98842826 0.97865912 0.98401415 0.97579250 0.98663771 0.97750696 0.96827038 0.97486369 0.98622338 0.97507267 0.98948001 0.98773350 0.97980955 0.98970673 0.99919572 0.99209443 0.99040033
0.80925092 0.81271927 0.80545399 0.78958263 0.79247259 0.80131517 0.79893285 0.79722996 0.79033371 0.78704980 0.79475162 0.79816869 0.80408867 0.80629471 0.80658782 0.80633608 0.79988502 0.80304347 0.79180339 0.79294614 0.80733244 0.80097677 0.79812124 0.80347476 0.81104999 0.81069682 0.80521236 0.81470287 0.80481476 0.80803094 0.80041698 0.81332759
0.62325218 0.62048836 0.62274358 0.62007333 0.62344871 0.61679407 0.61455446 0.61572485 0.61263695 0.61913284 0.61860395 0.62305985 0.61522459 0.62618183 0.62323457 0.62381081 0.62578222 0.62414029 0.61890429 0.62477209 0.62364854 0.62505188 0.62731357 0.62746968 0.62435388 0.62468013 0.62667458 0.62034212 0.61775453 0.63127005 0.63554586 0.62203993
0.46023837 0.46108684 0.45774783 0.45896247 0.45477566 0.45611119 0.45067366 0.45801138 0.45628377 0.45767469 0.45736033 0.45599503 0.45566242 0.45990906 0.45801269 0.45490739 0.45872437 0.45771240 0.45998348 0.45850635 0.45893049 0.46023648 0.45873470 0.46225380 0.45778845 0.46281606 0.46135006 0.46540028 0.46420727 0.46485155 0.45994086 0.46019645
0.32567393 0.32509494 0.32360783 0.32247348 0.32145135 0.31757933 0.32038406 0.31799315 0.31872656 0.31842821 0.31973513 0.32190664 0.32190727 0.32280241 0.32325677 0.32356410 0.32167510 0.32311249 0.32268065 0.32248228 0.32387420 0.32187587 0.32579781 0.32475480 0.32581994 0.32460893 0.32660448 0.32841522 0.32734066 0.32692172 0.32783085 0.32511804
0.22093677 0.22017667 0.21898820 0.21600857 0.21721150 0.21555250 0.21629836 0.21646984 0.21700522 0.21669502 0.21746604 0.21611575 0.21828165 0.21904073 0.21963472 0.21718710 0.21893918 0.21840334 0.21850183 0.21910878 0.21935396 0.21851430 0.22082522 0.22161805 0.22184493 0.22239762 0.22426080 0.22313326 0.22432349 0.22378106 0.22279451 0.22310035
0.14779320 0.14692479 0.14618739 0.14488594 0.14472973 0.14414763 0.14399884 0.14420719 0.14485353 0.14530733 0.14544223 0.14563521 0.14519378 0.14591968 0.14570811 0.14550439 0.14587742 0.14597337 0.14678382 0.14615756 0.14745471 0.14749029 0.14814470 0.14851652 0.14807251 0.14880529 0.14975928 0.15040422 0.15101721 0.15027245 0.14870278 0.14864885
0.10151294 0.10057678 0.09983177 0.09901245 0.09817337 0.09745910 0.09790435 0.09825038 0.09858748 0.09895448 0.09947878 0.09920377 0.09954217 0.09923725 0.09952542 0.09949499 0.09992175 0.10000119 0.10010694 0.10087226 0.10124389 0.10129456 0.10151513 0.10165068 0.10219809 0.10200652 0.10265106 0.10261730 0.10317644 0.10290696 0.10267154 0.10224555
0.07471842 0.07400070 0.07336876 0.07255287 0.07210862 0.07182425 0.07193950 0.07217324 0.07241444 0.07295290 0.07303882 0.07328624 0.07334884 0.07340563 0.07352956 0.07346503 0.07380356 0.07405879 0.07431516 0.07463818 0.07497590 0.07508679 0.07530114 0.07549139 0.07560292 0.07565385 0.07573370 0.07602548 0.07601976 0.07617344 0.07598821 0.07537968
0.06191167 0.06124522 0.06065787 0.06005466 0.05975982 0.05962752 0.05963692 0.05979310 0.06017717 0.06040868 0.06058848 0.06070760 0.06076974 0.06076464 0.06096298 0.06108795 0.06142412 0.06190506 0.06232811 0.06269010 0.06296934 0.06317418 0.06317208 0.06326254 0.06323480 0.06314440 0.06323337 0.06329129 0.06330942 0.06323780 0.06305254 0.06251132
0.05710930 0.05650295 0.05601829 0.05534333 0.05519182 0.05503387 0.05504826 0.05521006 0.05548954 0.05558255 0.05579006 0.05606240 0.05600435 0.05616523 0.05635983 0.05667326 0.05718777 0.05763041 0.05812058 0.05853936 0.05881724 0.05889696 0.05896253 0.05884412 0.05881050 0.05870873 0.05869001 0.05866386 0.05847042 0.05842993 0.05810392 0.05765232
0.05572995 0.05517047 0.05458851 0.05418315 0.05385727 0.05372291 0.05371637 0.05385366 0.05397576 0.05436398 0.05432368 0.05451162 0.05454264 0.05475295 0.05508994 0.05542117 0.05582040 0.05652783 0.05707215 0.05761353 0.05791448 0.05807752 0.05806014 0.05771860 0.05773098 0.05759095 0.05751487 0.05741381 0.05731858 0.05707525 0.05677709 0.05626259
