32 32 0.050478 1.1726
0.05312482 0.05265895 0.05236102 0.05199467 0.05182792 0.05184651 0.05193283 0.05199852 0.05216221 0.05245456 0.05259211 0.05273399 0.05285229 0.05303774 0.05328684 0.05366063 0.05411093 0.05464765 0.05512963 0.05549271 0.05556131 0.05540418 0.05539608 0.05517902 0.05488595 0.05467883 0.05441426 0.05429149 0.05419412 0.05405919 0.05378462 0.05348818
0.05283869 0.05241367 0.05201135 0.05160587 0.05142717 0.05139719 0.05136326 0.05130693 0.05146012 0.05174442 0.05202964 0.05209858 0.05212698 0.05226666 0.05268121 0.05313459 0.05375269 0.05433702 0.05478922 0.05535344 0.05557208 0.05549540 0.05544764 0.05516074 0.05480368 0.05463745 0.05436888 0.05415157 0.05395105 0.05379179 0.05354760 0.05321634
0.05251835 0.05210528 0.05174226 0.05140941 0.05117934 0.05090876 0.05092220 0.05056772 0.05095438 0.05098548 0.05111591 0.05108521 0.05133905 0.05158464 0.05202760 0.05250288 0.05315527 0.05365852 0.05449898 0.05501988 0.05522995 0.05542849 0.05532655 0.05503359 0.05471648 0.05450604 0.05411693 0.05393741 0.05373346 0.05345662 0.05325080 0.05291080
0.05235909 0.05195758 0.05160046 0.05126973 0.05088254 0.05080430 0.05061845 0.05054644 0.05047784 0.05053315 0.05050907 0.05053798 0.05071630 0.05099297 0.05146729 0.05209709 0.05281157 0.05357539 0.05423908 0.05504489 0.05518944 0.05532756 0.05521962 0.05493891 0.05461209 0.05435113 0.05400039 0.05380751 0.05361440 0.05329016 0.05302824 0.05274239
0.05350626 0.05312707 0.05279399 0.05243521 0.05207980 0.05186144 0.05164339 0.05144791 0.05132066 0.05123518 0.05124163 0.05119190 0.05132528 0.05167063 0.05221399 0.05285188 0.05364122 0.05447732 0.05518841 0.05580039 0.05624519 0.05627773 0.05627274 0.05597962 0.05564513 0.05527590 0.05498890 0.05477698 0.05447717 0.05423212 0.05396468 0.05364222
0.05875191 0.05842855 0.05815488 0.05775361 0.05754920 0.05735277 0.05695955 0.05666547 0.05638101 0.05614712 0.05612047 0.05621551 0.05633475 0.05666944 0.05724069 0.05782342 0.05870295 0.05951543 0.06015560 0.06085760 0.06117021 0.06140951 0.06129716 0.06106226 0.06070697 0.06032496 0.06004455 0.05972413 0.05936580 0.05923062 0.05904208 0.05904718
0.07290190 0.07256178 0.07234046 0.07207861 0.07157173 0.07138522 0.07088634 0.07047626 0.07015161 0.07001000 0.06981224 0.06989442 0.07007311 0.07039611 0.07100517 0.07170665 0.07260131 0.07316858 0.07402633 0.07457185 0.07501777 0.07505598 0.07483556 0.07489359 0.07435696 0.07413085 0.07353248 0.07334733 0.07307689 0.07321660 0.07309165 0.07287225
0.10125566 0.10142083 0.10129361 0.10088125 0.10031819 0.09989631 0.09932792 0.09938066 0.09873262 0.09811181 0.09838018 0.09806904 0.09833890 0.09875538 0.09943831 0.10050347 0.10082162 0.10128964 0.10213285 0.10260272 0.10306548 0.10305220 0.10265090 0.10260570 0.10227325 0.10153043 0.10166183 0.10157581 0.10138320 0.10108294 0.10140233 0.10077203
0.15043377 0.15014428 0.15052932 0.14972421 0.14944851 0.14932933 0.14844392 0.14785862 0.14791383 0.14704740 0.14679403 0.14701134 0.14708610 0.14749072 0.14781090 0.14880041 0.14864244 0.14993615 0.14956816 0.15025195 0.15084999 0.15104607 0.15067086 0.15040156 0.14960238 0.14998920 0.14993045 0.14957708 0.14905345 0.14917752 0.14970369 0.15054628
0.22342478 0.22559729 0.22326631 0.22424688 0.22504493 0.22401234 0.22320908 0.22310091 0.22424080 0.22154423 0.22088537 0.22163843 0.21985062 0.22363992 0.22216061 0.22293669 0.22187479 0.22438549 0.22425760 0.22541511 0.22579493 0.22511828 0.22426151 0.22477052 0.22455996 0.22393583 0.22359126 0.22338693 0.22442914 0.22393629 0.22364825 0.22495214
0.33013657 0.32678455 0.32963649 0.33090986 0.32741050 0.32890881 0.32805196 0.32811248 0.32630179 0.32806614 0.32488663 0.32845927 0.32536416 0.32730709 0.32595379 0.32538681 0.32874551 0.32930166 0.33036122 0.32937909 0.32791702 0.32929468 0.32731772 0.32775233 0.32766071 0.32776612 0.32541532 0.32658891 0.32775782 0.32705773 0.32940642 0.32670510
0.46360402 0.46348389 0.46470872 0.46742338 0.46936051 0.46377291 0.46471733 0.46208072 0.46329008 0.46181773 0.45898939 0.46005608 0.45778288 0.46436256 0.46229788 0.46758070 0.46147766 0.46565074 0.46574833 0.46286416 0.46427623 0.46263731 0.45757714 0.46734731 0.46232661 0.45889270 0.46159800 0.46115800 0.46428820 0.46165792 0.46569116 0.46312745
0.62593213 0.62670994 0.62237055 0.62882112 0.62358093 0.62167983 0.61947279 0.62160237 0.62252462 0.62033241 0.62193136 0.62454490 0.61598311 0.62336357 0.62779833 0.62617513 0.62410670 0.61905975 0.62305366 0.62340194 0.62094346 0.62575466 0.61729651 0.62168686 0.61205019 0.61919906 0.61772695 0.61734662 0.61933621 0.62187457 0.61877947 0.62217072
0.79299025 0.79673787 0.80101985 0.78722585 0.80362615 0.78345481 0.79596605 0.78869847 0.79203348 0.79477844 0.78815253 0.79677225 0.79671788 0.79436342 0.78992821 0.79563583 0.79350034 0.78061292 0.79727559 0.79868543 0.79245490 0.79142629 0.78477925 0.79752202 0.79067447 0.78481592 0.78706512 0.79264992 0.79222738 0.79254643 0.79664679 0.78787127
0.95341313 0.96269037 0.97256721 0.97372448 0.96335904 0.95653152 0.95595986 0.96151296 0.96423679 0.94975122 0.95451778 0.95299785 0.97069016 0.97033742 0.98136110 0.94961742 0.96170824 0.95689292 0.95297502 0.96431029 0.94980365 0.94777438 0.95891026 0.95572177 0.95607576 0.94897478 0.96324032 0.95437885 0.95612284 0.95693578 0.96607339 0.96760453
1.09192709 1.10454122 1.09580017 1.10636171 1.10477024 1.08896863 1.09751529 1.09684679 1.09361661 1.09780930 1.09893367 1.08733351 1.10333496 1.10527320 1.10517937 1.09445074 1.09423862 1.09476741 1.08144235 1.07799545 1.09125208 1.10139589 1.08727989 1.10972707 1.08413039 1.07493406 1.09896208 1.11228127 1.10768760 1.10112131 1.08362490 1.08984329
1.19908798 1.18562384 1.21162127 1.18980468 1.19001937 1.19237123 1.18283609 1.17331068 1.18191856 1.18297797 1.18743552 1.18438515 1.18053527 1.17566269 1.18926453 1.19402155 1.18355254 1.18555355 1.16704008 1.17466455 1.18362615 1.18011047 1.16873060 1.19572866 1.18227982 1.17785065 1.18031056 1.19127856 1.18051151 1.19621704 1.19377192 1.17745922
1.21591302 1.22299370 1.21751817 1.21673791 1.21369723 1.20436114 1.20655949 1.20581743 1.19909136 1.20450387 1.20642480 1.20799488 1.20872710 1.21252826 1.20705946 1.21166544 1.21207728 1.21302177 1.20152872 1.20715212 1.20514826 1.20398375 1.20421251 1.20529512 1.20808277 1.20963852 1.21141333 1.21616861 1.21241356 1.21715861 1.22304946 1.21110775
1.17873173 1.17643117 1.17620895 1.16595493 1.15803490 1.14884247 1.15109351 1.16197605 1.15943032 1.16379068 1.16081742 1.16243821 1.15796232 1.17369620 1.16704523 1.17251273 1.16663955 1.15724817 1.17481635 1.18010924 1.16298752 1.17628867 1.16438989 1.15738279 1.18344587 1.16414485 1.15213904 1.16720852 1.17444757 1.17818747 1.18619459 1.18135828
1.07900965 1.07582070 1.08294981 1.07311585 1.05694390 1.06839479 1.04905105 1.05924627 1.05755275 1.04318254 1.04979711 1.06654811 1.07292444 1.08400680 1.07872743 1.06028847 1.09171005 1.05732739 1.09153887 1.06215832 1.07081109 1.06003886 1.05893326 1.07429252 1.06281889 1.08869777 1.08106523 1.07499867 1.08048018 1.07581894 1.07037911 1.07154208
0.94553916 0.92328940 0.92580827 0.92756453 0.90848241 0.91616251 0.91903056 0.92521972 0.93100738 0.92181139 0.92273665 0.90714227 0.91947657 0.92582502 0.94447789 0.92866059 0.91981977 0.92457824 0.91691682 0.92719046 0.91884379 0.91016896 0.91618012 0.92634339 0.91689632 0.93002803 0.92931590 0.92260149 0.93189492 0.94081148 0.93435886 0.93316520
0.76156675 0.76466873 0.75734598 0.74287014 0.74512272 0.75306214 0.75023539 0.74843453 0.74219926 0.73932702 0.74649076 0.74957931 0.75510880 0.75740944 0.75751838 0.75733791 0.75146332 0.75443733 0.74385907 0.74507299 0.75821353 0.75202094 0.74950274 0.75459045 0.76175998 0.76179594 0.75714109 0.76615120 0.75713372 0.76007838 0.75352239 0.76566160
0.58625795 0.58387147 0.58526896 0.58277265 0.58534654 0.57897050 0.57669702 0.57779322 0.57503699 0.58080938 0.58061522 0.58477313 0.57760804 0.58776125 0.58497954 0.58546833 0.58749783 0.58599635 0.58104229 0.58642634 0.58540185 0.58655391 0.58891746 0.58912233 0.58640062 0.58687294 0.58892597 0.58317075 0.58111609 0.59371378 0.59776176 0.58518491
0.43277926 0.43338103 0.43016081 0.43092899 0.42696224 0.42794996 0.42272814 0.42944881 0.42791514 0.42922356 0.42896350 0.42778476 0.42752375 0.43155895 0.42976109 0.42698963 0.43045786 0.42957872 0.43161855 0.43025788 0.43064634 0.43188465 0.43049443 0.43382989 0.42977696 0.43465267 0.43331898 0.43728607 0.43638024 0.43699600 0.43252083 0.43276608
0.30636675 0.30576879 0.30425363 0.30301586 0.30180653 0.29820458 0.30065875 0.29848082 0.29903063 0.29888370 0.30007071 0.30208603 0.30215883 0.30299489 0.30347517 0.30375671 0.30198023 0.30336186 0.30279553 0.30263928 0.30389100 0.30199953 0.30570343 0.30473744 0.30579880 0.30470958 0.30672107 0.30851868 0.30761871 0.30740528 0.30837492 0.30581751
0.20816237 0.20743801 0.20629735 0.20346177 0.20441650 0.20280439 0.20341073 0.20352840 0.20406681 0.20380323 0.20455033 0.20350349 0.20534866 0.20603791 0.20657618 0.20428969 0.20584539 0.20529433 0.20533387 0.20581500 0.20598793 0.20512920 0.20727223 0.20797134 0.20820643 0.20880917 0.21060336 0.20965340 0.21095069 0.21051979 0.20969454 0.21007455
0.13969973 0.13889700 0.13821012 0.13693688 0.13676330 0.13621068 0.13605824 0.13624720 0.13688500 0.13732608 0.13748255 0.13771260 0.13733774 0.13794630 0.13768552 0.13744276 0.13766633 0.13769045 0.13832050 0.13766225 0.13871716 0.13871046 0.13920411 0.13950139 0.13904708 0.13973481 0.14069799 0.14143378 0.14208771 0.14157606 0.14032042 0.14037114
0.09632399 0.09554159 0.09490149 0.09419978 0.09339549 0.09284444 0.09322866 0.09358466 0.09394076 0.09438130 0.09487570 0.09466789 0.09493550 0.09459582 0.09481116 0.09467119 0.09496416 0.09490017 0.09488069 0.09542814 0.09564896 0.09553346 0.09567043 0.09566240 0.09611568 0.09594243 0.09657979 0.09659943 0.09728046 0.09719961 0.09711111 0.09689790
0.07127939 0.07068510 0.07021597 0.06954597 0.06920954 0.06897157 0.06917083 0.06946067 0.06974508 0.07033887 0.07046575 0.07069844 0.07074364 0.07070082 0.07072068 0.07061135 0.07078729 0.07087130 0.07099757 0.07110029 0.07123432 0.07115700 0.07122042 0.07126128 0.07127736 0.07126453 0.07138370 0.07174412 0.07179670 0.07219535 0.07214118 0.07176877
0.05929580 0.05882120 0.05835955 0.05790620 0.05772725 0.05772141 0.05784036 0.05807819 0.05850198 0.05884479 0.05905246 0.05919770 0.05925529 0.05912642 0.05924107 0.05925862 0.05940740 0.05973577 0.05997137 0.06012947 0.06020008 0.06018385 0.05997865 0.05996869 0.05984628 0.05968428 0.05977104 0.05987603 0.06000624 0.06010689 0.06010725 0.05970992
0.05481137 0.05436924 0.05400020 0.05346763 0.05347081 0.05345236 0.05355256 0.05387004 0.05428737 0.05440530 0.05468404 0.05494756 0.05485620 0.05494069 0.05506344 0.05526234 0.05563396 0.05589836 0.05619927 0.05644002 0.05650414 0.05638529 0.05623423 0.05600259 0.05585748 0.05565902 0.05562727 0.05564719 0.05550787 0.05562139 0.05545865 0.05517048
0.05350505 0.05310321 0.05270113 0.05236862 0.05220846 0.05221482 0.05234493 0.05257193 0.05280995 0.05324999 0.05324594 0.05347478 0.05344948 0.05364575 0.05387500 0.05410601 0.05446930 0.05493084 0.05532767 0.05568585 0.05577053 0.05572452 0.05558096 0.05512874 0.05495096 0.05475630 0.05460109 0.05456832 0.05456722 0.05441873 0.05423752 0.05387738
