32 32 0.051591 1.1383
0.05493817 0.05438963 0.05399739 0.05350046 0.05321747 0.05303856 0.05305920 0.05294672 0.05303391 0.05319254 0.05325659 0.05336428 0.05342517 0.05368133 0.05391379 0.05429206 0.05476964 0.05536748 0.05589999 0.05633660 0.05652494 0.05651263 0.05658027 0.05647179 0.05634163 0.05625172 0.05615845 0.05607007 0.05603758 0.05599971 0.05569934 0.05537304
0.05471489 0.05422220 0.05372394 0.05320678 0.05295948 0.05276842 0.05264133 0.05243750 0.05247665 0.05266788 0.05286995 0.05289638 0.05286466 0.05299932 0.05338252 0.05382191 0.05442285 0.05498730 0.05553045 0.05608051 0.05638968 0.05642780 0.05649985 0.05638519 0.05618801 0.05614653 0.05603211 0.05592830 0.05582239 0.05572134 0.05548224 0.05515328
0.05446637 0.05399354 0.05353475 0.05312383 0.05276083 0.05239967 0.05232625 0.05187094 0.05217990 0.05201160 0.05213273 0.05205914 0.05221425 0.05245052 0.05281203 0.05321577 0.05380806 0.05427150 0.05509733 0.05564615 0.05591156 0.05621189 0.05625772 0.05611524 0.05594935 0.05591388 0.05573360 0.05566878 0.05558685 0.05538396 0.05523737 0.05485132
0.05432123 0.05386055 0.05344054 0.05304102 0.05249970 0.05232132 0.05210039 0.05194437 0.05179976 0.05172356 0.05168273 0.05159078 0.05171346 0.05195763 0.05226878 0.05284761 0.05341686 0.05408462 0.05472007 0.05550639 0.05569613 0.05592413 0.05592485 0.05585660 0.05570331 0.05562965 0.05544924 0.05539581 0.05538344 0.05520424 0.05499048 0.05471892
0.05537724 0.05495775 0.05458701 0.05411592 0.05372864 0.05338612 0.05311364 0.05285834 0.05265098 0.05251335 0.05242179 0.05233594 0.05246820 0.05255752 0.05295964 0.05347950 0.05413032 0.05484439 0.05544761 0.05606271 0.05652061 0.05661428 0.05673457 0.05661013 0.05650643 0.05635091 0.05626003 0.05625431 0.05609995 0.05599191 0.05581649 0.05554055
0.06040038 0.06006645 0.05973042 0.05929259 0.05895353 0.05869211 0.05822020 0.05790159 0.05758158 0.05731181 0.05717248 0.05720082 0.05718606 0.05740415 0.05778591 0.05821437 0.05888535 0.05957062 0.06016910 0.06077156 0.06109272 0.06138031 0.06140085 0.06137925 0.06116967 0.06103501 0.06096585 0.06082973 0.06076103 0.06072879 0.06066075 0.06062338
0.07401146 0.07366434 0.07339948 0.07307207 0.07249296 0.07216962 0.07172223 0.07121644 0.07086891 0.07065893 0.07045791 0.07041721 0.07047769 0.07065095 0.07106037 0.07160686 0.07229197 0.07267006 0.07339491 0.07389073 0.07432648 0.07441770 0.07429151 0.07452776 0.07423193 0.07424146 0.07388761 0.07393586 0.07384933 0.07417898 0.07416638 0.07396981
0.10144020 0.10159163 0.10143071 0.10091281 0.10030686 0.09984236 0.09922220 0.09918710 0.09855453 0.09789015 0.09800974 0.09769596 0.09783186 0.09812267 0.09859936 0.09940577 0.09955949 0.09984241 0.10056850 0.10093860 0.10138909 0.10144465 0.10113411 0.10133050 0.10118238 0.10069737 0.10104449 0.10119385 0.10120916 0.10113117 0.10154644 0.10091424
0.14909521 0.14883272 0.14906806 0.14824066 0.14790731 0.14770564 0.14681213 0.14619435 0.14620785 0.14531142 0.14497518 0.14511665 0.14503975 0.14528570 0.14542100 0.14617554 0.14589141 0.14696473 0.14652255 0.14710930 0.14768557 0.14793038 0.14768671 0.14759497 0.14700312 0.14763148 0.14778951 0.14770517 0.14744452 0.14767745 0.14832751 0.14921231
0.21994677 0.22191797 0.21957203 0.22047635 0.22121537 0.22009050 0.21925901 0.21910185 0.22013012 0.21748375 0.21680300 0.21743151 0.21556190 0.21907363 0.21746970 0.21806160 0.21684929 0.21915497 0.21892628 0.22000597 0.22038118 0.21982521 0.21911760 0.21979923 0.21978984 0.21943928 0.21929448 0.21932981 0.22053604 0.22022239 0.22008392 0.22136935
0.32342682 0.32012498 0.32278025 0.32391442 0.32049054 0.32181414 0.32092514 0.32091459 0.31912051 0.32081167 0.31757966 0.32102129 0.31784784 0.31961298 0.31813585 0.31744434 0.32058352 0.32108193 0.32196869 0.32098983 0.31960819 0.32101426 0.31922598 0.31982311 0.31994814 0.32027056 0.31818757 0.31956445 0.32085351 0.32033589 0.32271362 0.32013388
0.45297077 0.45279437 0.45388169 0.45631087 0.45807318 0.45266809 0.45347807 0.45087714 0.45198030 0.45049173 0.44770212 0.44853838 0.44642000 0.45261035 0.45048623 0.45559988 0.44950797 0.45353786 0.45353359 0.45073227 0.45214315 0.45064550 0.44587072 0.45552364 0.45083388 0.44766271 0.45046967 0.45026816 0.45346383 0.45104169 0.45501539 0.45256572
0.61057629 0.61117786 0.60694215 0.61297245 0.60781036 0.60586179 0.60374653 0.60573650 0.60649536 0.60434419 0.60572520 0.60813886 0.59990847 0.60697450 0.61132613 0.60955751 0.60764252 0.60270787 0.60647110 0.60681404 0.60452711 0.60922566 0.60115606 0.60559783 0.59639434 0.60346357 0.60219671 0.60199084 0.60406472 0.60663470 0.60372297 0.60706001
0.77268803 0.77644346 0.78040861 0.76693397 0.78263488 0.76298172 0.77496149 0.76800669 0.77111331 0.77352685 0.76708741 0.77541825 0.77520710 0.77318717 0.76894379 0.77440069 0.77221360 0.76006133 0.77596196 0.77738169 0.77132535 0.77041782 0.76417793 0.77650820 0.76997413 0.76438485 0.76674770 0.77232181 0.77187579 0.77240650 0.77637517 0.76797649
0.92874063 0.93760014 0.94686212 0.94781370 0.93771312 0.93108192 0.93031886 0.93561736 0.93796202 0.92399086 0.92862960 0.92703476 0.94387838 0.94407924 0.95471358 0.92450832 0.93602703 0.93152653 0.92759156 0.93832863 0.92460859 0.92251566 0.93327492 0.93024849 0.93065939 0.92400257 0.93778549 0.92931868 0.93113995 0.93209634 0.94087916 0.94251045
1.06307439 1.07527232 1.06689039 1.07661105 1.07521825 1.06005948 1.06774104 1.06692745 1.06372189 1.06776193 1.06873811 1.05743976 1.07301725 1.07517183 1.07510511 1.06504247 1.06465246 1.06573887 1.05249941 1.04891136 1.06240532 1.07167209 1.05839185 1.07964544 1.05518895 1.04657966 1.06947550 1.08214634 1.07822526 1.07191259 1.05491372 1.06154945
1.16729487 1.15368482 1.17873900 1.15779320 1.15799862 1.15995595 1.15048254 1.14113488 1.14920655 1.14999865 1.15458484 1.15145233 1.14791542 1.14347752 1.15671675 1.16169843 1.15171066 1.15377307 1.13576447 1.14322538 1.15194532 1.14852663 1.13737013 1.16285046 1.15027760 1.14606290 1.14852391 1.15911322 1.14887545 1.16423348 1.16205679 1.14685026
1.18352115 1.18962458 1.18481054 1.18385443 1.18060519 1.17162935 1.17308562 1.17222440 1.16515502 1.17049564 1.17244683 1.17407400 1.17489541 1.17849902 1.17384708 1.17855070 1.17917411 1.18026123 1.16928592 1.17481860 1.17293795 1.17154168 1.17174056 1.17293501 1.17522833 1.17676853 1.17854755 1.18237979 1.17965460 1.18460957 1.18987828 1.17901408
1.14714348 1.14502268 1.14467591 1.13446783 1.12639941 1.11722003 1.11888459 1.12921826 1.12630522 1.13043209 1.12765377 1.12920840 1.12562063 1.14075233 1.13474945 1.14014106 1.13496328 1.12573871 1.14344735 1.14825354 1.13175047 1.14495114 1.13312061 1.12599221 1.15112386 1.13261500 1.12102887 1.13564283 1.14302216 1.14675942 1.15452512 1.14975489
1.05057423 1.04714681 1.05403720 1.04415913 1.02788453 1.03902216 1.01971270 1.02889122 1.02721968 1.01347053 1.01907676 1.03587664 1.04232715 1.05302190 1.04847059 1.03088283 1.06074811 1.02851041 1.06160091 1.03363499 1.04203422 1.03172546 1.03034168 1.04526662 1.03411912 1.05909165 1.05177284 1.04584037 1.05158058 1.04721525 1.04213970 1.04326053
0.92058245 0.89905558 0.90103068 0.90260609 0.88357806 0.89062147 0.89312799 0.89863127 0.90377333 0.89487382 0.89557383 0.88164917 0.89291495 0.89884210 0.91739212 0.90243357 0.89434249 0.89926776 0.89214135 0.90222763 0.89447984 0.88605235 0.89172832 0.90125360 0.89229792 0.90492004 0.90446241 0.89824641 0.90737796 0.91597038 0.90983669 0.90876291
0.74183128 0.74465947 0.73718387 0.72310653 0.72498948 0.73223327 0.72903736 0.72695805 0.72066816 0.71794683 0.72466248 0.72759211 0.73304158 0.73558675 0.73583475 0.73605649 0.73078127 0.73399091 0.72401287 0.72531919 0.73801354 0.73192967 0.72965387 0.73450054 0.74143780 0.74154749 0.73726448 0.74604297 0.73746117 0.74039853 0.73411606 0.74598220
0.57148784 0.56922658 0.57012518 0.56756503 0.56968102 0.56321913 0.56071424 0.56144467 0.55860968 0.56389059 0.56365924 0.56769665 0.56092289 0.57091250 0.56844124 0.56917013 0.57135287 0.57031786 0.56571859 0.57094555 0.57008065 0.57117400 0.57354646 0.57380756 0.57120672 0.57174195 0.57384318 0.56840836 0.56657978 0.57881006 0.58267138 0.57053859
0.42238224 0.42284216 0.41956974 0.42010712 0.41602121 0.41668292 0.41137860 0.41752797 0.41587244 0.41701681 0.41668208 0.41556282 0.41546949 0.41956626 0.41799056 0.41565867 0.41911057 0.41854272 0.42060958 0.41942148 0.41986834 0.42108658 0.41976122 0.42300383 0.41898859 0.42393551 0.42272496 0.42669055 0.42593454 0.42665189 0.42228703 0.42250345
0.29965892 0.29900145 0.29735101 0.29600127 0.29466163 0.29086748 0.29305212 0.29067661 0.29107487 0.29082565 0.29194144 0.29389825 0.29404607 0.29507156 0.29573188 0.29618255 0.29463367 0.29614938 0.29573934 0.29566687 0.29694544 0.29514946 0.29867834 0.29778510 0.29879084 0.29783322 0.29989995 0.30171501 0.30097340 0.30074768 0.30169372 0.29922616
0.20438605 0.20357930 0.20237198 0.19947387 0.20022745 0.19844639 0.19889685 0.19885010 0.19922988 0.19884173 0.19952651 0.19851615 0.20041250 0.20115653 0.20193042 0.19998609 0.20156340 0.20118778 0.20132930 0.20184014 0.20202112 0.20123845 0.20329383 0.20399443 0.20424481 0.20486308 0.20670291 0.20588305 0.20711769 0.20676613 0.20599330 0.20628565
0.13802541 0.13715514 0.13637910 0.13507179 0.13476754 0.13405465 0.13374666 0.13376791 0.13424493 0.13462288 0.13471866 0.13491107 0.13463261 0.13539049 0.13530644 0.13524588 0.13561520 0.13574791 0.13642873 0.13585478 0.13694540 0.13687613 0.13739584 0.13769497 0.13731163 0.13804227 0.13900480 0.13976690 0.14044390 0.13995489 0.13868288 0.13870963
0.09606490 0.09522044 0.09452573 0.09370336 0.09282649 0.09203414 0.09235289 0.09256623 0.09278971 0.09311986 0.09356283 0.09330512 0.09370210 0.09350590 0.09384263 0.09384124 0.09425527 0.09434483 0.09444211 0.09502257 0.09523381 0.09518743 0.09530309 0.09534980 0.09580932 0.09570106 0.09635264 0.09644730 0.09710397 0.09702891 0.09693150 0.09667553
0.07190363 0.07129078 0.07069800 0.06994529 0.06948236 0.06911699 0.06914771 0.06929834 0.06950758 0.06993457 0.07001375 0.07027522 0.07037581 0.07044061 0.07058996 0.07064591 0.07090823 0.07111996 0.07131111 0.07147872 0.07167367 0.07165240 0.07176532 0.07183811 0.07193935 0.07196104 0.07213147 0.07249635 0.07263031 0.07292274 0.07287500 0.07245198
0.06049432 0.05990183 0.05939070 0.05883989 0.05849989 0.05837779 0.05831601 0.05841066 0.05875050 0.05896098 0.05910411 0.05924696 0.05935555 0.05932812 0.05953202 0.05967350 0.05997017 0.06036544 0.06068355 0.06091503 0.06107098 0.06112364 0.06098850 0.06104120 0.06101042 0.06095837 0.06104396 0.06117896 0.06134556 0.06141991 0.06133364 0.06096392
0.05628751 0.05578095 0.05530861 0.05470442 0.05453972 0.05437682 0.05437495 0.05449090 0.05481307 0.05482213 0.05499418 0.05527276 0.05519693 0.05537578 0.05554828 0.05584619 0.05632564 0.05665770 0.05707870 0.05737052 0.05753730 0.05742767 0.05743969 0.05726895 0.05723018 0.05715048 0.05718059 0.05723423 0.05708704 0.05724896 0.05704459 0.05672283
0.05518661 0.05469672 0.05418415 0.05378717 0.05346352 0.05333394 0.05328826 0.05340571 0.05353294 0.05383421 0.05370306 0.05396739 0.05393161 0.05416022 0.05443427 0.05474112 0.05517411 0.05569106 0.05614793 0.05657288 0.05679810 0.05685958 0.05679662 0.05643408 0.05642112 0.05635308 0.05626848 0.05630626 0.05632706 0.05620078 0.05606793 0.05561480
