32 32 0.050658 1.1241
0.05341681 0.05291055 0.05258628 0.05222921 0.05207155 0.05205086 0.05214923 0.05213828 0.05232056 0.05252601 0.05261990 0.05283490 0.05290234 0.05311108 0.05342407 0.05378656 0.05420080 0.05475321 0.05523452 0.05559754 0.05571779 0.05565732 0.05571913 0.05556261 0.05543928 0.05528185 0.05508354 0.05494607 0.05478475 0.05463229 0.05420157 0.05387968
0.05306931 0.05262752 0.05223279 0.05192512 0.05173891 0.05167127 0.05165189 0.05158053 0.05166987 0.05190399 0.05217159 0.05217756 0.05214106 0.05228347 0.05265630 0.05309465 0.05369350 0.05422710 0.05465693 0.05526868 0.05551583 0.05556123 0.05565475 0.05546795 0.05520655 0.05507584 0.05491389 0.05471709 0.05445906 0.05425369 0.05391183 0.05342606
0.05273046 0.05231531 0.05194957 0.05174649 0.05150812 0.05127303 0.05131957 0.05091053 0.05129139 0.05118232 0.05130357 0.05119206 0.05137269 0.05153886 0.05189778 0.05232109 0.05291432 0.05332973 0.05417356 0.05472194 0.05501055 0.05529253 0.05532482 0.05516093 0.05498596 0.05489945 0.05458835 0.05441049 0.05418488 0.05384650 0.05359896 0.05305674
0.05255250 0.05217040 0.05182048 0.05158616 0.05131964 0.05124377 0.05107733 0.05102275 0.05093474 0.05092120 0.05079417 0.05065803 0.05073727 0.05092279 0.05122354 0.05182893 0.05239754 0.05305173 0.05373706 0.05454714 0.05478816 0.05500851 0.05501807 0.05493752 0.05475680 0.05461035 0.05433553 0.05413688 0.05398380 0.05361126 0.05331123 0.05296095
0.05358223 0.05327489 0.05298128 0.05270678 0.05249082 0.05233371 0.05220443 0.05203489 0.05186011 0.05168546 0.05153015 0.05137276 0.05138273 0.05146682 0.05180949 0.05233445 0.05301153 0.05377281 0.05443565 0.05506857 0.05561575 0.05573196 0.05588317 0.05574576 0.05560122 0.05537480 0.05516680 0.05501579 0.05469039 0.05441806 0.05411359 0.05377408
0.05855836 0.05826416 0.05808477 0.05778321 0.05774491 0.05761681 0.05733783 0.05717475 0.05683580 0.05647286 0.05629931 0.05613491 0.05609961 0.05622643 0.05655667 0.05701356 0.05770764 0.05846116 0.05911300 0.05979255 0.06020448 0.06052914 0.06057947 0.06048972 0.06034054 0.06008514 0.05990774 0.05965629 0.05928739 0.05911586 0.05889212 0.05885441
0.07205303 0.07174070 0.07166285 0.07155964 0.07120691 0.07118195 0.07084499 0.07046978 0.07012981 0.06989030 0.06954778 0.06938499 0.06932644 0.06939694 0.06978683 0.07028195 0.07107262 0.07150753 0.07233407 0.07290844 0.07339687 0.07357799 0.07350179 0.07373413 0.07334696 0.07325793 0.07277168 0.07262587 0.07236375 0.07245800 0.07228447 0.07204191
0.09918889 0.09942409 0.09943406 0.09916497 0.09884002 0.09863459 0.09822618 0.09835837 0.09770964 0.09700086 0.09694711 0.09651185 0.09652493 0.09671576 0.09711936 0.09805752 0.09817562 0.09851641 0.09938501 0.09986585 0.10039178 0.10055683 0.10024067 0.10029475 0.10015375 0.09954767 0.09972767 0.09966084 0.09947642 0.09910960 0.09940446 0.09864494
0.14634853 0.14620791 0.14662001 0.14605039 0.14604129 0.14611291 0.14545581 0.14498039 0.14499616 0.14404689 0.14358947 0.14356078 0.14335383 0.14350944 0.14361557 0.14441936 0.14418424 0.14537512 0.14498233 0.14573001 0.14643193 0.14669469 0.14645747 0.14633194 0.14567110 0.14610074 0.14602734 0.14574247 0.14523171 0.14522839 0.14567933 0.14647649
0.21633969 0.21847125 0.21633905 0.21755915 0.21856093 0.21781245 0.21726134 0.21720493 0.21826186 0.21558813 0.21477875 0.21523639 0.21327316 0.21667510 0.21506719 0.21567476 0.21454125 0.21700717 0.21691723 0.21813309 0.21853316 0.21802910 0.21732143 0.21790225 0.21778988 0.21720471 0.21685710 0.21662177 0.21755381 0.21698241 0.21663319 0.21779572
0.31871170 0.31554280 0.31845891 0.31989982 0.31685656 0.31851863 0.31789416 0.31802255 0.31628913 0.31776907 0.31455259 0.31781207 0.31453465 0.31626972 0.31476782 0.31412614 0.31741825 0.31792805 0.31914221 0.31822864 0.31692801 0.31831589 0.31649326 0.31698214 0.31693514 0.31699643 0.31468008 0.31575481 0.31670872 0.31595506 0.31808282 0.31545269
0.44675285 0.44673342 0.44807265 0.45088589 0.45306402 0.44798048 0.44905407 0.44664366 0.44767809 0.44621904 0.44333988 0.44399770 0.44169459 0.44792009 0.44581041 0.45102790 0.44510323 0.44923752 0.44945332 0.44674187 0.44820522 0.44668462 0.44188357 0.45129129 0.44642483 0.44303121 0.44550781 0.44495560 0.44786375 0.44512542 0.44886919 0.44634221
0.60254391 0.60332686 0.59945247 0.60582138 0.60107201 0.59951982 0.59772258 0.59983196 0.60057683 0.59840559 0.59959584 0.60179510 0.59368600 0.60057661 0.60492929 0.60335746 0.60166193 0.59701479 0.60081466 0.60125011 0.59900792 0.60358170 0.59551619 0.59966658 0.59032805 0.59705026 0.59544263 0.59486421 0.59665049 0.59884534 0.59579339 0.59905981
0.76269949 0.76672304 0.77097166 0.75804318 0.77398064 0.75489636 0.76697655 0.76036922 0.76337444 0.76561297 0.75914051 0.76727892 0.76685815 0.76500456 0.76094354 0.76639992 0.76441757 0.75262466 0.76847807 0.76993536 0.76395575 0.76296558 0.75669598 0.76867743 0.76184952 0.75598614 0.75799469 0.76313424 0.76227124 0.76260249 0.76630842 0.75796669
0.91692892 0.92595013 0.93544612 0.93684942 0.92726142 0.92102255 0.92057083 0.92595754 0.92814842 0.91437326 0.91880299 0.91710289 0.93369006 0.93400969 0.94457721 0.91498793 0.92643769 0.92217496 0.91834453 0.92900679 0.91542219 0.91324587 0.92354199 0.92033853 0.92042888 0.91355722 0.92678746 0.91805400 0.91958368 0.92027774 0.92872444 0.93041422
1.04959405 1.06190771 1.05419426 1.06409864 1.06315768 1.04899230 1.05638540 1.05564993 1.05244333 1.05630594 1.05705265 1.04591458 1.06128592 1.06341720 1.06349266 1.05374017 1.05344492 1.05472574 1.04178645 1.03804426 1.05150096 1.06032594 1.04699439 1.06730075 1.04315037 1.03445493 1.05652457 1.06877258 1.06468858 1.05809461 1.04136216 1.04799485
1.15236473 1.13937390 1.16456277 1.14421001 1.14485356 1.14744852 1.13796158 1.12895063 1.13673094 1.13741510 1.14187829 1.13873451 1.13522528 1.13091679 1.14394928 1.14880890 1.13938910 1.14150352 1.12360460 1.13082674 1.13955068 1.13581619 1.12447081 1.14928279 1.13652485 1.13218676 1.13447868 1.14452371 1.13408176 1.14912521 1.14698726 1.13215062
1.16821526 1.17472719 1.17032830 1.16981410 1.16692458 1.15836106 1.15991142 1.15927562 1.15274740 1.15738599 1.15937981 1.16093208 1.16176044 1.16548782 1.16084528 1.16552507 1.16624380 1.16729779 1.15633354 1.16179424 1.15967323 1.15791615 1.15793502 1.15884551 1.16070796 1.16187500 1.16340374 1.16672365 1.16410399 1.16881021 1.17430834 1.16378936
1.13233063 1.13051268 1.13052037 1.12080667 1.11316767 1.10435223 1.10605020 1.11656381 1.11353936 1.11750469 1.11483253 1.11626787 1.11289758 1.12786497 1.12197465 1.12731301 1.12227427 1.11302014 1.13014708 1.13486185 1.11832266 1.13129961 1.11898357 1.11143590 1.13622913 1.11779067 1.10589835 1.12041036 1.12775617 1.13150243 1.13909573 1.13455341
1.03685771 1.03372313 1.04094415 1.03138195 1.01558067 1.02680264 1.00801888 1.01684828 1.01540844 1.00187114 1.00743246 1.02393296 1.03041044 1.04094131 1.03648079 1.01902897 1.04865584 1.01644874 1.04876143 1.02113088 1.02905924 1.01845186 1.01684192 1.03130376 1.02017319 1.04462713 1.03731427 1.03137009 1.03742006 1.03301678 1.02811735 1.02939215
0.90820639 0.88741784 0.88948512 0.89130981 0.87304324 0.87977496 0.88246516 0.88780306 0.89296404 0.88430816 0.88498107 0.87124633 0.88246693 0.88826589 0.90649727 0.89175896 0.88371436 0.88840069 0.88113630 0.89084988 0.88295302 0.87417653 0.87957305 0.88862032 0.87990020 0.89201575 0.89169154 0.88562092 0.89474410 0.90322930 0.89735803 0.89653685
0.73181078 0.73483437 0.72746626 0.71399225 0.71590590 0.72318693 0.72003816 0.71808708 0.71197429 0.70932085 0.71601791 0.71895585 0.72433687 0.72688576 0.72704754 0.72723255 0.72189812 0.72489018 0.71478804 0.71579287 0.72797040 0.72165991 0.71916594 0.72377703 0.73051580 0.73065182 0.72653997 0.73528317 0.72696797 0.72994224 0.72399365 0.73574349
0.56367780 0.56150933 0.56248684 0.56016252 0.56227887 0.55600897 0.55361329 0.55450106 0.55176841 0.55701003 0.55686572 0.56089147 0.55424194 0.56409943 0.56160070 0.56227579 0.56427920 0.56307562 0.55827188 0.56311434 0.56199203 0.56280396 0.56497951 0.56505772 0.56251439 0.56310839 0.56527977 0.56005433 0.55856119 0.57061491 0.57449057 0.56263558
0.41652559 0.41699518 0.41383970 0.41443212 0.41049921 0.41123692 0.40610059 0.41225572 0.41070416 0.41190561 0.41164738 0.41061202 0.41053735 0.41461124 0.41298222 0.41059403 0.41388622 0.41312576 0.41491142 0.41349043 0.41367505 0.41464262 0.41320356 0.41631715 0.41242914 0.41734145 0.41630642 0.42032727 0.41974946 0.42051147 0.41633593 0.41654902
0.29542959 0.29480165 0.29322248 0.29190879 0.29063327 0.28703374 0.28923002 0.28697921 0.28745216 0.28727821 0.28847443 0.29049402 0.29067855 0.29169927 0.29227945 0.29263131 0.29099581 0.29231594 0.29169823 0.29137707 0.29238726 0.29044477 0.29384727 0.29290207 0.29397155 0.29313293 0.29528647 0.29722045 0.29656065 0.29647838 0.29740595 0.29499859
0.20148002 0.20067785 0.19950918 0.19670397 0.19749336 0.19581970 0.19633951 0.19634695 0.19676615 0.19652884 0.19728535 0.19638593 0.19827421 0.19910755 0.19978891 0.19780802 0.19922265 0.19869159 0.19863241 0.19891500 0.19888036 0.19800866 0.19989958 0.20057501 0.20088776 0.20155601 0.20348656 0.20280955 0.20414293 0.20383444 0.20310404 0.20340766
0.13599915 0.13518311 0.13439453 0.13315570 0.13289856 0.13228801 0.13207743 0.13218214 0.13274339 0.13315571 0.13337368 0.13369263 0.13347602 0.13424465 0.13414800 0.13402419 0.13424983 0.13425354 0.13469481 0.13396838 0.13482745 0.13468513 0.13509802 0.13537599 0.13503678 0.13581910 0.13689659 0.13769764 0.13842804 0.13798198 0.13667320 0.13669122
0.09457815 0.09377178 0.09313948 0.09233945 0.09152641 0.09090019 0.09124134 0.09153526 0.09181495 0.09230611 0.09285694 0.09272009 0.09313287 0.09298279 0.09328671 0.09325129 0.09357930 0.09347302 0.09341579 0.09377020 0.09384400 0.09369576 0.09374516 0.09375610 0.09424958 0.09420257 0.09491794 0.09502899 0.09569285 0.09560079 0.09549080 0.09520243
0.07065481 0.07005754 0.06949588 0.06885499 0.06846389 0.06821453 0.06835112 0.06859074 0.06892942 0.06940347 0.06960272 0.06992091 0.07016362 0.07022274 0.07034978 0.07035689 0.07054394 0.07061326 0.07067990 0.07068309 0.07074723 0.07060780 0.07065721 0.07073733 0.07082167 0.07086951 0.07105929 0.07140508 0.07153533 0.07179273 0.07170305 0.07122434
0.05929894 0.05872323 0.05828287 0.05782067 0.05758948 0.05756187 0.05765218 0.05781431 0.05827144 0.05853434 0.05878850 0.05901515 0.05919084 0.05924475 0.05947011 0.05954720 0.05972435 0.06000847 0.06020711 0.06030536 0.06038333 0.06032076 0.06016098 0.06015006 0.06008573 0.06003208 0.06011187 0.06019965 0.06030764 0.06032957 0.06022276 0.05977943
0.05504089 0.05454703 0.05414450 0.05365064 0.05362460 0.05357401 0.05362524 0.05388524 0.05423396 0.05439873 0.05470271 0.05499339 0.05501672 0.05520540 0.05542277 0.05567497 0.05606279 0.05631745 0.05659964 0.05680433 0.05685532 0.05674020 0.05664110 0.05646629 0.05639523 0.05627787 0.05626184 0.05624593 0.05605177 0.05609876 0.05585883 0.05546806
0.05379709 0.05334515 0.05287213 0.05260989 0.05240749 0.05240224 0.05249548 0.05271865 0.05292181 0.05331623 0.05333734 0.05354938 0.05361758 0.05383294 0.05412752 0.05440910 0.05468275 0.05523973 0.05560989 0.05592372 0.05607092 0.05602491 0.05599582 0.05563004 0.05555749 0.05543186 0.05529013 0.05523386 0.05516557 0.05494325 0.05469172 0.05423395
