32 32 0.049815 1.2356
0.05344994 0.05270345 0.05213461 0.05158520 0.05126664 0.05115621 0.05119100 0.05124590 0.05144004 0.05164876 0.05179799 0.05196530 0.05206010 0.05236631 0.05263371 0.05302437 0.05364844 0.05431061 0.05501493 0.05563938 0.05598041 0.05622812 0.05652943 0.05657803 0.05653234 0.05646556 0.05630515 0.05605213 0.05580371 0.05536441 0.05480849 0.05421514
0.05315314 0.05244180 0.05181473 0.05123494 0.05091946 0.05080380 0.05074771 0.05067333 0.05077142 0.05101177 0.05130967 0.05137860 0.05137461 0.05155950 0.05201056 0.05253078 0.05327213 0.05399312 0.05465927 0.05545254 0.05596625 0.05625443 0.05650521 0.05650825 0.05635840 0.05630924 0.05609965 0.05581055 0.05543748 0.05502766 0.05449022 0.05387381
0.05278276 0.05209006 0.05149555 0.05111484 0.05067124 0.05035325 0.05032157 0.04995177 0.05031447 0.05030349 0.05041376 0.05041218 0.05062394 0.05091018 0.05134485 0.05184858 0.05263323 0.05322742 0.05431920 0.05509979 0.05567711 0.05611545 0.05632190 0.05627494 0.05615413 0.05608090 0.05571099 0.05544676 0.05507231 0.05452384 0.05409203 0.05336223
0.05249180 0.05184787 0.05131191 0.05089398 0.05040245 0.05024317 0.05004369 0.04990080 0.04984485 0.04981492 0.04986063 0.04985758 0.05003576 0.05035811 0.05071070 0.05152555 0.05225318 0.05314004 0.05403509 0.05506894 0.05550097 0.05596045 0.05610445 0.05609626 0.05593054 0.05577560 0.05546324 0.05514457 0.05477076 0.05424738 0.05370347 0.05313880
0.05358526 0.05302565 0.05249639 0.05199880 0.05159597 0.05131577 0.05109326 0.05089573 0.05076650 0.05068077 0.05067246 0.05064126 0.05082920 0.05106791 0.05156204 0.05230785 0.05316577 0.05414880 0.05503018 0.05592219 0.05665234 0.05691088 0.05715786 0.05710488 0.05692979 0.05664469 0.05632659 0.05583436 0.05550883 0.05506651 0.05456946 0.05398128
0.05898250 0.05849715 0.05804290 0.05757295 0.05728093 0.05693170 0.05661470 0.05640530 0.05613798 0.05590095 0.05589316 0.05596167 0.05607527 0.05641495 0.05697646 0.05760489 0.05855295 0.05949949 0.06036198 0.06128749 0.06190944 0.06236077 0.06247630 0.06246153 0.06217134 0.06184925 0.06154603 0.06103408 0.06056969 0.06015956 0.05978830 0.05948373
0.07376129 0.07317361 0.07280667 0.07247255 0.07192323 0.07163378 0.07125001 0.07084737 0.07057170 0.07047043 0.07030318 0.07038036 0.07056381 0.07088240 0.07151534 0.07226809 0.07324710 0.07389257 0.07495784 0.07573094 0.07641360 0.07672539 0.07671199 0.07695777 0.07652133 0.07630380 0.07560229 0.07533584 0.07490104 0.07482361 0.07444442 0.07392807
0.10340423 0.10340492 0.10314678 0.10257869 0.10195727 0.10152992 0.10096530 0.10113475 0.10052653 0.09993602 0.10020805 0.09997155 0.10025544 0.10073443 0.10141629 0.10255704 0.10291813 0.10353840 0.10455251 0.10524781 0.10596109 0.10621355 0.10599782 0.10607841 0.10589819 0.10511614 0.10519512 0.10499357 0.10457204 0.10401035 0.10402933 0.10311704
0.15501938 0.15458686 0.15468953 0.15376340 0.15346413 0.15332382 0.15243020 0.15187300 0.15207845 0.15126122 0.15104866 0.15131331 0.15142964 0.15186724 0.15220843 0.15327216 0.15320770 0.15466923 0.15446565 0.15541448 0.15632962 0.15677976 0.15661365 0.15649580 0.15575288 0.15620677 0.15598365 0.15547726 0.15475035 0.15454499 0.15480819 0.15541293
0.23169372 0.23367568 0.23106957 0.23195696 0.23276941 0.23160052 0.23083240 0.23082316 0.23209073 0.22943145 0.22884371 0.22964969 0.22774270 0.23181614 0.23030591 0.23117084 0.23014349 0.23292979 0.23298456 0.23456839 0.23521642 0.23488295 0.23416017 0.23490198 0.23478963 0.23410141 0.23358818 0.23319734 0.23401127 0.23321308 0.23259135 0.23358806
0.34376008 0.33991313 0.34268056 0.34383061 0.34005925 0.34170122 0.34086803 0.34104500 0.33925688 0.34134916 0.33796747 0.34183608 0.33863156 0.34065636 0.33928472 0.33876396 0.34246377 0.34311605 0.34459272 0.34393383 0.34278106 0.34453359 0.34275086 0.34340474 0.34341359 0.34347343 0.34086165 0.34188227 0.34280131 0.34170795 0.34378776 0.34049146
0.48402023 0.48347615 0.48460307 0.48716173 0.48919725 0.48337705 0.48433196 0.48170457 0.48318157 0.48166271 0.47878201 0.47999632 0.47762762 0.48466483 0.48255316 0.48823929 0.48193034 0.48656650 0.48703190 0.48437882 0.48627777 0.48497430 0.47990207 0.49052903 0.48531232 0.48162622 0.48433983 0.48360477 0.48646904 0.48332315 0.48711027 0.48385988
0.65456608 0.65504802 0.65003675 0.65669588 0.65113764 0.64916281 0.64675680 0.64916343 0.65042579 0.64812239 0.65011027 0.65300942 0.64387971 0.65182453 0.65659160 0.65504266 0.65287078 0.64774514 0.65253572 0.65340042 0.65121145 0.65684000 0.64816051 0.65316154 0.64296111 0.65050615 0.64874860 0.64806557 0.64963186 0.65192609 0.64797531 0.65090517
0.83039919 0.83338281 0.83768541 0.82302198 0.84029280 0.81908811 0.83253085 0.82457186 0.82847264 0.83172813 0.82492357 0.83406592 0.83425762 0.83157165 0.82690509 0.83318946 0.83138119 0.81780916 0.83597395 0.83798988 0.83199331 0.83133632 0.82442593 0.83850444 0.83123159 0.82495479 0.82700769 0.83244643 0.83190712 0.83137265 0.83520350 0.82510370
0.99856782 1.00792620 1.01836612 1.01971034 1.00835034 1.00132184 1.00081797 1.00664285 1.01018904 0.99491402 0.99999344 0.99853216 1.01756959 1.01696912 1.02915159 0.99504671 1.00833910 1.00352295 1.00014095 1.01290525 0.99747023 0.99625601 1.00853611 1.00530625 1.00568612 0.99770175 1.01259090 1.00286454 1.00404581 1.00415372 1.01339188 1.01426613
1.14450469 1.15748063 1.14768307 1.15903866 1.15725031 1.13985919 1.14989395 1.14930958 1.14629467 1.15102779 1.15253510 1.14042271 1.15763258 1.15967450 1.15971495 1.14829395 1.14897766 1.14955094 1.13565101 1.13354222 1.14640949 1.15883323 1.14377661 1.16854262 1.14086190 1.12966457 1.15593943 1.16923654 1.16372411 1.15673747 1.13668963 1.14232997
1.25793662 1.24316500 1.27062697 1.24727631 1.24719036 1.25037241 1.24007905 1.22977112 1.23981949 1.24104993 1.24735282 1.24354609 1.23954341 1.23433436 1.24893819 1.25419086 1.24334612 1.24583112 1.22686127 1.23547184 1.24515456 1.24206596 1.23079880 1.25922121 1.24467102 1.23930062 1.24191168 1.25311620 1.24093600 1.25668703 1.25300212 1.23403990
1.27661001 1.28315024 1.27732430 1.27620807 1.27316443 1.26477091 1.26623880 1.26564602 1.25937547 1.26506720 1.26713241 1.26905765 1.27005161 1.27430480 1.26857635 1.27395634 1.27441835 1.27597279 1.26447553 1.27040559 1.26908573 1.26819127 1.26858814 1.26953800 1.27229544 1.27401717 1.27494558 1.27987135 1.27440086 1.27895762 1.28541371 1.27136041
1.23819974 1.23505687 1.23464339 1.22383908 1.21600483 1.20605711 1.20911209 1.22103734 1.21821240 1.22348170 1.22018330 1.22251727 1.21732284 1.23400197 1.22730718 1.23336098 1.22735157 1.21838107 1.23708135 1.24252817 1.22519004 1.23917773 1.22697674 1.21995123 1.24754332 1.22613067 1.21377270 1.22889625 1.23518684 1.23835122 1.24692491 1.24108142
1.13354117 1.13047995 1.13777740 1.12737736 1.11086411 1.12225345 1.10244448 1.11429718 1.11214322 1.09736945 1.10413140 1.12209258 1.12880792 1.14129919 1.13533760 1.11644797 1.15086454 1.11346813 1.15102857 1.11917063 1.12896126 1.11715530 1.11676562 1.13273503 1.12013127 1.14770284 1.13911048 1.13235013 1.13694281 1.13184347 1.12521354 1.12592943
0.99494591 0.97048729 0.97353541 0.97524041 0.95487495 0.96406091 0.96686663 0.97423012 0.98077749 0.97067589 0.97202531 0.95489615 0.96846735 0.97576006 0.99588136 0.97896249 0.96928690 0.97462902 0.96654732 0.97740581 0.96846330 0.95943895 0.96603620 0.97729598 0.96647241 0.98077275 0.97920426 0.97147998 0.98117576 0.99052609 0.98326132 0.98143142
0.80131694 0.80453237 0.79701329 0.78107134 0.78382714 0.79249501 0.79007576 0.78840593 0.78172457 0.77871996 0.78653158 0.79006137 0.79604478 0.79836046 0.79871228 0.79848472 0.79211045 0.79526704 0.78419503 0.78541580 0.79962463 0.79329712 0.79062785 0.79599854 0.80362030 0.80341237 0.79803035 0.80746193 0.79759735 0.80067363 0.79301642 0.80564322
0.61678349 0.61378551 0.61579007 0.61297999 0.61620094 0.60951846 0.60728280 0.60855092 0.60571651 0.61225988 0.61198728 0.61652741 0.60892427 0.61986036 0.61695732 0.61753061 0.61945913 0.61781284 0.61262448 0.61844491 0.61736928 0.61875353 0.62110150 0.62137120 0.61837826 0.61878715 0.62082872 0.61456721 0.61195803 0.62526148 0.62942164 0.61580743
0.45505167 0.45565705 0.45215895 0.45318021 0.44894670 0.45021281 0.44487880 0.45223616 0.45072022 0.45225390 0.45212201 0.45097416 0.45069869 0.45498578 0.45314188 0.45004050 0.45378231 0.45274796 0.45494930 0.45348377 0.45391834 0.45526664 0.45382083 0.45739207 0.45309574 0.45818091 0.45675847 0.46083771 0.45963324 0.46019014 0.45515315 0.45529143
0.32157174 0.32072758 0.31910430 0.31782970 0.31671737 0.31289869 0.31573047 0.31353239 0.31437907 0.31429013 0.31572910 0.31802753 0.31814031 0.31908130 0.31958109 0.31979193 0.31789275 0.31928409 0.31872179 0.31854337 0.31991919 0.31799627 0.32192826 0.32099314 0.32215829 0.32102929 0.32311360 0.32490177 0.32385171 0.32333043 0.32410863 0.32119125
0.21764176 0.21667632 0.21534005 0.21230286 0.21337316 0.21175426 0.21257204 0.21288337 0.21361000 0.21344300 0.21437488 0.21327616 0.21539938 0.21610679 0.21679551 0.21435587 0.21600469 0.21536164 0.21541448 0.21597260 0.21623035 0.21542502 0.21779512 0.21868834 0.21902215 0.21965952 0.22157035 0.22053886 0.22166919 0.22105356 0.21990778 0.21993647
0.14513044 0.14402232 0.14309534 0.14168832 0.14153415 0.14096851 0.14092343 0.14125777 0.14211981 0.14267284 0.14295592 0.14326484 0.14295616 0.14368631 0.14346127 0.14321201 0.14352960 0.14355105 0.14427683 0.14365116 0.14491617 0.14498132 0.14570804 0.14619660 0.14590548 0.14670971 0.14772722 0.14847269 0.14891308 0.14813487 0.14641596 0.14615651
0.09915111 0.09801450 0.09714894 0.09624832 0.09536648 0.09465309 0.09524182 0.09570079 0.09617365 0.09674974 0.09747560 0.09721856 0.09763080 0.09732662 0.09763543 0.09756187 0.09788684 0.09790914 0.09799068 0.09870090 0.09908059 0.09919003 0.09952743 0.09973284 0.10044673 0.10035480 0.10108991 0.10101816 0.10158902 0.10117014 0.10075095 0.10011274
0.07258594 0.07164550 0.07082308 0.06999944 0.06952518 0.06928341 0.06950458 0.06984670 0.07030728 0.07091566 0.07113259 0.07147575 0.07165182 0.07165945 0.07177538 0.07169693 0.07197330 0.07214955 0.07240271 0.07268193 0.07305125 0.07321625 0.07355965 0.07385387 0.07411540 0.07427288 0.07441334 0.07472026 0.07467749 0.07469535 0.07429558 0.07348729
0.05989875 0.05903560 0.05829789 0.05763581 0.05731372 0.05721085 0.05733441 0.05759325 0.05809813 0.05845432 0.05875490 0.05897019 0.05910191 0.05907000 0.05926261 0.05934708 0.05961128 0.06005950 0.06047233 0.06082484 0.06119909 0.06149238 0.06154792 0.06180648 0.06195070 0.06200742 0.06209462 0.06215566 0.06208395 0.06186439 0.06150899 0.06070785
0.05514361 0.05436558 0.05367783 0.05297964 0.05279816 0.05269069 0.05275970 0.05305469 0.05349021 0.05365667 0.05393903 0.05426037 0.05425665 0.05442915 0.05461646 0.05490069 0.05537757 0.05579375 0.05629408 0.05676739 0.05711856 0.05730392 0.05749583 0.05752638 0.05764683 0.05763667 0.05765734 0.05760706 0.05730432 0.05710664 0.05657627 0.05588208
0.05381913 0.05307332 0.05237578 0.05189047 0.05153693 0.05142434 0.05150118 0.05172187 0.05194834 0.05239546 0.05244701 0.05264763 0.05270515 0.05294269 0.05323591 0.05357116 0.05386332 0.05465328 0.05526947 0.05581932 0.05627560 0.05649028 0.05669818 0.05652469 0.05665488 0.05662596 0.05653487 0.05643586 0.05619892 0.05583004 0.05531335 0.05455730
