32 32 0.051382 0.29379
0.06139490 0.06030491 0.05921227 0.05800680 0.05696741 0.05605836 0.05544075 0.05485771 0.05452444 0.05431366 0.05415669 0.05417812 0.05419412 0.05445307 0.05495169 0.05560948 0.05641346 0.05740847 0.05842943 0.05937080 0.06007046 0.06062558 0.06128235 0.06162904 0.06206127 0.06245173 0.06274205 0.06302569 0.06316214 0.06320613 0.06284718 0.06224925
0.06081017 0.05976110 0.05857504 0.05734719 0.05629854 0.05546175 0.05471515 0.05405178 0.05367242 0.05358042 0.05368797 0.05357677 0.05360687 0.05389797 0.05451039 0.05528719 0.05631930 0.05731657 0.05827993 0.05944142 0.06021744 0.06081804 0.06145119 0.06180312 0.06204064 0.06243363 0.06263112 0.06278574 0.06279686 0.06272344 0.06235909 0.06165018
0.06019656 0.05911640 0.05793257 0.05691488 0.05574261 0.05470665 0.05405746 0.05308569 0.05305046 0.05270763 0.05269862 0.05266347 0.05293508 0.05338256 0.05405302 0.05482151 0.05592665 0.05688381 0.05823660 0.05931877 0.06010685 0.06093503 0.06143922 0.06172490 0.06196300 0.06225976 0.06232877 0.06243516 0.06240886 0.06215819 0.06185168 0.06096661
0.05952261 0.05846201 0.05730584 0.05617694 0.05499560 0.05410170 0.05331038 0.05271939 0.05224379 0.05197758 0.05197868 0.05196959 0.05228281 0.05278288 0.05347864 0.05456738 0.05565729 0.05686964 0.05808473 0.05942372 0.06014332 0.06087344 0.06134063 0.06161158 0.06178381 0.06198173 0.06201566 0.06203117 0.06194074 0.06161127 0.06115148 0.06044463
0.05910985 0.05806377 0.05694204 0.05566530 0.05461844 0.05365302 0.05284873 0.05217835 0.05170453 0.05145635 0.05138211 0.05146151 0.05185871 0.05242278 0.05322708 0.05430781 0.05553579 0.05681663 0.05802774 0.05919281 0.06024438 0.06081095 0.06133033 0.06164117 0.06175549 0.06183692 0.06185067 0.06181488 0.06154292 0.06121001 0.06066805 0.05988592
0.05966014 0.05867751 0.05752566 0.05631422 0.05530123 0.05435155 0.05342500 0.05275704 0.05224097 0.05188946 0.05178806 0.05195441 0.05233799 0.05300649 0.05388050 0.05496357 0.05621137 0.05747710 0.05863601 0.05991826 0.06078181 0.06152137 0.06203357 0.06232532 0.06245454 0.06250519 0.06246804 0.06223452 0.06204410 0.06172649 0.06120336 0.06055392
0.06264049 0.06156111 0.06061483 0.05943196 0.05827802 0.05728422 0.05634379 0.05555006 0.05494669 0.05449997 0.05448772 0.05463914 0.05503269 0.05574873 0.05664437 0.05763242 0.05897088 0.06015668 0.06142030 0.06251678 0.06346608 0.06416968 0.06464847 0.06508389 0.06518389 0.06530393 0.06513086 0.06508255 0.06478025 0.06459548 0.06409968 0.06340255
0.06935548 0.06850477 0.06748683 0.06640480 0.06517046 0.06407520 0.06303689 0.06225058 0.06159450 0.06106600 0.06094565 0.06102937 0.06143033 0.06209794 0.06293431 0.06410668 0.06518478 0.06639525 0.06757183 0.06863919 0.06964674 0.07034546 0.07074787 0.07121302 0.07146347 0.07139109 0.07160121 0.07153722 0.07148191 0.07102214 0.07069807 0.06974609
0.08132148 0.08010442 0.07963338 0.07835029 0.07729133 0.07613957 0.07493415 0.07402446 0.07338337 0.07270111 0.07243539 0.07251285 0.07279298 0.07337289 0.07415457 0.07523697 0.07612325 0.07737930 0.07822779 0.07933169 0.08032941 0.08110532 0.08169696 0.08214649 0.08242442 0.08282179 0.08267666 0.08290606 0.08278358 0.08253727 0.08233147 0.08202074
0.09930287 0.09910677 0.09750107 0.09678529 0.09584577 0.09457451 0.09330223 0.09240537 0.09190332 0.09070663 0.09023968 0.09038313 0.08997985 0.09135068 0.09166569 0.09258716 0.09323188 0.09453629 0.09558566 0.09651583 0.09741272 0.09805243 0.09867283 0.09947404 0.09979801 0.10018354 0.10045031 0.10059589 0.10090496 0.10065604 0.10036081 0.10026734
0.12581254 0.12420981 0.12414472 0.12344636 0.12161576 0.12063468 0.11932922 0.11828310 0.11702656 0.11674593 0.11554472 0.11626263 0.11552062 0.11627056 0.11643301 0.11692259 0.11836715 0.11937447 0.12030249 0.12085066 0.12140562 0.12246111 0.12283921 0.12371773 0.12436006 0.12506157 0.12501851 0.12569713 0.12604201 0.12600746 0.12644227 0.12549135
0.15899985 0.15848958 0.15764125 0.15736760 0.15654315 0.15398885 0.15322998 0.15147463 0.15060552 0.14976103 0.14858019 0.14831891 0.14793925 0.14950552 0.14932277 0.15115081 0.15031172 0.15187236 0.15254561 0.15266740 0.15381817 0.15429454 0.15419455 0.15688117 0.15692966 0.15697947 0.15807278 0.15859552 0.15974172 0.15926609 0.16019699 0.15951634
0.19947376 0.19872516 0.19722827 0.19732576 0.19484768 0.19316405 0.19211188 0.19141333 0.19015972 0.18919791 0.18827874 0.18840482 0.18676443 0.18827236 0.18956656 0.18941740 0.19001326 0.18970854 0.19069107 0.19142439 0.19194170 0.19373986 0.19312486 0.19482127 0.19423158 0.19647761 0.19687232 0.19722821 0.19848088 0.19890960 0.19866331 0.19960989
0.23994808 0.24180516 0.24148080 0.23705858 0.23950174 0.23332944 0.23475593 0.23347455 0.23252427 0.23129351 0.22924720 0.23104366 0.23007002 0.23072353 0.23043717 0.23159449 0.23097531 0.22998226 0.23355225 0.23465867 0.23405705 0.23503077 0.23559757 0.23863175 0.23834146 0.23786749 0.23947300 0.24157951 0.24031207 0.24171564 0.24217613 0.24049012
0.28087532 0.28215785 0.28205357 0.28145227 0.27813270 0.27509582 0.27401547 0.27485141 0.27325386 0.26970243 0.27048428 0.26939664 0.27225280 0.27364541 0.27533988 0.27152601 0.27372283 0.27383644 0.27282324 0.27521460 0.27498739 0.27451186 0.27769671 0.27837334 0.27971334 0.28028694 0.28357012 0.28165593 0.28265440 0.28311642 0.28399430 0.28479897
0.31409620 0.31533087 0.31404606 0.31304644 0.31227141 0.31004912 0.30872581 0.30750494 0.30572431 0.30604513 0.30504719 0.30214259 0.30586269 0.30639083 0.30722358 0.30634186 0.30540902 0.30886312 0.30649769 0.30582953 0.31216208 0.31254305 0.31250670 0.31438722 0.31284396 0.31411078 0.31707086 0.32009901 0.32015375 0.31623891 0.31415588 0.31607375
0.33828953 0.33372921 0.33804679 0.33226196 0.33282144 0.33088099 0.32825983 0.32631582 0.32598713 0.32522308 0.32580975 0.32516936 0.32463257 0.32501877 0.32776461 0.33027654 0.32935601 0.33080378 0.32856441 0.32807672 0.33480749 0.33424883 0.33218606 0.33844294 0.33711463 0.33778352 0.33747573 0.34013935 0.33732432 0.34089017 0.33959204 0.33787978
0.33925543 0.34056442 0.33793689 0.33670172 0.33486699 0.33203132 0.33186527 0.33047555 0.32943085 0.33008219 0.33047332 0.33107372 0.33156902 0.33330292 0.33305962 0.33466655 0.33617062 0.33698109 0.33770281 0.33989032 0.34019173 0.34050849 0.34224441 0.34321234 0.34418069 0.34469639 0.34492044 0.34516767 0.34469496 0.34417451 0.34497784 0.34234845
0.32814469 0.32847745 0.32668997 0.32218802 0.31961852 0.31693213 0.31619822 0.31740854 0.31618090 0.31738911 0.31710020 0.31775803 0.32016844 0.32437596 0.32402328 0.32527776 0.32614427 0.32470355 0.32987741 0.33036995 0.32915553 0.33515375 0.33216505 0.32778054 0.33689140 0.33278114 0.33004980 0.33190694 0.33577373 0.33592487 0.33435723 0.33096916
0.30468520 0.30097312 0.30163013 0.29799870 0.29234117 0.29537926 0.29114962 0.28969421 0.29137849 0.28966483 0.29127166 0.29517055 0.29835299 0.29953207 0.30102833 0.29793563 0.30347523 0.29903860 0.30689041 0.30312829 0.30480204 0.30545020 0.30392035 0.30862660 0.30730779 0.31181167 0.31043912 0.30692440 0.30939729 0.30737331 0.30566868 0.30413044
0.26808206 0.26361824 0.26158989 0.26113759 0.25619099 0.25557993 0.25645079 0.25608654 0.25767394 0.25680869 0.25697411 0.25638230 0.25915208 0.26011579 0.26519712 0.26320461 0.26310921 0.26522570 0.26484202 0.26892296 0.26928300 0.26795742 0.26930948 0.27023027 0.27040461 0.27168944 0.27241048 0.27141958 0.27218182 0.27213493 0.26974024 0.26865159
0.22447365 0.22369474 0.21995758 0.21677434 0.21588778 0.21653607 0.21455885 0.21384884 0.21299208 0.21348079 0.21534401 0.21643441 0.21836715 0.22029237 0.22066575 0.22185985 0.22189136 0.22391228 0.22246269 0.22413136 0.22747332 0.22602045 0.22661871 0.22779437 0.22937439 0.22968197 0.22924152 0.23056598 0.22801731 0.22738385 0.22594556 0.22726059
0.18268504 0.18139386 0.17954093 0.17786882 0.17675527 0.17461572 0.17349807 0.17389876 0.17349601 0.17454063 0.17546121 0.17686903 0.17609686 0.17893514 0.17884779 0.17974223 0.18110872 0.18211863 0.18168780 0.18355131 0.18424738 0.18470803 0.18616753 0.18673733 0.18653257 0.18682407 0.18740416 0.18603649 0.18583078 0.18765888 0.18752399 0.18374853
0.14656049 0.14529964 0.14325979 0.14199531 0.14014451 0.13937641 0.13773128 0.13877570 0.13856210 0.13910722 0.13939779 0.13961463 0.14009975 0.14162211 0.14157501 0.14184320 0.14309437 0.14383392 0.14482710 0.14530756 0.14613356 0.14704290 0.14730058 0.14838642 0.14799267 0.14962249 0.14932166 0.15049140 0.15041788 0.15013219 0.14860071 0.14766681
0.11746134 0.11602768 0.11442525 0.11290884 0.11156313 0.11001274 0.10976734 0.10906992 0.10897958 0.10908469 0.10975983 0.11022925 0.11066224 0.11123461 0.11172860 0.11231283 0.11229989 0.11343887 0.11382179 0.11444978 0.11549940 0.11550289 0.11691794 0.11717514 0.11783947 0.11819917 0.11917671 0.11988686 0.11984174 0.11987440 0.11964271 0.11828896
0.09534426 0.09402663 0.09250825 0.09083418 0.08986768 0.08860457 0.08814652 0.08778317 0.08764973 0.08767234 0.08788827 0.08772377 0.08839518 0.08872988 0.08924762 0.08904964 0.08977921 0.09018936 0.09086668 0.09149207 0.09202869 0.09255789 0.09350080 0.09421838 0.09481281 0.09554977 0.09654738 0.09699749 0.09767262 0.09754407 0.09723854 0.09651734
0.08013308 0.07894530 0.07773358 0.07627908 0.07517163 0.07416110 0.07346822 0.07307380 0.07299258 0.07289485 0.07285739 0.07310448 0.07294672 0.07329293 0.07340449 0.07366842 0.07410071 0.07463967 0.07528471 0.07573411 0.07656825 0.07706270 0.07771459 0.07836989 0.07884885 0.07969507 0.08055755 0.08132545 0.08189163 0.08205434 0.08119018 0.08105471
0.07079525 0.06962480 0.06842839 0.06712146 0.06587516 0.06502377 0.06438399 0.06399689 0.06385407 0.06376722 0.06371183 0.06357321 0.06368110 0.06363509 0.06381470 0.06405252 0.06452739 0.06502278 0.06552588 0.06629527 0.06693513 0.06743772 0.06796416 0.06855727 0.06929101 0.06992294 0.07068280 0.07138271 0.07193435 0.07224412 0.07214114 0.07165436
0.06563573 0.06450003 0.06335956 0.06202143 0.06102784 0.06006085 0.05944709 0.05905367 0.05876831 0.05883064 0.05856642 0.05851781 0.05852742 0.05844265 0.05860097 0.05885468 0.05930874 0.05987305 0.06044991 0.06112524 0.06174266 0.06222595 0.06284772 0.06341733 0.06404570 0.06468720 0.06539335 0.06608164 0.06657849 0.06695998 0.06686409 0.06633651
0.06326956 0.06223798 0.06108128 0.05980089 0.05881663 0.05800755 0.05733704 0.05684859 0.05663885 0.05642073 0.05627619 0.05621206 0.05619695 0.05613534 0.05638550 0.05666521 0.05718958 0.05783938 0.05854614 0.05924116 0.05990100 0.06053855 0.06094063 0.06152873 0.06208545 0.06263201 0.06331785 0.06393881 0.06447971 0.06464031 0.06458861 0.06406945
0.06239340 0.06127750 0.06026102 0.05893446 0.05803554 0.05714690 0.05648960 0.05603563 0.05578176 0.05549109 0.05536635 0.05541376 0.05524473 0.05538191 0.05563448 0.05608489 0.05677590 0.05746650 0.05828663 0.05908953 0.05975628 0.06028711 0.06081974 0.06126625 0.06180489 0.06231485 0.06288110 0.06337143 0.06362091 0.06394070 0.06371432 0.06317665
0.06188350 0.06083460 0.05967561 0.05850430 0.05747945 0.05662060 0.05595636 0.05550273 0.05514656 0.05512686 0.05480293 0.05480968 0.05468756 0.05493718 0.05531677 0.05580073 0.05637003 0.05743003 0.05837132 0.05925289 0.06002512 0.06063200 0.06117965 0.06144820 0.06194322 0.06239510 0.06286748 0.06327278 0.06355788 0.06355317 0.06338886 0.06271329
