32 32 0.052619 0.16208
0.06021964 0.05921405 0.05825719 0.05731446 0.05658062 0.05612676 0.05585132 0.05550773 0.05547684 0.05553002 0.05549539 0.05568687 0.05579013 0.05620667 0.05672202 0.05739948 0.05828766 0.05939518 0.06043884 0.06140360 0.06204656 0.06242236 0.06287505 0.06302304 0.06314781 0.06313262 0.06308073 0.06293178 0.06276014 0.06248935 0.06180081 0.06112367
0.05952561 0.05851855 0.05752027 0.05663248 0.05589827 0.05541893 0.05508581 0.05474680 0.05469262 0.05485857 0.05509429 0.05520551 0.05532123 0.05568475 0.05636911 0.05720273 0.05826847 0.05933973 0.06030118 0.06145476 0.06215989 0.06262738 0.06305492 0.06315587 0.06305358 0.06309685 0.06289039 0.06265813 0.06231872 0.06188757 0.06127427 0.06038632
0.05871042 0.05768748 0.05672449 0.05597697 0.05521556 0.05458555 0.05434653 0.05384525 0.05413456 0.05403864 0.05423541 0.05440863 0.05472526 0.05520311 0.05594865 0.05673586 0.05784574 0.05876682 0.06017205 0.06120397 0.06188920 0.06260331 0.06291991 0.06293153 0.06283130 0.06282185 0.06244398 0.06212822 0.06176259 0.06112161 0.06065832 0.05950397
0.05779477 0.05680330 0.05583524 0.05506522 0.05425679 0.05389391 0.05356309 0.05336812 0.05329614 0.05329835 0.05349159 0.05369375 0.05408725 0.05459204 0.05530173 0.05638930 0.05747804 0.05864123 0.05981796 0.06109991 0.06173269 0.06233909 0.06262492 0.06265004 0.06247861 0.06234425 0.06192356 0.06164595 0.06110802 0.06039613 0.05963843 0.05879010
0.05703917 0.05610404 0.05517405 0.05428924 0.05364977 0.05320169 0.05287745 0.05269321 0.05262641 0.05268731 0.05289385 0.05310408 0.05356669 0.05411445 0.05492367 0.05594154 0.05710373 0.05834014 0.05949694 0.06056701 0.06153680 0.06197993 0.06237985 0.06242188 0.06226897 0.06199361 0.06157614 0.06111492 0.06048271 0.05972789 0.05887129 0.05789495
0.05693401 0.05598496 0.05509570 0.05428323 0.05366606 0.05319671 0.05286525 0.05264024 0.05261945 0.05265889 0.05280170 0.05313892 0.05358024 0.05421780 0.05501307 0.05600011 0.05717899 0.05834282 0.05941752 0.06061537 0.06139622 0.06205432 0.06244619 0.06246256 0.06231729 0.06207049 0.06163140 0.06098447 0.06035892 0.05967193 0.05878414 0.05797319
0.05830916 0.05730325 0.05649236 0.05572404 0.05509158 0.05459051 0.05420398 0.05395420 0.05382200 0.05375146 0.05402393 0.05431892 0.05475428 0.05540481 0.05618514 0.05708853 0.05825112 0.05938996 0.06054476 0.06158733 0.06250032 0.06310466 0.06349129 0.06371882 0.06358583 0.06335538 0.06284854 0.06233159 0.06156948 0.06093311 0.06006940 0.05916417
0.06174389 0.06093376 0.06012617 0.05938435 0.05865866 0.05812561 0.05771172 0.05740919 0.05728925 0.05721168 0.05740174 0.05756162 0.05796392 0.05855734 0.05928341 0.06029268 0.06121418 0.06235590 0.06340584 0.06446413 0.06543212 0.06609705 0.06645321 0.06677243 0.06681746 0.06641446 0.06625076 0.06572464 0.06520207 0.06426477 0.06350115 0.06228620
0.06837778 0.06705069 0.06674361 0.06585169 0.06528355 0.06465525 0.06411509 0.06374788 0.06360362 0.06341756 0.06345347 0.06364957 0.06388853 0.06442959 0.06507955 0.06594855 0.06675338 0.06782715 0.06873313 0.06977134 0.07073940 0.07151289 0.07209840 0.07245023 0.07257430 0.07263828 0.07205067 0.07185098 0.07128841 0.07052969 0.06984747 0.06912170
0.07820534 0.07780172 0.07660382 0.07600616 0.07548749 0.07476254 0.07409363 0.07378685 0.07365806 0.07314170 0.07304462 0.07321704 0.07309236 0.07390510 0.07430224 0.07502487 0.07559190 0.07663955 0.07765692 0.07852167 0.07943542 0.08021706 0.08089716 0.08150120 0.08167787 0.08188789 0.08178851 0.08144711 0.08115541 0.08043784 0.07976635 0.07918868
0.09287655 0.09156235 0.09132216 0.09074744 0.08972173 0.08911682 0.08843052 0.08795597 0.08735665 0.08740759 0.08674934 0.08716819 0.08679916 0.08728303 0.08745080 0.08787226 0.08879944 0.08964212 0.09046846 0.09115392 0.09194175 0.09295833 0.09353897 0.09431733 0.09480938 0.09508623 0.09503230 0.09510946 0.09483921 0.09437088 0.09410919 0.09313973
0.11116564 0.11055494 0.10957291 0.10949535 0.10896584 0.10749103 0.10706551 0.10616636 0.10576289 0.10533263 0.10473029 0.10461513 0.10429072 0.10517613 0.10507064 0.10613313 0.10573449 0.10677563 0.10746909 0.10788909 0.10893317 0.10970493 0.11025271 0.11194351 0.11218086 0.11234275 0.11278210 0.11290526 0.11316057 0.11256808 0.11263748 0.11188776
0.13338578 0.13266314 0.13155272 0.13133964 0.12991225 0.12892319 0.12836739 0.12801439 0.12735711 0.12685311 0.12635428 0.12638508 0.12544306 0.12614800 0.12672040 0.12663159 0.12705010 0.12703586 0.12775797 0.12849712 0.12924638 0.13067567 0.13085781 0.13213145 0.13220272 0.13355999 0.13380549 0.13384570 0.13430173 0.13415820 0.13374221 0.13391626
0.15531700 0.15617191 0.15572276 0.15301015 0.15432883 0.15083115 0.15159388 0.15102335 0.15050230 0.14976686 0.14868264 0.14965891 0.14900667 0.14928498 0.14908346 0.14953627 0.14918634 0.14887533 0.15089030 0.15175614 0.15190985 0.15291707 0.15375369 0.15572058 0.15593717 0.15597147 0.15685944 0.15785758 0.15678627 0.15745127 0.15730345 0.15612260
0.17753615 0.17789867 0.17751424 0.17706239 0.17509759 0.17340089 0.17285209 0.17347323 0.17259481 0.17075660 0.17130129 0.17070755 0.17210504 0.17289745 0.17355104 0.17163853 0.17269429 0.17290851 0.17246073 0.17398739 0.17437873 0.17452729 0.17656786 0.17735117 0.17837639 0.17902602 0.18070285 0.17959608 0.17997213 0.17994913 0.17993390 0.18007194
0.19544569 0.19556147 0.19477873 0.19376535 0.19343159 0.19235357 0.19142396 0.19113821 0.19030753 0.19074133 0.19020711 0.18878656 0.19080873 0.19100327 0.19157129 0.19107199 0.19034112 0.19257639 0.19138299 0.19135251 0.19499287 0.19546852 0.19598542 0.19690144 0.19671824 0.19800338 0.19893241 0.20023224 0.20009222 0.19751658 0.19642435 0.19713376
0.20782152 0.20529344 0.20683703 0.20393540 0.20394769 0.20274850 0.20188357 0.20084703 0.20128769 0.20116257 0.20196934 0.20180473 0.20142626 0.20176674 0.20323056 0.20550841 0.20434280 0.20529930 0.20411056 0.20403868 0.20826768 0.20813232 0.20687981 0.21046042 0.21016280 0.21076866 0.21023197 0.21117086 0.20978527 0.21101797 0.20992346 0.20834081
0.20830152 0.20927456 0.20671210 0.20606274 0.20478298 0.20271821 0.20367609 0.20325455 0.20218102 0.20424080 0.20471037 0.20525741 0.20599780 0.20702712 0.20722899 0.20822736 0.20878456 0.20929011 0.21015533 0.21165473 0.21225991 0.21281954 0.21391664 0.21385020 0.21470175 0.21467781 0.21440704 0.21429617 0.21380262 0.21290068 0.21312596 0.21079352
0.20181881 0.20187237 0.20040434 0.19767443 0.19717812 0.19510725 0.19508395 0.19608974 0.19586260 0.19699833 0.19747424 0.19854145 0.20034846 0.20275297 0.20298653 0.20380181 0.20470864 0.20393713 0.20684691 0.20686013 0.20693016 0.21051458 0.20886473 0.20651341 0.21117034 0.20887973 0.20695954 0.20728173 0.20890213 0.20801679 0.20680436 0.20416192
0.18934674 0.18678149 0.18672911 0.18452260 0.18160288 0.18321627 0.18144025 0.18105736 0.18268289 0.18269302 0.18413906 0.18664710 0.18895737 0.18979098 0.19109451 0.18952769 0.19249719 0.19061445 0.19506646 0.19337406 0.19430323 0.19497860 0.19405262 0.19654051 0.19581752 0.19766214 0.19665663 0.19406655 0.19478759 0.19303390 0.19147786 0.18983383
0.16938960 0.16681857 0.16525900 0.16469138 0.16217501 0.16177739 0.16266493 0.16290841 0.16440625 0.16462590 0.16535498 0.16573971 0.16768869 0.16853228 0.17184945 0.17097366 0.17114376 0.17258300 0.17261330 0.17518187 0.17569813 0.17501422 0.17571527 0.17593745 0.17613597 0.17633079 0.17632446 0.17532910 0.17503881 0.17418054 0.17217441 0.17081746
0.14662284 0.14556795 0.14310192 0.14103479 0.14058683 0.14094964 0.14016569 0.14026833 0.14034527 0.14130713 0.14292230 0.14406292 0.14557664 0.14708513 0.14754714 0.14854283 0.14882564 0.15031311 0.14973056 0.15105446 0.15301585 0.15222814 0.15253854 0.15305783 0.15374506 0.15373233 0.15308705 0.15323129 0.15136937 0.15034002 0.14897557 0.14882462
0.12449913 0.12330570 0.12190728 0.12044887 0.11971741 0.11861950 0.11826553 0.11893182 0.11918805 0.12026910 0.12133947 0.12258702 0.12251249 0.12444389 0.12461281 0.12539762 0.12655192 0.12736642 0.12734088 0.12868212 0.12934459 0.12962578 0.13039190 0.13068865 0.13047555 0.13039064 0.13043254 0.12927796 0.12873994 0.12920244 0.12851857 0.12571101
0.10546372 0.10423147 0.10262754 0.10159151 0.10039816 0.09997721 0.09934913 0.10013270 0.10043473 0.10117616 0.10176311 0.10224782 0.10280390 0.10386964 0.10411978 0.10445446 0.10539025 0.10612011 0.10693097 0.10746988 0.10812427 0.10877843 0.10888070 0.10955299 0.10934364 0.11008372 0.10970166 0.11004019 0.10966743 0.10906521 0.10764347 0.10666852
0.09013114 0.08880011 0.08749099 0.08624629 0.08537530 0.08456469 0.08446983 0.08440574 0.08461085 0.08485371 0.08578947 0.08617063 0.08661485 0.08708289 0.08756970 0.08806839 0.08825119 0.08921150 0.08968667 0.09027425 0.09110966 0.09121492 0.09209889 0.09224623 0.09257516 0.09273538 0.09316550 0.09340395 0.09308452 0.09283692 0.09230495 0.09107851
0.07846960 0.07728632 0.07599759 0.07480949 0.07400455 0.07328986 0.07311630 0.07308760 0.07320154 0.07356060 0.07385926 0.07382702 0.07443891 0.07465079 0.07511392 0.07520281 0.07580045 0.07626065 0.07695734 0.07754247 0.07798527 0.07836161 0.07907959 0.07951779 0.07984917 0.08026413 0.08068054 0.08093765 0.08114485 0.08088211 0.08039206 0.07962765
0.07045489 0.06934514 0.06835808 0.06717812 0.06637405 0.06575308 0.06542515 0.06532420 0.06555622 0.06557594 0.06569224 0.06597329 0.06592502 0.06622118 0.06637090 0.06669216 0.06709206 0.06772569 0.06836949 0.06883796 0.06952382 0.06995653 0.07037782 0.07078569 0.07101406 0.07156629 0.07199304 0.07236230 0.07260487 0.07257022 0.07165487 0.07136539
0.06559523 0.06451842 0.06351639 0.06244873 0.06156513 0.06104877 0.06073286 0.06065538 0.06071535 0.06085057 0.06082857 0.06083348 0.06095397 0.06101165 0.06116500 0.06144461 0.06195991 0.06254178 0.06307862 0.06376082 0.06435465 0.06477580 0.06511530 0.06551326 0.06590570 0.06632391 0.06669192 0.06711406 0.06726059 0.06736946 0.06705774 0.06645071
0.06298203 0.06189036 0.06096743 0.05984503 0.05910619 0.05851412 0.05820855 0.05811151 0.05802991 0.05824213 0.05814993 0.05818434 0.05824132 0.05819298 0.05837550 0.05875824 0.05925142 0.05989047 0.06049963 0.06120921 0.06173414 0.06218152 0.06257254 0.06290387 0.06324538 0.06358099 0.06392892 0.06431735 0.06449296 0.06460421 0.06430819 0.06367541
0.06173826 0.06073011 0.05974484 0.05876215 0.05799818 0.05747772 0.05713307 0.05698745 0.05702329 0.05698182 0.05692241 0.05697302 0.05698396 0.05703925 0.05731947 0.05770008 0.05831012 0.05902530 0.05976446 0.06045548 0.06103524 0.06153781 0.06186769 0.06217270 0.06245467 0.06273220 0.06304094 0.06331377 0.06358786 0.06348459 0.06318847 0.06256642
0.06119310 0.06018401 0.05923643 0.05812751 0.05755872 0.05700200 0.05661960 0.05650972 0.05652861 0.05642204 0.05640728 0.05657064 0.05648790 0.05668590 0.05702506 0.05756923 0.05835565 0.05909616 0.05999096 0.06079917 0.06141387 0.06183127 0.06219740 0.06233305 0.06266986 0.06281624 0.06300520 0.06314926 0.06307958 0.06311062 0.06266559 0.06202074
0.06075559 0.05974987 0.05867752 0.05780287 0.05707179 0.05655291 0.05623540 0.05611085 0.05601303 0.05619717 0.05602044 0.05613757 0.05616250 0.05646427 0.05695453 0.05756325 0.05825820 0.05931841 0.06025952 0.06114502 0.06187108 0.06236937 0.06273461 0.06271388 0.06294547 0.06302501 0.06310588 0.06321180 0.06317341 0.06283072 0.06237170 0.06163061
