32 32 0.080158 0.0098783
0.08375182 0.08338543 0.08317542 0.08293699 0.08271500 0.08269742 0.08271964 0.08259367 0.08269651 0.08281122 0.08311587 0.08331141 0.08351218 0.08384613 0.08431623 0.08478475 0.08532288 0.08600717 0.08660717 0.08710599 0.08739148 0.08738230 0.08750580 0.08729288 0.08704056 0.08654508 0.08603286 0.08547080 0.08514040 0.08483081 0.08438250 0.08398380
0.08338847 0.08305851 0.08278426 0.08244670 0.08224939 0.08222244 0.08212130 0.08198703 0.08207549 0.08228235 0.08261643 0.08276228 0.08290745 0.08324159 0.08372023 0.08428982 0.08499819 0.08563051 0.08609349 0.08679853 0.08707372 0.08721125 0.08728735 0.08707281 0.08664052 0.08628107 0.08581088 0.08531782 0.08489248 0.08450559 0.08411367 0.08365218
0.08309256 0.08275273 0.08244627 0.08222154 0.08197299 0.08175288 0.08170325 0.08128279 0.08168295 0.08162120 0.08185139 0.08203682 0.08226313 0.08262786 0.08311987 0.08363392 0.08432219 0.08482087 0.08571373 0.08625753 0.08654176 0.08688046 0.08690398 0.08667805 0.08631145 0.08598104 0.08543613 0.08501430 0.08461650 0.08412159 0.08389385 0.08330662
0.08277784 0.08237362 0.08208603 0.08182775 0.08158229 0.08143840 0.08127526 0.08111071 0.08113710 0.08114761 0.08127606 0.08141882 0.08166632 0.08204631 0.08234325 0.08318621 0.08392979 0.08443357 0.08513806 0.08577449 0.08617718 0.08645768 0.08647911 0.08628512 0.08597348 0.08563806 0.08517961 0.08478116 0.08432876 0.08388281 0.08353276 0.08313811
0.08257063 0.08212450 0.08183238 0.08151370 0.08122365 0.08106607 0.08092249 0.08077416 0.08072537 0.08077469 0.08085076 0.08086927 0.08123489 0.08153482 0.08208812 0.08266142 0.08333728 0.08407978 0.08470683 0.08532713 0.08586997 0.08605097 0.08614999 0.08601473 0.08573819 0.08535201 0.08496534 0.08458738 0.08408036 0.08366757 0.08324358 0.08284026
0.08232042 0.08196746 0.08162208 0.08136092 0.08111686 0.08097906 0.08070863 0.08056319 0.08052331 0.08046786 0.08051479 0.08068059 0.08090406 0.08128201 0.08181887 0.08237793 0.08313453 0.08380642 0.08438217 0.08505996 0.08554470 0.08581855 0.08596899 0.08575830 0.08554145 0.08523669 0.08479908 0.08425353 0.08391263 0.08353604 0.08309288 0.08284354
0.08227122 0.08183594 0.08159589 0.08132611 0.08105681 0.08083021 0.08060721 0.08047497 0.08035914 0.08015767 0.08038052 0.08052828 0.08076212 0.08115343 0.08162308 0.08215963 0.08294862 0.08366891 0.08435099 0.08493167 0.08542090 0.08572347 0.08586891 0.08580721 0.08557770 0.08523117 0.08482155 0.08436749 0.08386713 0.08346629 0.08300673 0.08257293
0.08234366 0.08195018 0.08164454 0.08137691 0.08109774 0.08089058 0.08068634 0.08062210 0.08051041 0.08046870 0.08047367 0.08062271 0.08085267 0.08121622 0.08169484 0.08237236 0.08298883 0.08372482 0.08439045 0.08500669 0.08555385 0.08583426 0.08591773 0.08592383 0.08575411 0.08542887 0.08502821 0.08452187 0.08415897 0.08360483 0.08316609 0.08251326
0.08272505 0.08214810 0.08198733 0.08161933 0.08153997 0.08119572 0.08101607 0.08089612 0.08080594 0.08076071 0.08079146 0.08090884 0.08109627 0.08149740 0.08198215 0.08260791 0.08318055 0.08394134 0.08447149 0.08521541 0.08568063 0.08608722 0.08623143 0.08626819 0.08611676 0.08584745 0.08519161 0.08490529 0.08443903 0.08394642 0.08344672 0.08296039
0.08291285 0.08264336 0.08232323 0.08205001 0.08193624 0.08162415 0.08150528 0.08132343 0.08129939 0.08121368 0.08126493 0.08139643 0.08152467 0.08190226 0.08241203 0.08301644 0.08357797 0.08430121 0.08509024 0.08554840 0.08605716 0.08654902 0.08665711 0.08671150 0.08647126 0.08625561 0.08585112 0.08534948 0.08491397 0.08433866 0.08384566 0.08342258
0.08354911 0.08309689 0.08289597 0.08265567 0.08250584 0.08224736 0.08208696 0.08198740 0.08185746 0.08213854 0.08187340 0.08204648 0.08219195 0.08253000 0.08299847 0.08353850 0.08419481 0.08495562 0.08547757 0.08606902 0.08662047 0.08695507 0.08711422 0.08718256 0.08698706 0.08674282 0.08633515 0.08590814 0.08533337 0.08487023 0.08440295 0.08382414
0.08409558 0.08375320 0.08349843 0.08327739 0.08307677 0.08278823 0.08279341 0.08268632 0.08270006 0.08266468 0.08267749 0.08285188 0.08289531 0.08335314 0.08375310 0.08434531 0.08485307 0.08547389 0.08608190 0.08663681 0.08704999 0.08747072 0.08789049 0.08770377 0.08756104 0.08732240 0.08679274 0.08639037 0.08577999 0.08540462 0.08483401 0.08451725
0.08462476 0.08433069 0.08403258 0.08364133 0.08362009 0.08350205 0.08347481 0.08346712 0.08345292 0.08345048 0.08352836 0.08363364 0.08380934 0.08415419 0.08447498 0.08501107 0.08553094 0.08605985 0.08670915 0.08723158 0.08767969 0.08808171 0.08822842 0.08823562 0.08817967 0.08782980 0.08742024 0.08693364 0.08639779 0.08592133 0.08544523 0.08505490
0.08516109 0.08479485 0.08448079 0.08435801 0.08417305 0.08407532 0.08405910 0.08410731 0.08410701 0.08417555 0.08437345 0.08447239 0.08460255 0.08489241 0.08524033 0.08570357 0.08620119 0.08662486 0.08734828 0.08779466 0.08827303 0.08860791 0.08873315 0.08891551 0.08866098 0.08837845 0.08794921 0.08741938 0.08680552 0.08639996 0.08589765 0.08556662
0.08551936 0.08512797 0.08482946 0.08464780 0.08451157 0.08442791 0.08444181 0.08456692 0.08469774 0.08467699 0.08489596 0.08502528 0.08527025 0.08548342 0.08594531 0.08622063 0.08683818 0.08734152 0.08787513 0.08839788 0.08879147 0.08906636 0.08928507 0.08927386 0.08910382 0.08881577 0.08838964 0.08789465 0.08740231 0.08685895 0.08633189 0.08589457
0.08572485 0.08531111 0.08500721 0.08477302 0.08470271 0.08468509 0.08467858 0.08482715 0.08496951 0.08518732 0.08527400 0.08553955 0.08584354 0.08597638 0.08646255 0.08674123 0.08719047 0.08778086 0.08825734 0.08872721 0.08921278 0.08957547 0.08970662 0.08969545 0.08945412 0.08947237 0.08876574 0.08823259 0.08779864 0.08708596 0.08660148 0.08617888
0.08580026 0.08523588 0.08508163 0.08477013 0.08470330 0.08458530 0.08479075 0.08475600 0.08502498 0.08528455 0.08541064 0.08574072 0.08600348 0.08628859 0.08658388 0.08705282 0.08745224 0.08801300 0.08850646 0.08896770 0.08954966 0.08976432 0.08990361 0.09002253 0.08973281 0.08939213 0.08894094 0.08844146 0.08791971 0.08738754 0.08685386 0.08638179
0.08569965 0.08535597 0.08482509 0.08454042 0.08445982 0.08437107 0.08444028 0.08459599 0.08484801 0.08505948 0.08539338 0.08567901 0.08594162 0.08621811 0.08655680 0.08699140 0.08747020 0.08798529 0.08863471 0.08910777 0.08957908 0.08989530 0.09003597 0.08984048 0.08973818 0.08944640 0.08893102 0.08850571 0.08796348 0.08739045 0.08682222 0.08643886
0.08558393 0.08509130 0.08458143 0.08422767 0.08411323 0.08392801 0.08393771 0.08413267 0.08435503 0.08467148 0.08501970 0.08549134 0.08571537 0.08598662 0.08633871 0.08674727 0.08742242 0.08776268 0.08845857 0.08870954 0.08929389 0.08990467 0.08982798 0.08963403 0.08990481 0.08930636 0.08880028 0.08848256 0.08791768 0.08726438 0.08677714 0.08613823
0.08524953 0.08472899 0.08461862 0.08384097 0.08351964 0.08351047 0.08346357 0.08353854 0.08393994 0.08437109 0.08464306 0.08501279 0.08537972 0.08568459 0.08615688 0.08631274 0.08672529 0.08737066 0.08805784 0.08850887 0.08890575 0.08925693 0.08940801 0.08948189 0.08938148 0.08915045 0.08881205 0.08818411 0.08774174 0.08715078 0.08656961 0.08591514
0.08518392 0.08444966 0.08388772 0.08344343 0.08310743 0.08305332 0.08304698 0.08319916 0.08345880 0.08377102 0.08412596 0.08443837 0.08478462 0.08521492 0.08591685 0.08598242 0.08629721 0.08687539 0.08743251 0.08805325 0.08860813 0.08878760 0.08896429 0.08899170 0.08891737 0.08871621 0.08834378 0.08793141 0.08747791 0.08692745 0.08638491 0.08565870
0.08481545 0.08429535 0.08373842 0.08300957 0.08285744 0.08273401 0.08266997 0.08282201 0.08307731 0.08344194 0.08381333 0.08413569 0.08445429 0.08482853 0.08508004 0.08546219 0.08587806 0.08647595 0.08692661 0.08761123 0.08795330 0.08827643 0.08843471 0.08848238 0.08850117 0.08826077 0.08791743 0.08756689 0.08714204 0.08665347 0.08635201 0.08547219
0.08466667 0.08404009 0.08386277 0.08298066 0.08271753 0.08252984 0.08248880 0.08270739 0.08291874 0.08324228 0.08360135 0.08397789 0.08414733 0.08452397 0.08476555 0.08510416 0.08549266 0.08609291 0.08657035 0.08711620 0.08753104 0.08786693 0.08790523 0.08810385 0.08800652 0.08781290 0.08759745 0.08726484 0.08685034 0.08640466 0.08592557 0.08535635
0.08464891 0.08407336 0.08353204 0.08311525 0.08273902 0.08256272 0.08259199 0.08263043 0.08291591 0.08322789 0.08355976 0.08385926 0.08413610 0.08433958 0.08460963 0.08490707 0.08540913 0.08588989 0.08633005 0.08680746 0.08723471 0.08752719 0.08771391 0.08772041 0.08802215 0.08754880 0.08739468 0.08714053 0.08661545 0.08625602 0.08576067 0.08516013
0.08462912 0.08400705 0.08356963 0.08311816 0.08292978 0.08279800 0.08269407 0.08297586 0.08308297 0.08339552 0.08372315 0.08390473 0.08421613 0.08446486 0.08472729 0.08503454 0.08529796 0.08583813 0.08633919 0.08672425 0.08711427 0.08741883 0.08752658 0.08753122 0.08748567 0.08735032 0.08706873 0.08675965 0.08649609 0.08607107 0.08564448 0.08510548
0.08468665 0.08416656 0.08369409 0.08359243 0.08310663 0.08294368 0.08300815 0.08312462 0.08331378 0.08368593 0.08388081 0.08417561 0.08445074 0.08459407 0.08498388 0.08526296 0.08554348 0.08596624 0.08651728 0.08680286 0.08704584 0.08730423 0.08745123 0.08742366 0.08730276 0.08717745 0.08684344 0.08667829 0.08628851 0.08603319 0.08568036 0.08515321
0.08459919 0.08413590 0.08391221 0.08350632 0.08336326 0.08322088 0.08325247 0.08332843 0.08373718 0.08374927 0.08402434 0.08445349 0.08449497 0.08487601 0.08509822 0.08548871 0.08575262 0.08624826 0.08662282 0.08697741 0.08727244 0.08741319 0.08747901 0.08741424 0.08723107 0.08710048 0.08679281 0.08647040 0.08608595 0.08587930 0.08527069 0.08499730
0.08461999 0.08422804 0.08401232 0.08367585 0.08341495 0.08334602 0.08344465 0.08365251 0.08381716 0.08412365 0.08434067 0.08451408 0.08483192 0.08506952 0.08533458 0.08561413 0.08606941 0.08644127 0.08687139 0.08720900 0.08756528 0.08759355 0.08758391 0.08745920 0.08732597 0.08701868 0.08667354 0.08635173 0.08603637 0.08565423 0.08533408 0.08499910
0.08454387 0.08414109 0.08402873 0.08364803 0.08352347 0.08345436 0.08348723 0.08369049 0.08380377 0.08425880 0.08440901 0.08462247 0.08495464 0.08512823 0.08541479 0.08575566 0.08617913 0.08661824 0.08702648 0.08740655 0.08763832 0.08769166 0.08771277 0.08754876 0.08732155 0.08693650 0.08650023 0.08625141 0.08589188 0.08559153 0.08523310 0.08487708
0.08438067 0.08397716 0.08378401 0.08353040 0.08344530 0.08346594 0.08347415 0.08363905 0.08393227 0.08411002 0.08428771 0.08461924 0.08481837 0.08508426 0.08555587 0.08577733 0.08637587 0.08667760 0.08714701 0.08752137 0.08779243 0.08789098 0.08777661 0.08759718 0.08737182 0.08686961 0.08652549 0.08610699 0.08579786 0.08542653 0.08512656 0.08470824
0.08416615 0.08386485 0.08363239 0.08330518 0.08325676 0.08320324 0.08333392 0.08344958 0.08375646 0.08378710 0.08408320 0.08438812 0.08448545 0.08483953 0.08520747 0.08562152 0.08622721 0.08663447 0.08715464 0.08756066 0.08781855 0.08783420 0.08784051 0.08758240 0.08732222 0.08687084 0.08641141 0.08600585 0.08545989 0.08523831 0.08486525 0.08452416
0.08395088 0.08365633 0.08335028 0.08316592 0.08300998 0.08303270 0.08309386 0.08312307 0.08331504 0.08346629 0.08354506 0.08392733 0.08410844 0.08441638 0.08476609 0.08532542 0.08574976 0.08636400 0.08691336 0.08737895 0.08773501 0.08783428 0.08780437 0.08745783 0.08718136 0.08672958 0.08628799 0.08581699 0.08544680 0.08502695 0.08468733 0.08428544
