32 32 0.050178 0.60296
0.05373577 0.05295111 0.05240563 0.05176520 0.05141748 0.05126450 0.05141215 0.05150723 0.05184965 0.05226163 0.05256866 0.05291651 0.05315976 0.05356868 0.05400850 0.05445790 0.05497050 0.05565110 0.05623734 0.05670436 0.05687442 0.05682616 0.05696080 0.05677931 0.05661197 0.05642329 0.05616796 0.05594699 0.05569943 0.05543428 0.05490328 0.05435495
0.05346008 0.05280828 0.05214642 0.05155925 0.05120331 0.05103388 0.05099998 0.05103499 0.05125545 0.05164182 0.05217184 0.05238171 0.05251608 0.05283003 0.05337998 0.05392949 0.05464606 0.05529163 0.05582924 0.05651306 0.05683090 0.05690582 0.05697725 0.05676206 0.05646738 0.05634797 0.05601924 0.05572067 0.05539618 0.05509918 0.05466030 0.05405268
0.05315853 0.05252055 0.05189752 0.05149119 0.05100773 0.05067443 0.05065167 0.05036782 0.05081177 0.05094445 0.05124111 0.05141142 0.05173326 0.05212666 0.05267267 0.05317417 0.05394575 0.05455410 0.05545658 0.05608279 0.05640762 0.05671884 0.05671280 0.05647841 0.05619468 0.05601841 0.05560860 0.05532332 0.05503043 0.05464420 0.05427502 0.05359011
0.05275837 0.05219371 0.05159957 0.05116219 0.05059473 0.05044793 0.05030221 0.05017831 0.05024768 0.05035534 0.05053500 0.05066284 0.05098376 0.05136296 0.05184859 0.05255955 0.05336605 0.05415760 0.05496823 0.05583291 0.05608111 0.05634791 0.05629352 0.05609320 0.05579593 0.05553958 0.05521186 0.05486685 0.05457595 0.05413194 0.05374331 0.05329557
0.05284343 0.05235455 0.05190562 0.05133903 0.05095205 0.05065280 0.05041358 0.05028374 0.05022842 0.05028551 0.05038723 0.05045877 0.05076522 0.05105829 0.05161929 0.05230373 0.05315251 0.05403822 0.05486047 0.05554318 0.05613248 0.05624020 0.05635707 0.05613410 0.05577560 0.05547635 0.05510072 0.05478090 0.05439725 0.05403623 0.05365323 0.05319526
0.05503065 0.05462225 0.05419416 0.05365184 0.05332401 0.05305012 0.05263099 0.05251547 0.05233065 0.05222008 0.05223255 0.05238742 0.05258957 0.05299245 0.05351362 0.05417806 0.05505396 0.05587251 0.05667843 0.05745293 0.05790619 0.05826595 0.05831162 0.05813045 0.05779620 0.05741362 0.05704135 0.05660763 0.05620803 0.05594218 0.05564557 0.05544693
0.06194097 0.06152633 0.06118458 0.06074426 0.06026742 0.05991953 0.05954026 0.05919771 0.05895303 0.05880864 0.05883690 0.05892650 0.05914174 0.05951940 0.06003103 0.06069334 0.06162089 0.06235358 0.06325160 0.06398509 0.06457057 0.06483191 0.06483479 0.06483864 0.06440203 0.06407654 0.06350936 0.06318408 0.06279866 0.06268670 0.06242459 0.06214299
0.07648678 0.07634794 0.07603438 0.07556608 0.07504155 0.07459314 0.07410359 0.07401056 0.07359417 0.07324900 0.07332414 0.07323314 0.07344886 0.07384493 0.07440025 0.07529593 0.07583160 0.07658933 0.07748730 0.07820734 0.07884962 0.07919452 0.07903009 0.07900986 0.07874874 0.07809817 0.07796770 0.07761394 0.07731541 0.07692453 0.07694495 0.07628665
0.10198440 0.10141720 0.10160652 0.10095805 0.10057598 0.10021221 0.09957087 0.09918720 0.09903276 0.09852606 0.09835156 0.09845021 0.09850650 0.09887382 0.09925206 0.10006206 0.10037339 0.10151493 0.10185084 0.10275456 0.10348347 0.10391654 0.10396731 0.10383517 0.10334735 0.10337527 0.10298737 0.10255377 0.10206405 0.10185450 0.10194901 0.10224436
0.14004468 0.14094636 0.13949321 0.13973393 0.13986443 0.13913769 0.13849083 0.13827867 0.13869445 0.13720521 0.13684425 0.13730462 0.13628531 0.13828165 0.13775365 0.13844498 0.13830738 0.14004951 0.14064072 0.14171685 0.14238372 0.14245789 0.14231152 0.14273138 0.14243477 0.14195319 0.14151051 0.14109438 0.14135680 0.14079210 0.14046340 0.14095722
0.19573636 0.19379825 0.19510488 0.19550069 0.19361055 0.19390515 0.19325194 0.19304892 0.19202711 0.19273681 0.19108615 0.19296886 0.19126246 0.19244286 0.19189881 0.19190136 0.19397758 0.19489294 0.19608509 0.19607257 0.19593558 0.19708456 0.19638029 0.19672682 0.19665032 0.19649570 0.19491963 0.19523565 0.19533531 0.19472975 0.19573104 0.19417300
0.26538612 0.26534358 0.26530360 0.26668138 0.26727995 0.26409319 0.26465250 0.26311399 0.26335734 0.26290877 0.26150358 0.26164749 0.26088091 0.26411912 0.26314900 0.26643497 0.26363504 0.26638186 0.26709965 0.26625008 0.26770924 0.26731690 0.26510500 0.26996511 0.26761505 0.26554024 0.26636609 0.26577369 0.26706846 0.26518317 0.26698828 0.26557510
0.35009141 0.34989686 0.34800583 0.35065617 0.34766032 0.34652113 0.34616193 0.34710156 0.34690375 0.34633959 0.34623922 0.34734988 0.34383635 0.34718594 0.34998589 0.34901400 0.34946314 0.34787555 0.34975848 0.35064157 0.35042773 0.35325100 0.34960137 0.35144774 0.34718423 0.35008649 0.34867586 0.34761028 0.34847776 0.34875216 0.34736493 0.34919822
0.43566412 0.43947148 0.44082158 0.43366519 0.44148859 0.43089565 0.43685641 0.43536324 0.43621702 0.43628244 0.43317421 0.43785495 0.43667440 0.43740793 0.43617786 0.43860764 0.43715957 0.43335781 0.44150977 0.44319559 0.44056931 0.44094370 0.43937604 0.44448468 0.44093113 0.43717047 0.43794571 0.44018565 0.43713961 0.43802063 0.43896805 0.43492144
0.52009991 0.52454643 0.52757424 0.52836599 0.52347072 0.51988055 0.52008089 0.52381346 0.52368896 0.51743956 0.52025894 0.51905345 0.52672328 0.52847764 0.53272694 0.52150172 0.52666782 0.52585316 0.52345208 0.52872002 0.52504158 0.52306773 0.52846641 0.52717366 0.52715490 0.52453692 0.52967559 0.52355535 0.52379408 0.52362871 0.52624458 0.52754122
0.59012235 0.59543306 0.59427924 0.59590346 0.59587705 0.59190307 0.59339004 0.59320067 0.59176134 0.59370799 0.59368971 0.58829247 0.59619592 0.59728204 0.59808783 0.59445736 0.59286767 0.59810898 0.59132271 0.58958566 0.60007192 0.60213865 0.59769234 0.60363792 0.59373696 0.59165551 0.59830782 0.60305528 0.60092640 0.59411451 0.58742329 0.59151957
0.64219628 0.63512041 0.64706815 0.63715703 0.63908692 0.64019643 0.63594484 0.63257538 0.63552476 0.63610126 0.63751987 0.63590222 0.63500530 0.63552340 0.63997483 0.64395170 0.63982575 0.64162026 0.63431615 0.63695802 0.64457827 0.64270663 0.63769519 0.64827621 0.64209241 0.64051739 0.63864060 0.64202907 0.63613874 0.64327997 0.64150568 0.63613138
0.64658452 0.65062561 0.64817705 0.64774208 0.64632284 0.64283693 0.64488525 0.64461387 0.64327035 0.64463577 0.64632736 0.64726316 0.64740638 0.64878915 0.64731980 0.64995097 0.65178104 0.65189496 0.64948340 0.65267316 0.65235650 0.65120961 0.65238635 0.65306360 0.65266707 0.65280045 0.65224464 0.65314200 0.64945978 0.65024021 0.65160457 0.64754782
0.62419199 0.62504381 0.62448341 0.61946264 0.61684330 0.61180881 0.61229595 0.61758578 0.61607436 0.61933688 0.61845004 0.61879200 0.61978718 0.62831217 0.62502257 0.62719595 0.62607629 0.62152005 0.63142812 0.63271807 0.62621056 0.63624875 0.62818217 0.62032965 0.63624612 0.62512274 0.61874512 0.62243658 0.62862080 0.62964966 0.63071687 0.62580651
0.57292173 0.56911575 0.57342885 0.56845803 0.55967053 0.56729171 0.55876552 0.55928144 0.56230320 0.55702156 0.56043324 0.56811186 0.57296224 0.57495623 0.57524522 0.56636627 0.57829470 0.56518717 0.58167492 0.56996833 0.57325348 0.57059146 0.56705231 0.57534141 0.57008542 0.58035320 0.57631625 0.57004836 0.57482986 0.57161211 0.56926110 0.56891582
0.49823062 0.48976781 0.48922263 0.49088161 0.48195788 0.48378146 0.48675690 0.48795134 0.49143343 0.48859741 0.48840474 0.48419371 0.48915652 0.49025290 0.49916087 0.49272959 0.49004029 0.49275463 0.48995444 0.49623598 0.49406520 0.49005001 0.49181554 0.49391153 0.49155714 0.49496529 0.49538045 0.49269154 0.49576235 0.49816468 0.49481111 0.49480668
0.40438976 0.40560542 0.40061274 0.39562189 0.39614732 0.39971516 0.39721810 0.39646716 0.39437535 0.39455395 0.39787635 0.39914196 0.40192338 0.40398099 0.40338866 0.40396473 0.40204240 0.40426692 0.39965817 0.40106135 0.40666313 0.40281313 0.40229516 0.40389876 0.40654110 0.40637477 0.40469957 0.40815713 0.40346867 0.40393913 0.40158710 0.40730957
0.31479063 0.31411998 0.31313613 0.31230875 0.31234095 0.30934731 0.30822122 0.30949057 0.30891463 0.31107348 0.31206891 0.31425488 0.31123470 0.31609587 0.31458357 0.31501183 0.31634826 0.31647204 0.31421772 0.31652956 0.31635924 0.31633420 0.31783660 0.31779912 0.31644133 0.31644197 0.31723789 0.31435714 0.31398354 0.31928482 0.32067835 0.31462446
0.23697643 0.23667405 0.23472957 0.23438640 0.23244593 0.23260699 0.23027785 0.23333662 0.23323706 0.23429703 0.23451940 0.23433567 0.23457592 0.23685417 0.23590718 0.23521339 0.23658166 0.23659145 0.23739145 0.23692398 0.23712667 0.23762656 0.23691262 0.23823366 0.23616966 0.23869855 0.23779606 0.23980288 0.23971410 0.23976210 0.23761854 0.23729759
0.17383675 0.17304248 0.17174044 0.17068079 0.16966700 0.16794276 0.16891204 0.16827863 0.16874083 0.16920734 0.17031784 0.17140829 0.17183090 0.17253498 0.17293521 0.17319346 0.17240707 0.17327321 0.17292444 0.17284279 0.17352909 0.17243721 0.17403289 0.17348069 0.17391154 0.17348294 0.17459881 0.17552218 0.17519525 0.17525392 0.17555668 0.17401414
0.12559166 0.12466742 0.12356686 0.12184583 0.12183863 0.12095466 0.12123064 0.12149121 0.12201685 0.12251149 0.12325088 0.12325348 0.12444717 0.12493991 0.12544027 0.12461027 0.12527918 0.12505019 0.12513624 0.12526302 0.12515774 0.12477379 0.12562003 0.12587724 0.12598468 0.12633269 0.12728285 0.12719622 0.12787738 0.12761975 0.12714804 0.12688809
0.09247067 0.09154387 0.09067261 0.08960293 0.08920436 0.08878309 0.08878810 0.08910951 0.08983830 0.09040763 0.09090412 0.09161522 0.09169403 0.09230571 0.09235533 0.09240024 0.09252409 0.09262634 0.09287683 0.09255415 0.09292116 0.09278840 0.09293382 0.09302399 0.09280508 0.09322794 0.09373359 0.09428342 0.09464902 0.09445325 0.09338351 0.09325091
0.07201373 0.07101499 0.07022620 0.06940224 0.06870969 0.06838079 0.06866210 0.06910191 0.06965129 0.07037347 0.07095881 0.07134526 0.07183152 0.07191360 0.07220071 0.07229485 0.07252916 0.07255116 0.07256339 0.07278445 0.07283911 0.07272335 0.07266832 0.07262575 0.07285856 0.07285208 0.07317444 0.07333501 0.07361061 0.07357898 0.07330437 0.07278421
0.06066715 0.05978354 0.05907932 0.05822400 0.05780745 0.05759713 0.05781162 0.05824026 0.05873197 0.05955618 0.05999001 0.06048179 0.06089046 0.06107950 0.06124856 0.06144662 0.06164000 0.06180499 0.06190994 0.06203148 0.06205830 0.06196483 0.06194870 0.06190227 0.06191377 0.06193662 0.06200733 0.06223790 0.06223194 0.06229309 0.06199902 0.06136368
0.05569059 0.05492529 0.05415191 0.05345475 0.05309720 0.05299118 0.05315408 0.05352949 0.05415103 0.05472646 0.05517046 0.05567667 0.05601889 0.05623414 0.05657599 0.05674978 0.05700386 0.05736317 0.05760294 0.05776538 0.05783867 0.05782818 0.05770878 0.05763393 0.05755594 0.05749567 0.05749604 0.05751296 0.05757045 0.05732457 0.05703010 0.05641550
0.05417275 0.05333596 0.05274526 0.05198075 0.05173812 0.05164279 0.05179450 0.05212828 0.05274451 0.05311410 0.05358771 0.05417729 0.05438832 0.05471695 0.05502518 0.05538842 0.05587621 0.05617945 0.05655450 0.05684402 0.05695694 0.05689996 0.05683403 0.05662918 0.05656765 0.05642280 0.05634666 0.05626811 0.05596920 0.05589353 0.05547554 0.05486994
0.05384340 0.05311222 0.05240886 0.05182963 0.05148320 0.05138299 0.05148597 0.05182352 0.05220055 0.05284143 0.05307821 0.05347097 0.05371657 0.05409066 0.05452057 0.05489401 0.05535212 0.05589588 0.05636392 0.05677865 0.05698869 0.05708355 0.05699596 0.05662935 0.05655071 0.05640752 0.05620355 0.05610621 0.05596678 0.05560685 0.05519244 0.05454613
