32 32 0.052273 0.78573
0.05404883 0.05358925 0.05339981 0.05313739 0.05305213 0.05322377 0.05338821 0.05355700 0.05396251 0.05433288 0.05459091 0.05487692 0.05498854 0.05531975 0.05565679 0.05604437 0.05648486 0.05702225 0.05749721 0.05780231 0.05780809 0.05758380 0.05745480 0.05700851 0.05655945 0.05612378 0.05569019 0.05534011 0.05511332 0.05488417 0.05460013 0.05427722
0.05379998 0.05349415 0.05319831 0.05286011 0.05282761 0.05289244 0.05301363 0.05306586 0.05333335 0.05375746 0.05416411 0.05427880 0.05434488 0.05454332 0.05496001 0.05541702 0.05604491 0.05657159 0.05697601 0.05751019 0.05764585 0.05747615 0.05734349 0.05688341 0.05633220 0.05603518 0.05554689 0.05516952 0.05485756 0.05464203 0.05441911 0.05406519
0.05354139 0.05324348 0.05296635 0.05287383 0.05266308 0.05253594 0.05268918 0.05244133 0.05294725 0.05305447 0.05325189 0.05327825 0.05355313 0.05383522 0.05425366 0.05468376 0.05529294 0.05573081 0.05651862 0.05700678 0.05715674 0.05723738 0.05702944 0.05655422 0.05606300 0.05571031 0.05515531 0.05483170 0.05458289 0.05428476 0.05413554 0.05367231
0.05326564 0.05302256 0.05276803 0.05257182 0.05227322 0.05237190 0.05236970 0.05237757 0.05243397 0.05253161 0.05258669 0.05261508 0.05282224 0.05304411 0.05340534 0.05406370 0.05470456 0.05542405 0.05604490 0.05677980 0.05685470 0.05687262 0.05662681 0.05625096 0.05575430 0.05532679 0.05490883 0.05453852 0.05427265 0.05393938 0.05374594 0.05351645
0.05372048 0.05344916 0.05332592 0.05303918 0.05294199 0.05285336 0.05279289 0.05274407 0.05270791 0.05267725 0.05267203 0.05267950 0.05285283 0.05304127 0.05348750 0.05403382 0.05474653 0.05550967 0.05614051 0.05668406 0.05706545 0.05699868 0.05687509 0.05647318 0.05598647 0.05555574 0.05514040 0.05483776 0.05448383 0.05425013 0.05403975 0.05381359
0.05685305 0.05669624 0.05655528 0.05633157 0.05630679 0.05619002 0.05600362 0.05588338 0.05576948 0.05555265 0.05548971 0.05547272 0.05557286 0.05581683 0.05624189 0.05677002 0.05749226 0.05822014 0.05880672 0.05943464 0.05973188 0.05983447 0.05966763 0.05934696 0.05888239 0.05841801 0.05802656 0.05756458 0.05735145 0.05715170 0.05703925 0.05696917
0.06599425 0.06578094 0.06573487 0.06566093 0.06537887 0.06531541 0.06507879 0.06478467 0.06451813 0.06434462 0.06425006 0.06419863 0.06426345 0.06449241 0.06490834 0.06549307 0.06626848 0.06681194 0.06756151 0.06807101 0.06843025 0.06846578 0.06820225 0.06814061 0.06758629 0.06727813 0.06664051 0.06644241 0.06615472 0.06620018 0.06609675 0.06589013
0.08475200 0.08493852 0.08487124 0.08471439 0.08447839 0.08429893 0.08397408 0.08402007 0.08362133 0.08312333 0.08315515 0.08284012 0.08295969 0.08320825 0.08366521 0.08449330 0.08482029 0.08533148 0.08609304 0.08655161 0.08697560 0.08703026 0.08661092 0.08646574 0.08612494 0.08550443 0.08541448 0.08517203 0.08496456 0.08468841 0.08487976 0.08430738
0.11765823 0.11736306 0.11786071 0.11744737 0.11747463 0.11746540 0.11698167 0.11659599 0.11660902 0.11592027 0.11561015 0.11560173 0.11548423 0.11571242 0.11594262 0.11666887 0.11670663 0.11777019 0.11768532 0.11841986 0.11888851 0.11904092 0.11877680 0.11853049 0.11788071 0.11804646 0.11770463 0.11739444 0.11694506 0.11687433 0.11716575 0.11768636
0.16669151 0.16814416 0.16667483 0.16752085 0.16825543 0.16771820 0.16729661 0.16729491 0.16792969 0.16606800 0.16551255 0.16590433 0.16443464 0.16685527 0.16583551 0.16644939 0.16587851 0.16772611 0.16795804 0.16883243 0.16925863 0.16883556 0.16833845 0.16871909 0.16836975 0.16783671 0.16743958 0.16711364 0.16764281 0.16711843 0.16685947 0.16763606
0.23845176 0.23628588 0.23832950 0.23937881 0.23745342 0.23851865 0.23813594 0.23820373 0.23703641 0.23807223 0.23577799 0.23807191 0.23569277 0.23696988 0.23601366 0.23568582 0.23806259 0.23869438 0.23974760 0.23917299 0.23840434 0.23938595 0.23813769 0.23837362 0.23824197 0.23810999 0.23632811 0.23692475 0.23732427 0.23669097 0.23809785 0.23623648
0.32835502 0.32851567 0.32916408 0.33138947 0.33290352 0.32950146 0.33055226 0.32895143 0.32954503 0.32887513 0.32692810 0.32713219 0.32576667 0.32989201 0.32840660 0.33228857 0.32828123 0.33135757 0.33166932 0.32996771 0.33121876 0.33015494 0.32681786 0.33303348 0.32979532 0.32720878 0.32856146 0.32796978 0.32977484 0.32760448 0.33005546 0.32828374
0.43792412 0.43816583 0.43599084 0.44030298 0.43722146 0.43641994 0.43611296 0.43774961 0.43795065 0.43707386 0.43715864 0.43853424 0.43342947 0.43780569 0.44106078 0.43969278 0.43938124 0.43661423 0.43888205 0.43936832 0.43827498 0.44141135 0.43606379 0.43841392 0.43237377 0.43641580 0.43484799 0.43383533 0.43499954 0.43573610 0.43381952 0.43620602
0.54957377 0.55402700 0.55670828 0.54804097 0.55927294 0.54635052 0.55482840 0.55237625 0.55406490 0.55466038 0.55045398 0.55625627 0.55500707 0.55495506 0.55268846 0.55592040 0.55396137 0.54755529 0.55802758 0.55941816 0.55537899 0.55506644 0.55184445 0.55878321 0.55396017 0.54932220 0.55036170 0.55343457 0.55068235 0.55142435 0.55310019 0.54766550
0.65927836 0.66563394 0.67097164 0.67274125 0.66702889 0.66314871 0.66381922 0.66871134 0.66934597 0.66081863 0.66426230 0.66258523 0.67294517 0.67422559 0.68008056 0.66320575 0.67012301 0.66810457 0.66486250 0.67159651 0.66476624 0.66211127 0.66893264 0.66662439 0.66641445 0.66242376 0.66975955 0.66249266 0.66298100 0.66288624 0.66712728 0.66876219
0.75244951 0.75992430 0.75773177 0.76225321 0.76286979 0.75708072 0.76052979 0.76075049 0.75891344 0.76181288 0.76165732 0.75390508 0.76399016 0.76526207 0.76549196 0.75990491 0.75832044 0.76242473 0.75322173 0.75073403 0.76244893 0.76611064 0.75853529 0.76856314 0.75359829 0.74908016 0.76068136 0.76789910 0.76452754 0.75727140 0.74753933 0.75259245
0.82248958 0.81364260 0.83035234 0.81839218 0.82064738 0.82292502 0.81807690 0.81353101 0.81819685 0.81859088 0.82127203 0.81827037 0.81656406 0.81423732 0.82185145 0.82613880 0.82017540 0.82198327 0.81060021 0.81492798 0.82310497 0.82014154 0.81224157 0.82826265 0.81870477 0.81583842 0.81519986 0.82033793 0.81286677 0.82230815 0.82013365 0.81323610
0.83134530 0.83699539 0.83529400 0.83546622 0.83455361 0.83118666 0.83255089 0.83291295 0.83067077 0.83261327 0.83389249 0.83467615 0.83469036 0.83628558 0.83341050 0.83661881 0.83753546 0.83800605 0.83332875 0.83641261 0.83594094 0.83445965 0.83437346 0.83489887 0.83507773 0.83526987 0.83442939 0.83652224 0.83273282 0.83479694 0.83653901 0.83208198
0.80625660 0.80668348 0.80699861 0.80163202 0.79840143 0.79265884 0.79352071 0.80073953 0.79884409 0.80207205 0.80019011 0.80033036 0.79950357 0.81093047 0.80576444 0.80844574 0.80599636 0.80013097 0.81199089 0.81446147 0.80479429 0.81656816 0.80588708 0.79683172 0.81488263 0.80255554 0.79495127 0.80088939 0.80721567 0.80921254 0.81181393 0.80755276
0.74057444 0.73706314 0.74297479 0.73709513 0.72585008 0.73574559 0.72435111 0.72745237 0.72937132 0.72076636 0.72525290 0.73527223 0.74062173 0.74482038 0.74332390 0.73089649 0.74822900 0.72879429 0.75178210 0.73405861 0.73892553 0.73358830 0.73005614 0.74061977 0.73307143 0.74850307 0.74235210 0.73603425 0.74116394 0.73736253 0.73468131 0.73500089
0.64649254 0.63452188 0.63515739 0.63764038 0.62569787 0.62937675 0.63288404 0.63514910 0.63939765 0.63447158 0.63403359 0.62652910 0.63306217 0.63509929 0.64665973 0.63735311 0.63301015 0.63638127 0.63226606 0.64010889 0.63633955 0.63048140 0.63335120 0.63734215 0.63300623 0.63899254 0.63911616 0.63520316 0.64022059 0.64465303 0.64033372 0.64042199
0.52380319 0.52608587 0.52031175 0.51303871 0.51430810 0.51948718 0.51664638 0.51549334 0.51193627 0.51109788 0.51520266 0.51659903 0.51984987 0.52188592 0.52114753 0.52151372 0.51851407 0.52120039 0.51482112 0.51641992 0.52430293 0.51944552 0.51835855 0.52085355 0.52469026 0.52457341 0.52195350 0.52714342 0.52095359 0.52219356 0.51897370 0.52701262
0.40612131 0.40530880 0.40506163 0.40416007 0.40495889 0.40093156 0.39944384 0.40065745 0.39932027 0.40215799 0.40258223 0.40504532 0.40051258 0.40671777 0.40463307 0.40504574 0.40671323 0.40666869 0.40365859 0.40693558 0.40666447 0.40694851 0.40882029 0.40871596 0.40682155 0.40686278 0.40799359 0.40404550 0.40331421 0.41101654 0.41336353 0.40540640
0.30314651 0.30328968 0.30119093 0.30127721 0.29885635 0.29931609 0.29599073 0.30016882 0.29945559 0.30043355 0.30021634 0.29948818 0.29937966 0.30210953 0.30073623 0.29950414 0.30151758 0.30151441 0.30278555 0.30220657 0.30256214 0.30330445 0.30235860 0.30419501 0.30139443 0.30457515 0.30334532 0.30596792 0.30568043 0.30595201 0.30314125 0.30311139
0.21882075 0.21829587 0.21706633 0.21611196 0.21508863 0.21282804 0.21423365 0.21311057 0.21345583 0.21366035 0.21448677 0.21574788 0.21592614 0.21661368 0.21700162 0.21732032 0.21629076 0.21755272 0.21725469 0.21725005 0.21820409 0.21685802 0.21904643 0.21823364 0.21867565 0.21789289 0.21916782 0.22024874 0.21977505 0.21975970 0.22035301 0.21859485
0.15380158 0.15308731 0.15212719 0.15015942 0.15061867 0.14955631 0.14998605 0.15019400 0.15067599 0.15083178 0.15152519 0.15112866 0.15234769 0.15288851 0.15344170 0.15219103 0.15321646 0.15303522 0.15322829 0.15356009 0.15358421 0.15304057 0.15415488 0.15437448 0.15432280 0.15454150 0.15556631 0.15507129 0.15589109 0.15557386 0.15506740 0.15511887
0.10871035 0.10799870 0.10736341 0.10637151 0.10624754 0.10588149 0.10591046 0.10621425 0.10691377 0.10740065 0.10775009 0.10823570 0.10814763 0.10873598 0.10871854 0.10874701 0.10897996 0.10917938 0.10963814 0.10928698 0.10987279 0.10966356 0.10979027 0.10969948 0.10917486 0.10944294 0.10992675 0.11030810 0.11067618 0.11032040 0.10921854 0.10931117
0.08048457 0.07977060 0.07924924 0.07863791 0.07808924 0.07778850 0.07823284 0.07872210 0.07926520 0.07983629 0.08046730 0.08056254 0.08099604 0.08095323 0.08124303 0.08130926 0.08162239 0.08171532 0.08178805 0.08211874 0.08219348 0.08196160 0.08177778 0.08152505 0.08152615 0.08120856 0.08137530 0.08128181 0.08160135 0.08148012 0.08130391 0.08103388
0.06446668 0.06394136 0.06351692 0.06295925 0.06276108 0.06271514 0.06303329 0.06353542 0.06398681 0.06478885 0.06513489 0.06554596 0.06583239 0.06594350 0.06610777 0.06619009 0.06644585 0.06663722 0.06677037 0.06686822 0.06687182 0.06662797 0.06643346 0.06615507 0.06589765 0.06561780 0.06544120 0.06549874 0.06543276 0.06555350 0.06537508 0.06496480
0.05718801 0.05669257 0.05632037 0.05592951 0.05582726 0.05596721 0.05622636 0.05665580 0.05731774 0.05779170 0.05819935 0.05859776 0.05888679 0.05897054 0.05923266 0.05940659 0.05964859 0.06002407 0.06024578 0.06036953 0.06032146 0.06020291 0.05979778 0.05949376 0.05909550 0.05871911 0.05848347 0.05831732 0.05826003 0.05814738 0.05790945 0.05761165
0.05470373 0.05423812 0.05395956 0.05357563 0.05361046 0.05371394 0.05398001 0.05445287 0.05505090 0.05538930 0.05586643 0.05632749 0.05643785 0.05667988 0.05694220 0.05724021 0.05767193 0.05796592 0.05829547 0.05848107 0.05844804 0.05820627 0.05787659 0.05737021 0.05701711 0.05659495 0.05628694 0.05603822 0.05569647 0.05567033 0.05541916 0.05506974
0.05413546 0.05378199 0.05344736 0.05321294 0.05312355 0.05326607 0.05351954 0.05391948 0.05432305 0.05495286 0.05513329 0.05549337 0.05562825 0.05588326 0.05622141 0.05652526 0.05688997 0.05740620 0.05778941 0.05807692 0.05812477 0.05791576 0.05765641 0.05701261 0.05664631 0.05620891 0.05580745 0.05556937 0.05538982 0.05510398 0.05484038 0.05450076
