32 32 0.049808 0.2507
0.05880407 0.05773316 0.05669618 0.05559086 0.05469312 0.05400169 0.05356019 0.05311282 0.05290414 0.05285414 0.05278351 0.05285559 0.05284817 0.05317360 0.05356094 0.05408414 0.05472489 0.05564202 0.05653193 0.05736158 0.05798625 0.05847535 0.05912590 0.05945042 0.05992534 0.06029835 0.06058656 0.06073771 0.06091696 0.06084257 0.06034954 0.05970781
0.05816414 0.05711282 0.05599689 0.05495715 0.05398607 0.05333061 0.05277848 0.05225232 0.05204354 0.05209450 0.05228251 0.05227240 0.05230426 0.05257747 0.05310830 0.05377378 0.05466031 0.05552983 0.05638298 0.05742187 0.05809402 0.05866732 0.05923364 0.05959328 0.05983575 0.06025613 0.06038859 0.06050922 0.06045198 0.06029227 0.05982520 0.05902588
0.05749171 0.05641959 0.05530371 0.05438903 0.05337748 0.05252310 0.05203483 0.05127192 0.05140484 0.05120744 0.05132376 0.05135800 0.05164085 0.05202492 0.05260731 0.05328652 0.05426506 0.05501508 0.05626612 0.05726737 0.05794269 0.05873788 0.05922017 0.05948415 0.05971528 0.06001003 0.06004238 0.06008417 0.05999533 0.05958684 0.05922271 0.05828411
0.05675549 0.05567739 0.05456567 0.05359108 0.05246615 0.05182780 0.05127306 0.05085044 0.05055169 0.05048529 0.05051073 0.05061246 0.05093654 0.05144246 0.05202983 0.05297836 0.05395752 0.05502165 0.05610355 0.05735764 0.05800594 0.05866548 0.05909904 0.05938509 0.05953771 0.05971981 0.05968249 0.05963810 0.05950062 0.05904205 0.05849049 0.05771579
0.05624550 0.05516377 0.05414435 0.05303143 0.05206253 0.05131600 0.05064547 0.05017948 0.04991029 0.04980770 0.04987964 0.05002414 0.05042895 0.05095899 0.05169290 0.05264325 0.05373455 0.05489763 0.05600366 0.05703433 0.05802776 0.05856386 0.05912642 0.05939707 0.05951248 0.05960299 0.05955061 0.05944329 0.05908910 0.05863916 0.05796989 0.05707591
0.05664606 0.05558119 0.05450275 0.05339863 0.05247096 0.05165763 0.05089401 0.05043982 0.05011156 0.04994335 0.04999963 0.05026571 0.05066353 0.05130125 0.05207774 0.05305658 0.05418085 0.05531983 0.05635764 0.05759403 0.05840603 0.05914827 0.05966840 0.05997445 0.06009055 0.06015690 0.06008395 0.05981582 0.05951765 0.05906520 0.05838739 0.05763079
0.05913901 0.05799393 0.05700184 0.05586870 0.05488647 0.05399034 0.05321938 0.05264830 0.05222245 0.05198133 0.05209666 0.05233574 0.05275016 0.05341448 0.05424956 0.05513162 0.05633185 0.05745409 0.05862717 0.05969006 0.06063954 0.06133787 0.06182699 0.06231328 0.06242220 0.06254322 0.06235953 0.06223314 0.06184859 0.06148648 0.06083943 0.06003859
0.06487633 0.06393248 0.06286070 0.06177923 0.06060740 0.05963520 0.05876643 0.05817656 0.05772755 0.05741426 0.05745616 0.05757704 0.05796687 0.05863849 0.05938187 0.06040170 0.06140904 0.06253766 0.06366409 0.06473589 0.06575798 0.06644392 0.06696498 0.06743665 0.06776656 0.06770648 0.06789819 0.06774354 0.06760100 0.06699455 0.06645681 0.06535870
0.07519846 0.07370736 0.07318154 0.07188093 0.07086070 0.06980643 0.06878547 0.06803569 0.06756319 0.06712752 0.06700472 0.06717579 0.06745428 0.06799219 0.06870591 0.06965396 0.07046782 0.07166727 0.07253737 0.07369654 0.07464843 0.07552632 0.07621221 0.07674175 0.07709212 0.07746411 0.07733782 0.07746391 0.07723046 0.07684867 0.07645649 0.07593370
0.09046015 0.09005233 0.08842583 0.08757205 0.08662355 0.08544776 0.08433202 0.08358102 0.08326958 0.08232107 0.08201975 0.08221316 0.08203533 0.08305751 0.08336889 0.08417961 0.08480172 0.08603190 0.08702317 0.08798516 0.08895769 0.08969080 0.09046356 0.09134918 0.09179949 0.09218513 0.09246004 0.09253756 0.09272496 0.09233958 0.09189897 0.09157105
0.11317198 0.11155106 0.11117665 0.11031774 0.10863712 0.10762395 0.10646323 0.10558447 0.10457467 0.10442277 0.10347192 0.10413020 0.10350174 0.10417579 0.10426896 0.10472860 0.10590645 0.10684020 0.10776718 0.10837515 0.10908457 0.11024701 0.11080619 0.11176334 0.11250041 0.11322745 0.11328835 0.11388839 0.11411547 0.11396002 0.11417691 0.11314866
0.14152120 0.14080223 0.13958070 0.13929183 0.13842605 0.13609629 0.13535406 0.13388966 0.13318564 0.13253714 0.13159771 0.13139753 0.13102325 0.13233748 0.13209462 0.13359635 0.13285190 0.13420774 0.13489956 0.13512812 0.13631596 0.13699121 0.13720155 0.13970193 0.13998799 0.14022108 0.14127432 0.14177173 0.14278717 0.14230630 0.14296423 0.14224208
0.17606654 0.17516560 0.17360794 0.17343328 0.17105962 0.16951338 0.16854021 0.16799867 0.16695678 0.16618436 0.16545203 0.16553000 0.16409538 0.16525679 0.16625956 0.16602660 0.16647256 0.16616968 0.16704353 0.16780635 0.16847151 0.17024918 0.17002377 0.17170006 0.17155232 0.17359913 0.17412824 0.17454173 0.17566022 0.17601235 0.17578858 0.17647804
0.21057766 0.21192319 0.21130236 0.20731466 0.20920119 0.20374453 0.20494968 0.20395751 0.20320206 0.20219459 0.20050469 0.20200569 0.20108071 0.20151391 0.20115314 0.20191681 0.20121034 0.20040341 0.20339288 0.20440555 0.20409827 0.20516153 0.20597739 0.20875624 0.20878868 0.20866481 0.21023184 0.21219303 0.21112372 0.21243759 0.21278831 0.21127322
0.24542882 0.24627302 0.24585050 0.24510142 0.24209518 0.23943436 0.23853360 0.23934457 0.23808246 0.23513872 0.23590179 0.23494037 0.23718786 0.23828188 0.23940217 0.23610014 0.23775977 0.23782535 0.23687152 0.23890266 0.23898087 0.23877828 0.24161654 0.24246928 0.24386430 0.24469287 0.24762936 0.24620167 0.24721067 0.24770573 0.24836857 0.24897831
0.27379556 0.27447931 0.27322631 0.27201333 0.27121539 0.26928216 0.26821090 0.26738219 0.26601532 0.26649271 0.26561448 0.26320574 0.26617910 0.26646124 0.26704322 0.26594766 0.26491995 0.26794191 0.26580619 0.26539896 0.27064404 0.27114023 0.27146246 0.27292794 0.27216924 0.27362321 0.27612314 0.27883220 0.27917424 0.27575118 0.27421967 0.27573416
0.29403141 0.29025490 0.29344881 0.28839888 0.28860650 0.28753724 0.28508181 0.28351481 0.28357928 0.28309538 0.28375249 0.28331617 0.28267944 0.28283710 0.28492582 0.28734640 0.28586143 0.28708081 0.28522298 0.28478370 0.29063852 0.29010724 0.28850285 0.29379119 0.29297460 0.29390077 0.29364376 0.29580597 0.29403323 0.29688105 0.29577685 0.29450196
0.29526778 0.29619186 0.29339402 0.29213800 0.29065002 0.28843008 0.28830339 0.28735003 0.28677335 0.28759610 0.28809314 0.28859361 0.28911136 0.29055861 0.29012625 0.29119573 0.29208524 0.29257759 0.29353819 0.29540885 0.29570867 0.29609970 0.29777642 0.29822346 0.29937370 0.29990685 0.30012511 0.30038658 0.30040785 0.29994487 0.30050769 0.29838015
0.28572037 0.28578891 0.28392752 0.27978193 0.27820736 0.27536077 0.27498087 0.27633491 0.27560712 0.27686276 0.27701522 0.27765334 0.27997152 0.28332519 0.28286256 0.28376024 0.28438871 0.28299559 0.28732216 0.28770463 0.28690452 0.29202232 0.28958971 0.28586779 0.29359913 0.29042930 0.28827377 0.28975714 0.29288653 0.29311594 0.29157275 0.28842064
0.26598397 0.26247179 0.26266691 0.25954165 0.25466841 0.25735393 0.25398130 0.25297390 0.25487060 0.25375463 0.25554922 0.25881447 0.26158366 0.26247919 0.26375413 0.26097074 0.26543543 0.26173167 0.26834375 0.26532722 0.26667346 0.26743848 0.26611810 0.27014507 0.26913354 0.27291629 0.27172776 0.26876960 0.27086285 0.26910538 0.26751035 0.26590101
0.23497167 0.23084329 0.22880616 0.22825364 0.22406883 0.22355254 0.22455672 0.22449851 0.22630621 0.22585705 0.22625872 0.22602042 0.22837684 0.22920050 0.23345027 0.23178257 0.23160707 0.23343774 0.23310206 0.23667420 0.23709477 0.23599382 0.23715361 0.23784797 0.23819393 0.23926374 0.23984393 0.23905835 0.23961303 0.23943609 0.23716354 0.23588311
0.19812944 0.19705523 0.19352247 0.19063147 0.18985748 0.19050607 0.18899848 0.18873129 0.18834237 0.18912304 0.19094319 0.19202626 0.19377940 0.19545719 0.19576883 0.19674945 0.19677729 0.19855914 0.19739435 0.19893760 0.20181698 0.20061398 0.20114551 0.20214221 0.20345382 0.20380551 0.20346064 0.20450503 0.20235803 0.20160970 0.20019144 0.20086908
0.16276706 0.16127303 0.15939163 0.15776664 0.15662853 0.15491659 0.15417411 0.15481510 0.15479910 0.15596317 0.15699535 0.15836678 0.15774742 0.16029770 0.16016449 0.16090946 0.16223731 0.16302373 0.16271333 0.16442265 0.16506692 0.16556362 0.16677828 0.16736546 0.16723191 0.16751716 0.16806100 0.16690580 0.16669727 0.16807984 0.16766461 0.16411476
0.13217987 0.13069183 0.12860409 0.12726188 0.12563416 0.12502582 0.12385624 0.12490361 0.12501537 0.12573547 0.12622911 0.12656522 0.12704151 0.12837053 0.12831990 0.12858931 0.12965695 0.13034633 0.13125997 0.13177102 0.13253043 0.13338684 0.13369248 0.13468256 0.13423079 0.13589437 0.13568067 0.13670982 0.13663793 0.13623949 0.13463116 0.13354477
0.10745838 0.10582949 0.10418253 0.10263110 0.10139686 0.10008902 0.10005308 0.09968508 0.09982744 0.10001310 0.10090123 0.10139678 0.10182200 0.10234017 0.10278447 0.10326939 0.10324571 0.10429678 0.10464482 0.10527647 0.10626073 0.10638907 0.10765870 0.10796810 0.10864888 0.10901692 0.10996037 0.11062456 0.11056796 0.11045190 0.11004076 0.10856242
0.08864343 0.08715620 0.08557089 0.08390511 0.08297473 0.08195650 0.08164962 0.08149703 0.08163067 0.08179053 0.08209689 0.08210384 0.08270759 0.08294770 0.08341659 0.08324888 0.08390000 0.08424462 0.08488116 0.08547552 0.08601989 0.08652848 0.08747330 0.08818082 0.08882309 0.08957716 0.09055876 0.09104469 0.09160802 0.09138219 0.09089402 0.08996349
0.07562336 0.07427646 0.07298451 0.07152378 0.07049611 0.06963769 0.06914644 0.06895870 0.06906656 0.06911756 0.06918380 0.06950062 0.06934042 0.06966284 0.06972920 0.06993918 0.07028360 0.07076684 0.07140594 0.07178996 0.07259774 0.07311454 0.07379878 0.07445345 0.07498158 0.07587073 0.07670984 0.07749298 0.07800430 0.07803743 0.07709445 0.07672281
0.06757702 0.06626340 0.06501321 0.06373485 0.06256814 0.06186275 0.06139008 0.06120687 0.06115124 0.06125824 0.06122957 0.06118745 0.06131614 0.06121377 0.06140294 0.06157101 0.06199070 0.06242123 0.06291958 0.06357466 0.06415323 0.06470575 0.06525919 0.06588329 0.06664568 0.06736193 0.06812119 0.06883714 0.06932661 0.06953341 0.06924315 0.06860398
0.06301060 0.06182001 0.06065854 0.05933089 0.05840214 0.05760711 0.05713457 0.05694061 0.05674672 0.05693569 0.05681271 0.05680828 0.05684921 0.05671784 0.05678535 0.05702655 0.05739773 0.05787671 0.05841414 0.05901427 0.05959488 0.06009381 0.06070960 0.06133288 0.06197129 0.06268134 0.06341424 0.06407566 0.06451969 0.06482835 0.06458869 0.06386534
0.06091453 0.05977268 0.05859851 0.05739590 0.05649421 0.05577278 0.05528893 0.05499718 0.05498220 0.05484413 0.05476579 0.05476391 0.05477507 0.05469631 0.05485865 0.05506270 0.05547565 0.05604430 0.05667080 0.05730180 0.05790911 0.05848506 0.05893637 0.05958594 0.06016454 0.06075715 0.06147282 0.06208765 0.06258339 0.06263256 0.06247370 0.06182287
0.05999621 0.05883135 0.05781208 0.05653170 0.05576801 0.05506020 0.05457960 0.05426423 0.05418879 0.05397125 0.05397591 0.05403026 0.05388502 0.05399461 0.05418732 0.05453390 0.05514359 0.05568805 0.05642179 0.05712412 0.05776531 0.05823681 0.05879492 0.05925437 0.05982405 0.06036561 0.06095508 0.06140072 0.06167434 0.06184804 0.06153388 0.06088518
0.05940308 0.05833019 0.05715704 0.05611543 0.05522991 0.05451124 0.05402874 0.05373091 0.05354644 0.05363463 0.05339637 0.05343224 0.05335782 0.05355623 0.05388625 0.05429703 0.05475135 0.05567353 0.05648503 0.05727837 0.05798585 0.05854594 0.05903819 0.05934947 0.05987799 0.06032588 0.06072433 0.06118015 0.06145945 0.06132676 0.06107210 0.06029021
