32 32 0.053697 1.0218
0.05608999 0.05562674 0.05540126 0.05503338 0.05491812 0.05498229 0.05512783 0.05521322 0.05544955 0.05568579 0.05579562 0.05585149 0.05583011 0.05598583 0.05617336 0.05645962 0.05684374 0.05747851 0.05805819 0.05856443 0.05881556 0.05884538 0.05900066 0.05887281 0.05867179 0.05841250 0.05810616 0.05780307 0.05756634 0.05733230 0.05695900 0.05650052
0.05597990 0.05556913 0.05519239 0.05485051 0.05472740 0.05474142 0.05480075 0.05470548 0.05487288 0.05512151 0.05532768 0.05530523 0.05520741 0.05525392 0.05559689 0.05597087 0.05654808 0.05714811 0.05766887 0.05840409 0.05873141 0.05889563 0.05899521 0.05885535 0.05853167 0.05836751 0.05804180 0.05772449 0.05738547 0.05710797 0.05677986 0.05637389
0.05572245 0.05534123 0.05499606 0.05481434 0.05454205 0.05434284 0.05443742 0.05406991 0.05443282 0.05440040 0.05448116 0.05432049 0.05441121 0.05455597 0.05485128 0.05521571 0.05590129 0.05640464 0.05732289 0.05800727 0.05839885 0.05874930 0.05879470 0.05860803 0.05834908 0.05812480 0.05769319 0.05742789 0.05711917 0.05673406 0.05650529 0.05599901
0.05547079 0.05513229 0.05482792 0.05461678 0.05428328 0.05421669 0.05415604 0.05410511 0.05396263 0.05393624 0.05384219 0.05369694 0.05375225 0.05392972 0.05417091 0.05475839 0.05541224 0.05619531 0.05695078 0.05787488 0.05818587 0.05848774 0.05849877 0.05833611 0.05805314 0.05778786 0.05739910 0.05709496 0.05680041 0.05646646 0.05612822 0.05582446
0.05618035 0.05593012 0.05569892 0.05536056 0.05520004 0.05503105 0.05486739 0.05471531 0.05454096 0.05439118 0.05421817 0.05408035 0.05403969 0.05416023 0.05453179 0.05511039 0.05585434 0.05671685 0.05752333 0.05826210 0.05888794 0.05904931 0.05924393 0.05898799 0.05871978 0.05833391 0.05795432 0.05766759 0.05723931 0.05694919 0.05664840 0.05634260
0.06053541 0.06032176 0.06013857 0.05982382 0.05974631 0.05958971 0.05928116 0.05905149 0.05879132 0.05842910 0.05821109 0.05811088 0.05807716 0.05825022 0.05859908 0.05914631 0.05993971 0.06081122 0.06156334 0.06242994 0.06296703 0.06330122 0.06334566 0.06319605 0.06284959 0.06243487 0.06205671 0.06152157 0.06123281 0.06097270 0.06077842 0.06072504
0.07268960 0.07244856 0.07239138 0.07224151 0.07188985 0.07176907 0.07137909 0.07095129 0.07057915 0.07026605 0.07002781 0.06986675 0.06984527 0.06998868 0.07044360 0.07104599 0.07195150 0.07256078 0.07355492 0.07429481 0.07492690 0.07514545 0.07510257 0.07517863 0.07465080 0.07435400 0.07366942 0.07335940 0.07296852 0.07300226 0.07284745 0.07261085
0.09741887 0.09767466 0.09762938 0.09742547 0.09704155 0.09675685 0.09627091 0.09626982 0.09561221 0.09490855 0.09488685 0.09444287 0.09448242 0.09473643 0.09525391 0.09617635 0.09660221 0.09724217 0.09822465 0.09892044 0.09959539 0.09985390 0.09954998 0.09955896 0.09920884 0.09841180 0.09835486 0.09804340 0.09775677 0.09732104 0.09754757 0.09687844
0.14058695 0.14040335 0.14087986 0.14035859 0.14025820 0.14019253 0.13943916 0.13887282 0.13874785 0.13783177 0.13736926 0.13732584 0.13715863 0.13740334 0.13763150 0.13855924 0.13861628 0.13998937 0.13999903 0.14091795 0.14173734 0.14214473 0.14195119 0.14174438 0.14096851 0.14110039 0.14078744 0.14029417 0.13963315 0.13953521 0.13990900 0.14064673
0.20478282 0.20677367 0.20482869 0.20586870 0.20672024 0.20588571 0.20519747 0.20502607 0.20579299 0.20325193 0.20246230 0.20286023 0.20101583 0.20416488 0.20290084 0.20367949 0.20295066 0.20549986 0.20580754 0.20718668 0.20784710 0.20753631 0.20695196 0.20742755 0.20713279 0.20637284 0.20580597 0.20532285 0.20596366 0.20529077 0.20495416 0.20605615
0.29863230 0.29579985 0.29846865 0.29975309 0.29693221 0.29822772 0.29748212 0.29738833 0.29566958 0.29698204 0.29382650 0.29671833 0.29370905 0.29539347 0.29415972 0.29380691 0.29708420 0.29805575 0.29941191 0.29895651 0.29808272 0.29954253 0.29799884 0.29838455 0.29818690 0.29804221 0.29560916 0.29629001 0.29691843 0.29608537 0.29802783 0.29557162
0.41595516 0.41605422 0.41710105 0.41977263 0.42164115 0.41683156 0.41773573 0.41529476 0.41599992 0.41461299 0.41185557 0.41232617 0.41032769 0.41590215 0.41411342 0.41919227 0.41408771 0.41824988 0.41886373 0.41681401 0.41854157 0.41736489 0.41290793 0.42162672 0.41706566 0.41361167 0.41552435 0.41473760 0.41715862 0.41447897 0.41788955 0.41556079
0.55850620 0.55919990 0.55583702 0.56162355 0.55717414 0.55560173 0.55411598 0.55584637 0.55613018 0.55418394 0.55481320 0.55674696 0.54939068 0.55559034 0.55979138 0.55845649 0.55752310 0.55387846 0.55755959 0.55839599 0.55682238 0.56124915 0.55401319 0.55758116 0.54912960 0.55480604 0.55292436 0.55196915 0.55344193 0.55509388 0.55235489 0.55544840
0.70433576 0.70867468 0.71250768 0.70069216 0.71527449 0.69760349 0.70853609 0.70300592 0.70535707 0.70676724 0.70076560 0.70811642 0.70735009 0.70611255 0.70277945 0.70776649 0.70610705 0.69639106 0.71107763 0.71293353 0.70780129 0.70723324 0.70198908 0.71236580 0.70596772 0.70013420 0.70163494 0.70593831 0.70421142 0.70467015 0.70779273 0.70040374
0.84496978 0.85344359 0.86175310 0.86322536 0.85467398 0.84896086 0.84873842 0.85375904 0.85519160 0.84271372 0.84665353 0.84471906 0.85933931 0.86009721 0.86933224 0.84387768 0.85442497 0.85125854 0.84799097 0.85785024 0.84664479 0.84446379 0.85375514 0.85070956 0.85047227 0.84417738 0.85547210 0.84676792 0.84787847 0.84816480 0.85549502 0.85743407
0.96498509 0.97597189 0.97002966 0.97810916 0.97781347 0.96603651 0.97221997 0.97157858 0.96853198 0.97191107 0.97206050 0.96170329 0.97550626 0.97727643 0.97772519 0.96951452 0.96921686 0.97186678 0.96088410 0.95748975 0.97085428 0.97793615 0.96657281 0.98316633 0.96201873 0.95427250 0.97261655 0.98317640 0.97913573 0.97206051 0.95770288 0.96354680
1.05609139 1.04551874 1.06741633 1.04978666 1.05126906 1.05316166 1.04520578 1.03735948 1.04419367 1.04443151 1.04825218 1.04505932 1.04193964 1.03816156 1.04967937 1.05439076 1.04700148 1.04929029 1.03386742 1.04056688 1.04922666 1.04581751 1.03594695 1.05711595 1.04519979 1.04138990 1.04243457 1.05034956 1.04095759 1.05418046 1.05198039 1.03917614
1.06765870 1.07553965 1.07130733 1.07113802 1.06863130 1.06159060 1.06323603 1.06293025 1.05712622 1.06116904 1.06290895 1.06397119 1.06444175 1.06781569 1.06367399 1.06832254 1.06954489 1.07099448 1.06147872 1.06735247 1.06515125 1.06357263 1.06337103 1.06490451 1.06508585 1.06604483 1.06683533 1.06987268 1.06586858 1.06982377 1.07479761 1.06544049
1.03370017 1.03283182 1.03285831 1.02424308 1.01862586 1.00976146 1.01170455 1.02141135 1.01863865 1.02232645 1.01970428 1.02068197 1.01839178 1.03248845 1.02659863 1.03161807 1.02771206 1.01912142 1.03565899 1.03993832 1.02532322 1.03876525 1.02603584 1.01783871 1.03975753 1.02335866 1.01271645 1.02420704 1.03113389 1.03418416 1.04002219 1.03570794
0.94542483 0.94220053 0.94939908 0.94087539 0.92612636 0.93762301 0.92094299 0.92766183 0.92780322 0.91545479 0.92104921 0.93546060 0.94140764 0.94988694 0.94663226 0.93098495 0.95563741 0.92909492 0.95900968 0.93423114 0.94127349 0.93229634 0.92965772 0.94308879 0.93290217 0.95417894 0.94746773 0.94077674 0.94640887 0.94180846 0.93758492 0.93861071
0.82550437 0.80780766 0.80936643 0.81156138 0.79539304 0.80111558 0.80443752 0.80850076 0.81387513 0.80645216 0.80670867 0.79541671 0.80485547 0.80934130 0.82536338 0.81245416 0.80583677 0.81017084 0.80409790 0.81323366 0.80695378 0.79918097 0.80366119 0.81069548 0.80355085 0.81326580 0.81303138 0.80733923 0.81498899 0.82199536 0.81645471 0.81588891
0.66481827 0.66756872 0.66077232 0.64956979 0.65139277 0.65811774 0.65515000 0.65368273 0.64858249 0.64670623 0.65259447 0.65499418 0.65965928 0.66207835 0.66189927 0.66210813 0.65763611 0.66057510 0.65178684 0.65308652 0.66376216 0.65789763 0.65601362 0.65982821 0.66550088 0.66543773 0.66170495 0.66900020 0.66116270 0.66333076 0.65819682 0.66863890
0.51185921 0.51016087 0.51067957 0.50899792 0.51079726 0.50549084 0.50356377 0.50484402 0.50277679 0.50729060 0.50745451 0.51097843 0.50507469 0.51362392 0.51118584 0.51167975 0.51351869 0.51274100 0.50856627 0.51286685 0.51210570 0.51275328 0.51492890 0.51500864 0.51265175 0.51293597 0.51458411 0.50960598 0.50809008 0.51846066 0.52156910 0.51097522
0.37835787 0.37870554 0.37597729 0.37643686 0.37326424 0.37413592 0.36986669 0.37548159 0.37447576 0.37570335 0.37557373 0.37467865 0.37455495 0.37808942 0.37646315 0.37440558 0.37715851 0.37662131 0.37819531 0.37710920 0.37741886 0.37841343 0.37723326 0.37994469 0.37642661 0.38068217 0.37941128 0.38273614 0.38198289 0.38236701 0.37847400 0.37847975
0.26909577 0.26853650 0.26709968 0.26604850 0.26505495 0.26205067 0.26426200 0.26266549 0.26324408 0.26327756 0.26444757 0.26619792 0.26634315 0.26716488 0.26754410 0.26786079 0.26631714 0.26755727 0.26702766 0.26683926 0.26795241 0.26634310 0.26939182 0.26858342 0.26939351 0.26856972 0.27022187 0.27165322 0.27077561 0.27053341 0.27114403 0.26880606
0.18482416 0.18405884 0.18303402 0.18064076 0.18149740 0.18026627 0.18092605 0.18121047 0.18182731 0.18182720 0.18258873 0.18182818 0.18343417 0.18405212 0.18456451 0.18268889 0.18392411 0.18347717 0.18352313 0.18388110 0.18398277 0.18331268 0.18511140 0.18572667 0.18591224 0.18638540 0.18780729 0.18701321 0.18790954 0.18737562 0.18653711 0.18657679
0.12649874 0.12573503 0.12506272 0.12400818 0.12398064 0.12362031 0.12367860 0.12401337 0.12480140 0.12528176 0.12558119 0.12592689 0.12562221 0.12621443 0.12602677 0.12584207 0.12603340 0.12602247 0.12654565 0.12604279 0.12694509 0.12690696 0.12733946 0.12759857 0.12723625 0.12778066 0.12852245 0.12895753 0.12936387 0.12873252 0.12723372 0.12727530
0.09002831 0.08924920 0.08863285 0.08807185 0.08749238 0.08715332 0.08766566 0.08811419 0.08864966 0.08916709 0.08971798 0.08965183 0.08996020 0.08976665 0.08990093 0.08977286 0.09001519 0.08997700 0.09001919 0.09051482 0.09075070 0.09072864 0.09080861 0.09086055 0.09122008 0.09105149 0.09142117 0.09134270 0.09165523 0.09137347 0.09108463 0.09067512
0.06937087 0.06876079 0.06832946 0.06778123 0.06758413 0.06752774 0.06784430 0.06827931 0.06869762 0.06928483 0.06953441 0.06979326 0.06993288 0.06990057 0.06990940 0.06980860 0.06996096 0.07008888 0.07025081 0.07043267 0.07063637 0.07064225 0.07078793 0.07083335 0.07085002 0.07074232 0.07070562 0.07085678 0.07077653 0.07076536 0.07049829 0.06996213
0.05995974 0.05938201 0.05902166 0.05862748 0.05854581 0.05862938 0.05889964 0.05923502 0.05979596 0.06012830 0.06038093 0.06060636 0.06069438 0.06058502 0.06073530 0.06069211 0.06081397 0.06121044 0.06147462 0.06173304 0.06192684 0.06210823 0.06197250 0.06198626 0.06186885 0.06168356 0.06158754 0.06151297 0.06142320 0.06121791 0.06096158 0.06046189
0.05679540 0.05626915 0.05596373 0.05555099 0.05558129 0.05566800 0.05588790 0.05623509 0.05667639 0.05692089 0.05717431 0.05748761 0.05737111 0.05743219 0.05754792 0.05771925 0.05809818 0.05837648 0.05877986 0.05912614 0.05934820 0.05933380 0.05932910 0.05910161 0.05905698 0.05884239 0.05866616 0.05848411 0.05814891 0.05803875 0.05769048 0.05725676
0.05615059 0.05573277 0.05532391 0.05508835 0.05497080 0.05502164 0.05521573 0.05553957 0.05584234 0.05626311 0.05624646 0.05643316 0.05637794 0.05645193 0.05668204 0.05687171 0.05710827 0.05773582 0.05818968 0.05867227 0.05896492 0.05906638 0.05904465 0.05868867 0.05859702 0.05837670 0.05811046 0.05796423 0.05773349 0.05741293 0.05710074 0.05659729
