32 32 0.050424 0.49081
0.05813425 0.05718520 0.05623142 0.05533227 0.05450849 0.05396095 0.05363151 0.05322922 0.05315589 0.05312996 0.05312605 0.05315918 0.05322342 0.05345649 0.05384751 0.05434790 0.05494943 0.05587542 0.05675203 0.05755782 0.05812726 0.05852733 0.05904313 0.05930251 0.05958838 0.05976298 0.05988737 0.05999994 0.06003249 0.05995323 0.05951003 0.05889188
0.05769797 0.05678830 0.05580189 0.05482585 0.05402604 0.05347995 0.05302004 0.05258344 0.05243664 0.05245318 0.05264088 0.05253235 0.05252364 0.05271767 0.05320164 0.05380064 0.05465437 0.05546571 0.05632241 0.05731182 0.05798150 0.05846132 0.05894558 0.05918759 0.05932109 0.05959141 0.05966912 0.05971109 0.05967737 0.05952746 0.05913314 0.05845267
0.05718927 0.05628445 0.05531222 0.05453777 0.05363817 0.05288400 0.05249252 0.05178972 0.05189781 0.05166123 0.05167413 0.05154484 0.05171922 0.05200806 0.05250355 0.05312130 0.05396884 0.05476997 0.05588084 0.05685437 0.05754225 0.05822628 0.05864226 0.05883127 0.05899446 0.05925292 0.05923196 0.05929292 0.05923661 0.05893709 0.05865957 0.05786577
0.05661194 0.05568339 0.05474437 0.05398589 0.05291389 0.05240094 0.05185578 0.05149021 0.05117285 0.05102166 0.05088569 0.05080797 0.05096694 0.05125229 0.05174148 0.05250422 0.05341802 0.05438292 0.05544798 0.05661466 0.05721008 0.05784008 0.05823251 0.05845617 0.05861043 0.05876528 0.05877510 0.05882460 0.05872804 0.05841347 0.05799517 0.05740984
0.05639309 0.05556031 0.05470236 0.05369868 0.05294039 0.05221923 0.05167631 0.05121618 0.05086611 0.05062561 0.05052475 0.05042361 0.05054974 0.05086264 0.05141166 0.05219271 0.05316196 0.05421794 0.05522340 0.05620292 0.05712105 0.05760311 0.05814580 0.05838041 0.05850642 0.05860274 0.05864745 0.05863317 0.05850079 0.05816389 0.05771482 0.05701712
0.05785300 0.05704748 0.05617671 0.05526933 0.05451067 0.05379919 0.05318247 0.05264372 0.05229558 0.05196990 0.05174963 0.05170683 0.05184309 0.05221628 0.05276584 0.05352480 0.05452622 0.05554265 0.05650400 0.05757675 0.05840634 0.05907142 0.05950411 0.05981186 0.05992472 0.06000432 0.06001215 0.05988163 0.05970653 0.05953681 0.05908804 0.05854298
0.06309963 0.06229014 0.06153726 0.06067237 0.05977841 0.05909602 0.05845545 0.05786187 0.05736038 0.05697292 0.05686036 0.05681077 0.05692533 0.05729096 0.05786923 0.05857714 0.05961299 0.06053854 0.06164464 0.06260259 0.06348985 0.06408615 0.06449769 0.06494963 0.06502376 0.06516759 0.06505076 0.06500488 0.06476268 0.06467841 0.06428985 0.06372251
0.07459820 0.07402278 0.07320966 0.07241146 0.07148159 0.07073275 0.06995688 0.06951874 0.06896687 0.06847356 0.06835419 0.06814373 0.06828138 0.06862539 0.06919899 0.07010775 0.07083831 0.07175616 0.07283386 0.07377044 0.07469494 0.07540686 0.07563565 0.07603916 0.07630325 0.07623718 0.07644854 0.07641905 0.07634960 0.07596657 0.07572905 0.07482985
0.09493967 0.09386236 0.09363522 0.09262661 0.09191142 0.09117857 0.09030704 0.08958137 0.08930872 0.08862253 0.08829951 0.08824236 0.08821870 0.08854401 0.08895266 0.08979703 0.09026645 0.09151251 0.09204502 0.09316776 0.09410884 0.09483952 0.09530595 0.09569123 0.09577070 0.09627423 0.09618677 0.09624331 0.09599615 0.09581567 0.09566838 0.09552364
0.12532845 0.12562803 0.12397101 0.12367674 0.12335767 0.12234612 0.12149470 0.12097923 0.12107036 0.11961806 0.11913448 0.11933034 0.11838053 0.11999796 0.11964875 0.12035560 0.12048628 0.12208754 0.12287531 0.12395832 0.12484615 0.12536042 0.12565947 0.12649956 0.12675782 0.12690396 0.12696666 0.12692396 0.12726758 0.12684842 0.12645835 0.12652547
0.17008368 0.16809622 0.16866197 0.16854473 0.16667001 0.16640391 0.16552891 0.16504051 0.16395028 0.16421946 0.16261410 0.16398459 0.16243477 0.16336019 0.16292417 0.16302523 0.16485195 0.16575757 0.16696208 0.16713272 0.16738227 0.16866693 0.16856042 0.16935116 0.16982606 0.17031116 0.16957718 0.17022012 0.17050667 0.17009043 0.17073549 0.16929114
0.22614270 0.22574441 0.22518746 0.22586295 0.22588430 0.22297735 0.22303403 0.22149256 0.22131860 0.22068260 0.21929443 0.21911981 0.21832697 0.22083835 0.21999369 0.22270238 0.22053084 0.22281028 0.22349393 0.22305366 0.22447448 0.22456083 0.22330393 0.22764265 0.22650800 0.22551647 0.22668964 0.22670466 0.22802459 0.22665167 0.22799813 0.22667385
0.29452222 0.29387830 0.29206480 0.29364810 0.29077397 0.28945300 0.28890649 0.28928161 0.28867069 0.28795634 0.28731793 0.28790884 0.28502473 0.28746119 0.28955231 0.28878633 0.28921486 0.28816408 0.28959114 0.29045111 0.29060830 0.29320343 0.29089847 0.29292990 0.29040871 0.29334835 0.29288283 0.29254095 0.29363837 0.29392383 0.29292010 0.29431477
0.36352250 0.36662538 0.36712637 0.36092475 0.36663239 0.35767728 0.36193979 0.36061387 0.36081196 0.36016638 0.35747699 0.36080818 0.35934720 0.36008582 0.35910698 0.36083290 0.35952424 0.35690198 0.36314668 0.36463450 0.36287955 0.36366840 0.36329754 0.36773261 0.36577919 0.36358540 0.36496801 0.36738791 0.36500342 0.36615296 0.36680383 0.36361918
0.43238812 0.43550952 0.43702408 0.43720218 0.43278425 0.42935946 0.42902187 0.43174127 0.43093266 0.42564713 0.42757518 0.42613692 0.43149928 0.43331562 0.43629791 0.42789377 0.43170916 0.43124208 0.42926987 0.43341744 0.43139367 0.43013781 0.43491078 0.43467912 0.43555567 0.43457892 0.43926611 0.43491930 0.43557963 0.43572666 0.43759066 0.43864338
0.48913475 0.49272417 0.49099361 0.49182481 0.49133290 0.48816412 0.48826734 0.48777198 0.48598661 0.48738833 0.48663756 0.48172648 0.48793287 0.48845019 0.48907040 0.48648593 0.48486855 0.48958679 0.48461735 0.48271107 0.49217207 0.49385585 0.49170939 0.49649753 0.49004388 0.49000905 0.49535898 0.49976012 0.49854994 0.49241405 0.48795751 0.49098828
0.53142064 0.52426705 0.53370846 0.52515173 0.52651338 0.52636791 0.52240731 0.51921201 0.52079239 0.52068843 0.52166069 0.52017182 0.51904747 0.51963603 0.52280741 0.52670095 0.52321126 0.52487688 0.51996321 0.52089805 0.52879576 0.52784984 0.52457372 0.53379658 0.52989942 0.52947659 0.52846379 0.53201654 0.52707872 0.53331097 0.53175077 0.52784263
0.53434775 0.53755480 0.53463685 0.53358943 0.53150576 0.52857248 0.52918255 0.52824194 0.52694130 0.52747918 0.52878349 0.52937093 0.52931007 0.53026718 0.52954362 0.53149337 0.53294626 0.53367608 0.53268175 0.53536119 0.53578123 0.53613118 0.53787552 0.53905618 0.53958862 0.54001655 0.53971999 0.54123302 0.53841929 0.53912355 0.53952298 0.53653722
0.51636692 0.51679063 0.51567591 0.51028893 0.50768260 0.50216346 0.50222999 0.50609379 0.50454265 0.50667884 0.50588526 0.50615857 0.50776416 0.51437309 0.51199054 0.51353217 0.51329751 0.51016627 0.51826186 0.51928115 0.51556381 0.52463141 0.51905260 0.51265403 0.52660164 0.51863022 0.51356267 0.51656710 0.52229414 0.52291279 0.52286971 0.51851884
0.47546973 0.47121948 0.47370633 0.46915413 0.46102104 0.46674405 0.45953029 0.45926482 0.46128123 0.45748733 0.46018729 0.46581058 0.46991644 0.47097278 0.47176416 0.46531284 0.47433756 0.46516784 0.47838502 0.47033896 0.47325500 0.47269881 0.47009288 0.47765459 0.47426318 0.48244819 0.47956824 0.47435131 0.47843442 0.47568982 0.47368103 0.47267194
0.41406498 0.40718731 0.40571441 0.40632976 0.39872069 0.39907737 0.40104506 0.40117877 0.40393313 0.40170623 0.40147394 0.39868350 0.40258345 0.40330136 0.41064156 0.40599767 0.40443892 0.40708038 0.40558414 0.41143082 0.41086906 0.40834571 0.41030975 0.41216521 0.41119281 0.41385333 0.41449874 0.41244015 0.41462938 0.41605015 0.41294963 0.41253143
0.33868776 0.33899373 0.33419641 0.32966751 0.32939631 0.33159185 0.32899276 0.32810720 0.32641580 0.32666417 0.32927634 0.33030371 0.33262756 0.33452298 0.33423930 0.33509176 0.33403631 0.33644475 0.33339024 0.33538159 0.34040264 0.33788719 0.33824233 0.33991141 0.34234650 0.34238902 0.34114222 0.34379527 0.33973742 0.33964509 0.33772124 0.34175236
0.26657957 0.26568032 0.26400982 0.26270251 0.26201604 0.25911879 0.25784590 0.25866525 0.25813890 0.25970866 0.26061537 0.26237701 0.26011520 0.26410589 0.26311950 0.26376217 0.26535080 0.26600764 0.26473318 0.26720688 0.26782060 0.26830846 0.27006452 0.27052170 0.26965831 0.26972311 0.27036047 0.26790108 0.26756221 0.27144735 0.27216981 0.26688133
0.20404082 0.20327949 0.20120457 0.20035250 0.19823574 0.19787606 0.19566592 0.19781402 0.19764428 0.19842577 0.19860408 0.19851684 0.19877240 0.20064326 0.20006407 0.19977366 0.20122940 0.20178531 0.20292592 0.20321851 0.20399796 0.20497159 0.20485038 0.20614722 0.20477075 0.20685941 0.20605373 0.20762437 0.20742879 0.20725172 0.20529840 0.20467355
0.15349627 0.15239429 0.15091566 0.14952874 0.14829838 0.14647900 0.14684036 0.14614527 0.14627694 0.14649583 0.14742125 0.14821258 0.14857827 0.14914830 0.14962127 0.15005266 0.14964244 0.15092602 0.15104924 0.15158833 0.15276295 0.15236610 0.15400988 0.15384923 0.15431527 0.15406627 0.15502560 0.15575739 0.15540201 0.15537682 0.15545938 0.15396024
0.11511277 0.11397305 0.11264852 0.11077959 0.11034165 0.10915827 0.10904689 0.10898377 0.10915653 0.10939382 0.10987883 0.10971437 0.11063537 0.11103746 0.11157441 0.11101986 0.11181725 0.11206763 0.11264959 0.11326879 0.11366517 0.11390780 0.11489045 0.11537997 0.11562166 0.11601852 0.11688810 0.11684443 0.11745322 0.11719615 0.11677023 0.11634496
0.08878712 0.08773014 0.08666763 0.08533947 0.08454054 0.08377744 0.08342122 0.08334578 0.08367079 0.08392082 0.08409450 0.08449308 0.08439386 0.08488126 0.08493512 0.08510303 0.08547960 0.08598612 0.08662697 0.08685841 0.08766873 0.08797905 0.08845593 0.08880581 0.08882249 0.08939625 0.08995355 0.09044759 0.09085086 0.09076232 0.08973613 0.08964869
0.07266606 0.07155586 0.07048675 0.06942471 0.06838420 0.06773793 0.06752079 0.06748727 0.06768796 0.06796552 0.06819881 0.06825583 0.06852443 0.06851749 0.06873051 0.06890045 0.06936772 0.06978744 0.07024244 0.07089905 0.07141028 0.07173818 0.07203645 0.07231533 0.07270597 0.07295068 0.07339450 0.07379230 0.07408903 0.07417816 0.07399656 0.07349245
0.06386546 0.06279166 0.06181863 0.06066514 0.05988236 0.05922856 0.05897266 0.05894797 0.05897562 0.05937130 0.05944779 0.05960686 0.05975714 0.05975944 0.05990108 0.06014506 0.06058434 0.06107106 0.06155974 0.06212758 0.06262911 0.06295517 0.06332284 0.06360382 0.06389297 0.06417290 0.06449537 0.06489749 0.06511001 0.06532786 0.06510922 0.06451012
0.05997320 0.05899989 0.05800279 0.05693789 0.05622670 0.05572778 0.05539414 0.05526991 0.05544086 0.05551088 0.05559213 0.05577705 0.05584516 0.05588095 0.05612112 0.05638567 0.05684548 0.05744270 0.05805880 0.05864318 0.05917856 0.05955202 0.05984503 0.06014008 0.06040024 0.06064468 0.06093774 0.06124323 0.06152900 0.06152913 0.06134197 0.06074095
0.05879938 0.05779280 0.05692479 0.05583597 0.05518044 0.05462039 0.05424679 0.05415035 0.05422496 0.05419218 0.05429756 0.05451075 0.05446021 0.05461790 0.05488012 0.05525907 0.05587470 0.05647000 0.05718926 0.05787421 0.05841874 0.05877029 0.05912441 0.05932785 0.05963882 0.05986497 0.06010584 0.06034381 0.06034248 0.06046734 0.06013319 0.05958662
0.05843669 0.05749788 0.05646572 0.05555886 0.05478382 0.05422994 0.05387227 0.05372795 0.05365243 0.05386410 0.05368150 0.05383194 0.05377987 0.05398050 0.05433379 0.05473719 0.05534234 0.05614797 0.05698290 0.05775494 0.05835734 0.05882823 0.05920618 0.05924749 0.05958508 0.05980753 0.05999673 0.06025406 0.06039338 0.06019647 0.05991638 0.05924427
