32 32 0.048783 0.26938
0.05969837 0.05849071 0.05730038 0.05600071 0.05480509 0.05383574 0.05310853 0.05238842 0.05196156 0.05172922 0.05148304 0.05146133 0.05140284 0.05172708 0.05219164 0.05284042 0.05364237 0.05471525 0.05579882 0.05679533 0.05758582 0.05819248 0.05897010 0.05948754 0.06001020 0.06049745 0.06086967 0.06120790 0.06148576 0.06154250 0.06118765 0.06055798
0.05897723 0.05782980 0.05653541 0.05522236 0.05407194 0.05311943 0.05227628 0.05157064 0.05108899 0.05095059 0.05096745 0.05087287 0.05082476 0.05109694 0.05166934 0.05242106 0.05344996 0.05447253 0.05548836 0.05671788 0.05755429 0.05827642 0.05900227 0.05948838 0.05984854 0.06038732 0.06067889 0.06093720 0.06104087 0.06098745 0.06063157 0.05987808
0.05824028 0.05709164 0.05580714 0.05463295 0.05336993 0.05228559 0.05156047 0.05058864 0.05048044 0.05012576 0.05002947 0.04995021 0.05013213 0.05055315 0.05114127 0.05189863 0.05295156 0.05386123 0.05528281 0.05646354 0.05737436 0.05826781 0.05889884 0.05932439 0.05967330 0.06011958 0.06028228 0.06050731 0.06053655 0.06030846 0.06000177 0.05910344
0.05746739 0.05630467 0.05500206 0.05385613 0.05250619 0.05159641 0.05077099 0.05018605 0.04969389 0.04941160 0.04930134 0.04926197 0.04951691 0.04990859 0.05056451 0.05159333 0.05263627 0.05384278 0.05509943 0.05649476 0.05732229 0.05815617 0.05874367 0.05915254 0.05948695 0.05979787 0.05995226 0.06001647 0.06001732 0.05966946 0.05920659 0.05847445
0.05687262 0.05576797 0.05451495 0.05322600 0.05208305 0.05111045 0.05026833 0.04958938 0.04913905 0.04887953 0.04878752 0.04878341 0.04908319 0.04956697 0.05035852 0.05131563 0.05249463 0.05377710 0.05500470 0.05621259 0.05740688 0.05808365 0.05875383 0.05918269 0.05943567 0.05965801 0.05975007 0.05981352 0.05955874 0.05921009 0.05861157 0.05778630
0.05727792 0.05614510 0.05489909 0.05364174 0.05254700 0.05158097 0.05069798 0.05004371 0.04956840 0.04923850 0.04912969 0.04923367 0.04955688 0.05012055 0.05087975 0.05188625 0.05309077 0.05433698 0.05556596 0.05686180 0.05787727 0.05875153 0.05940359 0.05980894 0.06009855 0.06026900 0.06029793 0.06017346 0.05994233 0.05958208 0.05902591 0.05819957
0.05985363 0.05866712 0.05758387 0.05630994 0.05511483 0.05415384 0.05324534 0.05253883 0.05198278 0.05156274 0.05155874 0.05167317 0.05196076 0.05256899 0.05333884 0.05430263 0.05552635 0.05677886 0.05806626 0.05926623 0.06034439 0.06120025 0.06185470 0.06238757 0.06263831 0.06284885 0.06273420 0.06272866 0.06240038 0.06216028 0.06158503 0.06077720
0.06590470 0.06490977 0.06373828 0.06260089 0.06133001 0.06026275 0.05928185 0.05864219 0.05801481 0.05755446 0.05751279 0.05743986 0.05772826 0.05828448 0.05900372 0.06008556 0.06112588 0.06237008 0.06360632 0.06481796 0.06597256 0.06683267 0.06741713 0.06805099 0.06841840 0.06851304 0.06869734 0.06859445 0.06853515 0.06797030 0.06748033 0.06644389
0.07688826 0.07533585 0.07475712 0.07342999 0.07235884 0.07120380 0.07010168 0.06925450 0.06869780 0.06811756 0.06786056 0.06785849 0.06797126 0.06848569 0.06913996 0.07008819 0.07094965 0.07226660 0.07321869 0.07454350 0.07566105 0.07665716 0.07742922 0.07805188 0.07842809 0.07893742 0.07882861 0.07899749 0.07876631 0.07847876 0.07811890 0.07761244
0.09314035 0.09272837 0.09107186 0.09019972 0.08924740 0.08797897 0.08678367 0.08597348 0.08555873 0.08447537 0.08402571 0.08408429 0.08361882 0.08475072 0.08492595 0.08576400 0.08644633 0.08775010 0.08889351 0.09005489 0.09113603 0.09204902 0.09285884 0.09381170 0.09429249 0.09473616 0.09502829 0.09511961 0.09534509 0.09497452 0.09455648 0.09425991
0.11736176 0.11566154 0.11537100 0.11452587 0.11277925 0.11174938 0.11051915 0.10957972 0.10842456 0.10817934 0.10699828 0.10761681 0.10672646 0.10730937 0.10733373 0.10775071 0.10910114 0.11007580 0.11118189 0.11200534 0.11285452 0.11416509 0.11479067 0.11583138 0.11659651 0.11734025 0.11737981 0.11799429 0.11824632 0.11808523 0.11832822 0.11729609
0.14767795 0.14699770 0.14577295 0.14555473 0.14466965 0.14219978 0.14146026 0.13985177 0.13905196 0.13823963 0.13708321 0.13668163 0.13615451 0.13738844 0.13708575 0.13868809 0.13793520 0.13953026 0.14038980 0.14077659 0.14215927 0.14297806 0.14319290 0.14597508 0.14613706 0.14634427 0.14740027 0.14790628 0.14896802 0.14841760 0.14913235 0.14834680
0.18469779 0.18378582 0.18221072 0.18206307 0.17963793 0.17799862 0.17697289 0.17628849 0.17510160 0.17416465 0.17318291 0.17308074 0.17137304 0.17251479 0.17350948 0.17329228 0.17388138 0.17374824 0.17482492 0.17585168 0.17669976 0.17872552 0.17851949 0.18032205 0.18004654 0.18222589 0.18269535 0.18305312 0.18418768 0.18454820 0.18423505 0.18503972
0.22166005 0.22319993 0.22266493 0.21841812 0.22050240 0.21467192 0.21584597 0.21466183 0.21375625 0.21250025 0.21046013 0.21188736 0.21068297 0.21108165 0.21062304 0.21145645 0.21093680 0.21022471 0.21368076 0.21501635 0.21489592 0.21618002 0.21711010 0.22009761 0.22009672 0.21985769 0.22143624 0.22342497 0.22225503 0.22359418 0.22396291 0.22237151
0.25906434 0.26007794 0.25975751 0.25896946 0.25574091 0.25283104 0.25172831 0.25243815 0.25088858 0.24754864 0.24805922 0.24682860 0.24903661 0.25006011 0.25119686 0.24784228 0.24978214 0.25007050 0.24939507 0.25189308 0.25216486 0.25213942 0.25534801 0.25625382 0.25771781 0.25848175 0.26154424 0.25991893 0.26092177 0.26137300 0.26213457 0.26282295
0.28949844 0.29037995 0.28906056 0.28786515 0.28699021 0.28480045 0.28341467 0.28228938 0.28053469 0.28072438 0.27955550 0.27671753 0.27970450 0.27987971 0.28034491 0.27944760 0.27862048 0.28206601 0.28016918 0.28000302 0.28596311 0.28674584 0.28719942 0.28908629 0.28796425 0.28923585 0.29210252 0.29488898 0.29518454 0.29152705 0.28971843 0.29139902
0.31147481 0.30736945 0.31100782 0.30545336 0.30598490 0.30424608 0.30139729 0.29937469 0.29912735 0.29824905 0.29861260 0.29780710 0.29696782 0.29708009 0.29920845 0.30188638 0.30069799 0.30230229 0.30093462 0.30070449 0.30707939 0.30686668 0.30551974 0.31104558 0.31015679 0.31104442 0.31075809 0.31306699 0.31096166 0.31413155 0.31293977 0.31139695
0.31215526 0.31368157 0.31087416 0.30951498 0.30766741 0.30529818 0.30473450 0.30339284 0.30240478 0.30281470 0.30298849 0.30324687 0.30354786 0.30512190 0.30452480 0.30584988 0.30719217 0.30813147 0.30946911 0.31181890 0.31235674 0.31311482 0.31496659 0.31589464 0.31684138 0.31735102 0.31775679 0.31764372 0.31766321 0.31746372 0.31816417 0.31577076
0.30240818 0.30251544 0.30076970 0.29636339 0.29437180 0.29141024 0.29051643 0.29149215 0.29035822 0.29116958 0.29103113 0.29146822 0.29356392 0.29700215 0.29666140 0.29778262 0.29882415 0.29780094 0.30265290 0.30340422 0.30276687 0.30850787 0.30607793 0.30215260 0.31067604 0.30692460 0.30447789 0.30618092 0.30966967 0.30988071 0.30829690 0.30513205
0.28118477 0.27762212 0.27794564 0.27451389 0.26918088 0.27183510 0.26788457 0.26629680 0.26799829 0.26640872 0.26793219 0.27113698 0.27378041 0.27476106 0.27612597 0.27345234 0.27848428 0.27489405 0.28235728 0.27933316 0.28108627 0.28203991 0.28074313 0.28512937 0.28400589 0.28810231 0.28681358 0.28356716 0.28588839 0.28400971 0.28242005 0.28088845
0.24791303 0.24371606 0.24162076 0.24103591 0.23637341 0.23562346 0.23638859 0.23596106 0.23739935 0.23656839 0.23666778 0.23613015 0.23848748 0.23928724 0.24398747 0.24234794 0.24242040 0.24465174 0.24462186 0.24865729 0.24931242 0.24830382 0.24959911 0.25043467 0.25073950 0.25183856 0.25242224 0.25155670 0.25218438 0.25207656 0.24978205 0.24866350
0.20834568 0.20746907 0.20375117 0.20074940 0.19976401 0.20024324 0.19831597 0.19767495 0.19682493 0.19732388 0.19894850 0.19988771 0.20162396 0.20337736 0.20380297 0.20506357 0.20535061 0.20749974 0.20652972 0.20841093 0.21153881 0.21042368 0.21104863 0.21209027 0.21343360 0.21374168 0.21332130 0.21443148 0.21212145 0.21144246 0.21005637 0.21101471
0.17042961 0.16913464 0.16712988 0.16541367 0.16421318 0.16212327 0.16110078 0.16139854 0.16106061 0.16195214 0.16278472 0.16403693 0.16326658 0.16601397 0.16602894 0.16700248 0.16854201 0.16975466 0.16967125 0.17157397 0.17242046 0.17300258 0.17433386 0.17483053 0.17464031 0.17485273 0.17534633 0.17401601 0.17383639 0.17543303 0.17515921 0.17157787
0.13762204 0.13626028 0.13419193 0.13282883 0.13098690 0.13018146 0.12863252 0.12945745 0.12927943 0.12973479 0.12999694 0.13019347 0.13067818 0.13212761 0.13223775 0.13270120 0.13404533 0.13502838 0.13617268 0.13688247 0.13779813 0.13872532 0.13899601 0.13997390 0.13960514 0.14104573 0.14074509 0.14176261 0.14167151 0.14133109 0.13982115 0.13884357
0.11118686 0.10967434 0.10802367 0.10641515 0.10501747 0.10345788 0.10315876 0.10248305 0.10238668 0.10230554 0.10304174 0.10348578 0.10387830 0.10449082 0.10513554 0.10579938 0.10605257 0.10737446 0.10794902 0.10874328 0.10988356 0.10998815 0.11125808 0.11150583 0.11206638 0.11237177 0.11325608 0.11387269 0.11381267 0.11379720 0.11353070 0.11213967
0.09111412 0.08970068 0.08812598 0.08633292 0.08532150 0.08405255 0.08350934 0.08307331 0.08294143 0.08287948 0.08304164 0.08282432 0.08355430 0.08395543 0.08454157 0.08466905 0.08550865 0.08609641 0.08696557 0.08772035 0.08835722 0.08888544 0.08981678 0.09045869 0.09100628 0.09166661 0.09258609 0.09303854 0.09362929 0.09345414 0.09308229 0.09234069
0.07725455 0.07598017 0.07468948 0.07311096 0.07192537 0.07086369 0.07012539 0.06963150 0.06948276 0.06934872 0.06925322 0.06949262 0.06938969 0.06979155 0.07003456 0.07046315 0.07103025 0.07179746 0.07261452 0.07316981 0.07408340 0.07461825 0.07527738 0.07587690 0.07628162 0.07711869 0.07788325 0.07866883 0.07919508 0.07932756 0.07847454 0.07826746
0.06873005 0.06746429 0.06617257 0.06477718 0.06343669 0.06248835 0.06177388 0.06132013 0.06103360 0.06088730 0.06076909 0.06065729 0.06079331 0.06081311 0.06113482 0.06150107 0.06214986 0.06282650 0.06350228 0.06433702 0.06505912 0.06561398 0.06614214 0.06674298 0.06745566 0.06809483 0.06880153 0.06951919 0.07007742 0.07034301 0.07019278 0.06966048
0.06398493 0.06274812 0.06155042 0.06008750 0.05895896 0.05790885 0.05715860 0.05668382 0.05629644 0.05620271 0.05598792 0.05592462 0.05594893 0.05594122 0.05616720 0.05659024 0.05717650 0.05787852 0.05857571 0.05936708 0.06006734 0.06059929 0.06123830 0.06183811 0.06245902 0.06313638 0.06382309 0.06453562 0.06503980 0.06544251 0.06534287 0.06474441
0.06177865 0.06062647 0.05936696 0.05803804 0.05686816 0.05591786 0.05514409 0.05457596 0.05428280 0.05394166 0.05375926 0.05366128 0.05364104 0.05369066 0.05402763 0.05435604 0.05498605 0.05575278 0.05656920 0.05738224 0.05811852 0.05875002 0.05923325 0.05990282 0.06048204 0.06111387 0.06182578 0.06250165 0.06308723 0.06325949 0.06319958 0.06262433
0.06085476 0.05964839 0.05851664 0.05706270 0.05605434 0.05504804 0.05428182 0.05370835 0.05340736 0.05298106 0.05280826 0.05280822 0.05264938 0.05280892 0.05312414 0.05362461 0.05439814 0.05516921 0.05608697 0.05697506 0.05771828 0.05828934 0.05895809 0.05947018 0.06006347 0.06065668 0.06132519 0.06184006 0.06221406 0.06247086 0.06227031 0.06170952
0.06025947 0.05913160 0.05784066 0.05658006 0.05540462 0.05439825 0.05366510 0.05309794 0.05267276 0.05256761 0.05211150 0.05209555 0.05201051 0.05223395 0.05263953 0.05319319 0.05378327 0.05494661 0.05596249 0.05690277 0.05774089 0.05841450 0.05906438 0.05942640 0.06003713 0.06058121 0.06115794 0.06162774 0.06204323 0.06199589 0.06182772 0.06116161
