32 32 0.051231 0.8395
0.05342085 0.05303328 0.05280961 0.05247811 0.05225964 0.05227319 0.05236373 0.05238183 0.05256548 0.05285169 0.05296152 0.05315828 0.05319719 0.05342391 0.05364667 0.05393325 0.05431422 0.05487450 0.05531834 0.05562316 0.05569927 0.05552261 0.05544640 0.05515755 0.05488135 0.05463086 0.05439689 0.05422034 0.05418828 0.05410097 0.05389696 0.05371711
0.05316168 0.05285200 0.05252889 0.05224661 0.05204370 0.05202209 0.05203668 0.05197844 0.05209379 0.05236138 0.05268456 0.05268553 0.05263271 0.05270383 0.05305529 0.05340833 0.05393793 0.05440686 0.05476403 0.05528620 0.05540692 0.05536706 0.05529567 0.05499320 0.05461880 0.05452248 0.05420071 0.05403096 0.05391008 0.05381813 0.05366695 0.05340288
0.05283374 0.05251928 0.05224431 0.05210423 0.05186679 0.05164967 0.05169808 0.05137650 0.05177228 0.05177496 0.05187431 0.05181106 0.05192757 0.05206718 0.05236680 0.05268268 0.05319097 0.05353076 0.05426994 0.05471314 0.05486912 0.05499612 0.05487588 0.05456588 0.05422450 0.05409853 0.05375408 0.05361610 0.05351510 0.05333221 0.05329032 0.05293841
0.05243121 0.05211226 0.05192348 0.05178254 0.05143216 0.05144436 0.05134266 0.05140172 0.05132333 0.05135302 0.05132468 0.05123115 0.05126873 0.05140069 0.05156845 0.05210052 0.05255350 0.05310796 0.05366137 0.05433079 0.05441305 0.05447824 0.05432922 0.05407888 0.05372848 0.05354258 0.05329227 0.05314515 0.05308201 0.05290806 0.05280035 0.05264719
0.05276478 0.05261642 0.05240795 0.05212569 0.05201573 0.05192133 0.05184097 0.05176170 0.05168484 0.05163743 0.05157386 0.05142527 0.05138177 0.05143423 0.05168812 0.05207728 0.05259080 0.05321270 0.05374940 0.05419229 0.05457292 0.05449072 0.05448147 0.05418588 0.05384211 0.05360295 0.05342209 0.05335343 0.05316849 0.05307214 0.05297226 0.05280211
0.05601030 0.05587064 0.05572892 0.05550015 0.05547945 0.05540952 0.05523839 0.05507174 0.05499524 0.05477584 0.05467390 0.05455055 0.05448798 0.05454302 0.05473263 0.05505027 0.05557554 0.05609806 0.05659861 0.05707622 0.05730022 0.05744294 0.05733788 0.05718507 0.05683861 0.05656617 0.05638683 0.05614087 0.05604060 0.05608717 0.05601776 0.05608381
0.06558352 0.06539003 0.06537616 0.06528082 0.06506879 0.06499655 0.06483335 0.06458619 0.06440864 0.06421274 0.06409675 0.06395336 0.06386649 0.06387961 0.06410519 0.06441542 0.06494234 0.06527649 0.06584110 0.06624237 0.06655167 0.06658173 0.06639335 0.06646182 0.06605585 0.06590547 0.06550219 0.06545050 0.06532148 0.06554841 0.06555699 0.06549221
0.08550426 0.08571628 0.08570013 0.08550658 0.08528198 0.08515749 0.08492690 0.08502410 0.08470387 0.08426407 0.08432164 0.08393176 0.08386145 0.08394345 0.08416080 0.08472233 0.08477908 0.08503668 0.08560101 0.08593095 0.08628828 0.08630449 0.08594007 0.08591564 0.08571923 0.08528025 0.08535329 0.08530408 0.08530425 0.08517343 0.08547750 0.08498883
0.12053558 0.12028115 0.12074958 0.12034000 0.12037213 0.12043879 0.12002963 0.11977542 0.11989677 0.11928804 0.11899237 0.11893751 0.11865934 0.11872187 0.11864839 0.11913236 0.11885840 0.11968844 0.11940804 0.11991314 0.12033014 0.12046849 0.12024183 0.12007509 0.11950586 0.11984821 0.11987925 0.11963631 0.11933930 0.11944948 0.11987112 0.12053569
0.17281042 0.17444899 0.17283555 0.17373074 0.17450582 0.17403342 0.17371009 0.17381535 0.17469038 0.17282044 0.17228622 0.17263541 0.17109044 0.17332904 0.17198607 0.17229597 0.17142475 0.17303183 0.17302219 0.17377281 0.17411588 0.17369573 0.17311913 0.17359650 0.17341032 0.17301666 0.17280435 0.17267027 0.17345675 0.17305334 0.17290387 0.17385187
0.24956025 0.24722898 0.24939653 0.25049603 0.24841175 0.24957840 0.24926319 0.24949935 0.24841596 0.24961648 0.24727934 0.24966474 0.24701679 0.24818412 0.24684601 0.24619179 0.24838264 0.24874707 0.24961791 0.24880144 0.24787020 0.24890331 0.24758012 0.24795162 0.24794429 0.24803631 0.24628885 0.24716731 0.24782693 0.24735937 0.24903339 0.24711163
0.34569060 0.34582090 0.34647657 0.34882767 0.35048367 0.34678588 0.34796476 0.34637652 0.34727014 0.34652763 0.34452061 0.34469656 0.34312610 0.34727771 0.34539752 0.34917148 0.34457494 0.34754850 0.34764413 0.34561785 0.34682130 0.34565416 0.34209044 0.34895033 0.34556971 0.34298047 0.34472464 0.34435032 0.34658427 0.34448648 0.34729107 0.34555138
0.46287341 0.46317664 0.46074407 0.46530248 0.46185945 0.46099805 0.46055085 0.46241624 0.46283396 0.46187666 0.46210719 0.46358022 0.45785912 0.46233260 0.46541370 0.46371647 0.46293152 0.45969585 0.46184801 0.46216751 0.46082267 0.46417918 0.45842471 0.46114464 0.45477797 0.45937321 0.45802013 0.45733445 0.45884445 0.46004879 0.45819817 0.46085008
0.58249965 0.58702619 0.58983698 0.58041914 0.59232292 0.57842176 0.58752151 0.58456298 0.58656315 0.58747349 0.58285635 0.58900486 0.58758074 0.58709307 0.58427590 0.58743134 0.58508517 0.57767668 0.58867665 0.58995569 0.58549368 0.58508561 0.58156614 0.58922454 0.58428992 0.57960912 0.58111747 0.58482216 0.58258886 0.58362569 0.58584598 0.58015544
0.69965504 0.70650781 0.71233829 0.71403320 0.70752928 0.70317931 0.70376082 0.70895221 0.70988365 0.70050229 0.70410946 0.70225927 0.71326443 0.71431797 0.72044398 0.70146996 0.70858857 0.70594783 0.70230544 0.70952763 0.70163766 0.69893502 0.70637561 0.70401914 0.70405231 0.69991325 0.70842614 0.70123931 0.70229213 0.70267877 0.70785529 0.70979429
0.79944997 0.80766403 0.80438147 0.80976999 0.81007074 0.80329519 0.80693386 0.80702092 0.80498095 0.80807343 0.80803114 0.79948831 0.81020239 0.81120976 0.81102701 0.80453391 0.80272147 0.80618893 0.79650916 0.79365090 0.80539038 0.80965898 0.80143298 0.81317317 0.79700965 0.79203017 0.80552851 0.81436296 0.81103880 0.80407296 0.79333961 0.79936360
0.87476549 0.86581749 0.88294414 0.86986391 0.87175033 0.87386264 0.86827802 0.86273120 0.86822393 0.86858596 0.87142186 0.86818630 0.86614636 0.86321849 0.87099712 0.87475345 0.86841290 0.86993141 0.85767823 0.86192696 0.87033418 0.86720901 0.85877710 0.87608034 0.86645092 0.86388982 0.86381289 0.87002417 0.86241492 0.87354522 0.87184779 0.86369319
0.88476230 0.89072893 0.88843243 0.88832448 0.88690301 0.88273102 0.88380403 0.88411733 0.88150247 0.88353546 0.88467238 0.88543929 0.88533798 0.88679253 0.88336025 0.88655619 0.88691364 0.88767794 0.88151347 0.88481960 0.88419575 0.88263976 0.88270674 0.88359418 0.88412173 0.88484044 0.88503656 0.88787531 0.88412470 0.88717525 0.89067306 0.88462076
0.85791991 0.85814297 0.85834196 0.85214676 0.84788309 0.84129085 0.84243047 0.84984421 0.84752748 0.85107725 0.84882408 0.84910185 0.84802465 0.85937202 0.85368407 0.85663429 0.85360134 0.84643521 0.85968702 0.86175126 0.85153148 0.86354295 0.85268999 0.84405277 0.86279862 0.85022400 0.84261729 0.85004645 0.85705656 0.85969760 0.86340859 0.85953323
0.78759028 0.78394213 0.78995000 0.78340797 0.77106443 0.78134891 0.76825085 0.77199984 0.77344353 0.76398086 0.76847411 0.77942340 0.78494846 0.78968465 0.78765319 0.77413166 0.79278773 0.77139132 0.79586047 0.77649420 0.78180201 0.77585152 0.77257805 0.78391536 0.77614257 0.79278555 0.78716400 0.78121224 0.78705882 0.78339509 0.78072734 0.78151484
0.68752630 0.67432991 0.67500958 0.67727635 0.66406189 0.66800570 0.67116267 0.67365247 0.67782445 0.67229676 0.67188573 0.66351562 0.67059894 0.67291847 0.68534219 0.67504857 0.66994708 0.67333220 0.66867088 0.67679469 0.67247348 0.66633785 0.66964392 0.67444635 0.66982950 0.67684401 0.67728183 0.67335332 0.67929562 0.68466146 0.68039464 0.68061907
0.55613866 0.55854899 0.55242768 0.54406048 0.54524778 0.55053585 0.54734639 0.54582710 0.54178183 0.54061944 0.54498864 0.54651523 0.55000091 0.55202273 0.55125431 0.55146868 0.54800575 0.55062066 0.54362795 0.54507761 0.55358674 0.54854092 0.54741323 0.55034761 0.55479000 0.55497687 0.55240377 0.55835837 0.55216444 0.55387793 0.55054773 0.55942737
0.43022598 0.42941826 0.42909672 0.42787517 0.42867044 0.42411531 0.42220278 0.42318472 0.42150160 0.42452821 0.42485124 0.42749321 0.42254292 0.42927846 0.42699435 0.42737188 0.42898312 0.42865660 0.42531277 0.42880489 0.42841742 0.42872832 0.43080591 0.43090942 0.42906529 0.42937027 0.43087178 0.42699609 0.42640809 0.43497873 0.43769721 0.42935897
0.32010752 0.32032865 0.31803907 0.31810790 0.31527887 0.31555860 0.31172749 0.31596563 0.31503617 0.31585487 0.31560468 0.31477366 0.31465082 0.31756433 0.31607589 0.31454542 0.31670323 0.31649984 0.31779109 0.31703967 0.31736865 0.31821160 0.31724866 0.31937977 0.31652775 0.32019145 0.31913036 0.32207723 0.32206642 0.32257319 0.31981566 0.32001233
0.22985321 0.22936288 0.22806757 0.22692332 0.22578185 0.22301283 0.22439557 0.22287492 0.22309884 0.22310010 0.22394092 0.22527510 0.22547432 0.22617298 0.22656804 0.22679705 0.22562373 0.22679982 0.22637007 0.22631060 0.22729841 0.22586371 0.22825359 0.22755969 0.22817271 0.22754877 0.22912505 0.23053223 0.23017164 0.23036445 0.23121846 0.22947113
0.16021349 0.15956773 0.15854715 0.15639619 0.15673918 0.15536728 0.15562393 0.15558794 0.15598195 0.15592251 0.15658067 0.15597339 0.15737668 0.15790513 0.15846168 0.15705909 0.15812259 0.15779070 0.15787569 0.15817084 0.15816798 0.15760523 0.15889382 0.15928724 0.15938782 0.15976222 0.16116885 0.16074784 0.16181832 0.16166431 0.16129293 0.16152231
0.11196833 0.11128750 0.11064897 0.10953937 0.10920198 0.10863459 0.10843228 0.10852155 0.10902281 0.10942666 0.10967317 0.11010186 0.11002226 0.11059673 0.11054678 0.11047676 0.11068616 0.11080848 0.11120390 0.11075312 0.11138280 0.11118290 0.11141217 0.11145950 0.11107164 0.11153104 0.11224655 0.11283332 0.11339974 0.11323512 0.11223739 0.11246562
0.08173853 0.08103712 0.08046041 0.07976184 0.07905347 0.07846244 0.07877715 0.07905076 0.07938026 0.07988932 0.08038154 0.08040980 0.08082483 0.08080785 0.08103325 0.08105366 0.08129134 0.08133142 0.08130198 0.08169542 0.08172813 0.08153075 0.08136744 0.08129294 0.08150026 0.08130310 0.08169321 0.08177289 0.08232635 0.08234892 0.08233693 0.08219993
0.06456508 0.06407089 0.06358091 0.06297214 0.06261914 0.06236079 0.06249148 0.06275934 0.06309002 0.06366403 0.06393913 0.06427501 0.06453069 0.06464289 0.06476376 0.06482907 0.06501350 0.06514589 0.06523296 0.06530876 0.06532612 0.06511752 0.06502582 0.06488448 0.06476096 0.06465943 0.06469163 0.06493173 0.06502565 0.06532630 0.06532173 0.06500805
0.05678579 0.05629123 0.05588026 0.05538289 0.05516575 0.05511044 0.05516892 0.05541080 0.05585238 0.05622130 0.05650963 0.05685055 0.05703740 0.05714804 0.05733794 0.05746688 0.05766656 0.05799279 0.05820430 0.05830013 0.05831884 0.05821288 0.05791891 0.05772738 0.05748889 0.05732133 0.05726813 0.05730548 0.05744710 0.05742007 0.05746547 0.05714857
0.05412675 0.05366877 0.05335995 0.05284913 0.05279161 0.05272763 0.05280221 0.05307289 0.05347564 0.05371992 0.05407311 0.05445608 0.05451822 0.05470152 0.05488804 0.05515365 0.05553348 0.05579979 0.05609711 0.05629090 0.05630483 0.05607896 0.05587361 0.05550116 0.05529339 0.05506557 0.05494423 0.05490333 0.05469037 0.05484087 0.05469691 0.05443469
0.05354059 0.05318244 0.05279085 0.05247013 0.05230849 0.05226984 0.05237952 0.05260982 0.05286617 0.05333792 0.05337842 0.05368564 0.05372269 0.05391656 0.05419397 0.05442794 0.05467416 0.05523851 0.05561326 0.05587974 0.05596005 0.05587645 0.05562105 0.05511938 0.05492487 0.05471154 0.05452606 0.05445382 0.05440779 0.05428879 0.05415262 0.05385182
