32 32 0.053261 1.2552
0.05579220 0.05524589 0.05489944 0.05463848 0.05440313 0.05440213 0.05452096 0.05455595 0.05476626 0.05497141 0.05505614 0.05518806 0.05518669 0.05545406 0.05564074 0.05596242 0.05637089 0.05696895 0.05751268 0.05797836 0.05819363 0.05824864 0.05841482 0.05833117 0.05820076 0.05805386 0.05784453 0.05760376 0.05739815 0.05712593 0.05669976 0.05624482
0.05536821 0.05491157 0.05451021 0.05419718 0.05405226 0.05402711 0.05404142 0.05396243 0.05413882 0.05438197 0.05468247 0.05466634 0.05460971 0.05471816 0.05509049 0.05549590 0.05610474 0.05662390 0.05714997 0.05780232 0.05809823 0.05823704 0.05839505 0.05823836 0.05800440 0.05789356 0.05762365 0.05731690 0.05697607 0.05668320 0.05629259 0.05582619
0.05493610 0.05449494 0.05414275 0.05401741 0.05375329 0.05359392 0.05364322 0.05331607 0.05373512 0.05372018 0.05380837 0.05375665 0.05389994 0.05413387 0.05443132 0.05488634 0.05550485 0.05591779 0.05686096 0.05745717 0.05782179 0.05812736 0.05818080 0.05800271 0.05777472 0.05764336 0.05721854 0.05692200 0.05659516 0.05612850 0.05583904 0.05522171
0.05462167 0.05422056 0.05392124 0.05374056 0.05339131 0.05338898 0.05339977 0.05337340 0.05331717 0.05331550 0.05333048 0.05326130 0.05341026 0.05360415 0.05395541 0.05453008 0.05516844 0.05587604 0.05659500 0.05743958 0.05774575 0.05798829 0.05800492 0.05784592 0.05760750 0.05735077 0.05699798 0.05663512 0.05629392 0.05586754 0.05545075 0.05505555
0.05575890 0.05532904 0.05518956 0.05486454 0.05474069 0.05463896 0.05454741 0.05444050 0.05436668 0.05427566 0.05424391 0.05417983 0.05429991 0.05448282 0.05488541 0.05546177 0.05616082 0.05697399 0.05770908 0.05835098 0.05894019 0.05903686 0.05913243 0.05895924 0.05867897 0.05833805 0.05796131 0.05745628 0.05714853 0.05674885 0.05635795 0.05595731
0.06132772 0.06106867 0.06087776 0.06063981 0.06057827 0.06053007 0.06030273 0.06017973 0.05996079 0.05976593 0.05968620 0.05968192 0.05977129 0.06000568 0.06044788 0.06095614 0.06172573 0.06251625 0.06320495 0.06393148 0.06434034 0.06468383 0.06468341 0.06451957 0.06420059 0.06377815 0.06341428 0.06285666 0.06242725 0.06206507 0.06175214 0.06158452
0.07646112 0.07614410 0.07597853 0.07590144 0.07559394 0.07553004 0.07529209 0.07499903 0.07478228 0.07471084 0.07453560 0.07453580 0.07463997 0.07486452 0.07537553 0.07597020 0.07679005 0.07725592 0.07816358 0.07876676 0.07930859 0.07946122 0.07932690 0.07951261 0.07896308 0.07871833 0.07796099 0.07763709 0.07717920 0.07713668 0.07683506 0.07647897
0.10676836 0.10699262 0.10694221 0.10666930 0.10630566 0.10608537 0.10572030 0.10597883 0.10542762 0.10486967 0.10505311 0.10476584 0.10497280 0.10535636 0.10592111 0.10687367 0.10711872 0.10753247 0.10841305 0.10894864 0.10955333 0.10974408 0.10936041 0.10939875 0.10910315 0.10822536 0.10831239 0.10794743 0.10757807 0.10701866 0.10719727 0.10632254
0.15946681 0.15920754 0.15957071 0.15889390 0.15883805 0.15896853 0.15826367 0.15782260 0.15809674 0.15725981 0.15699913 0.15720216 0.15720767 0.15752419 0.15775665 0.15868954 0.15846164 0.15974639 0.15938299 0.16019673 0.16097674 0.16134931 0.16109995 0.16092769 0.16010315 0.16049050 0.16026929 0.15967959 0.15889566 0.15869043 0.15900614 0.15975095
0.23757253 0.23984456 0.23739037 0.23864007 0.23974559 0.23881267 0.23824478 0.23833043 0.23977301 0.23700841 0.23637633 0.23709313 0.23513352 0.23909572 0.23740479 0.23814894 0.23690382 0.23960919 0.23948286 0.24095685 0.24152723 0.24101889 0.24029830 0.24097048 0.24081975 0.24008892 0.23951622 0.23901816 0.23980385 0.23895816 0.23830828 0.23943025
0.35177958 0.34800943 0.35112137 0.35260417 0.34904187 0.35102074 0.35040777 0.35074429 0.34895595 0.35113142 0.34761925 0.35146355 0.34812158 0.35011065 0.34852118 0.34780425 0.35147602 0.35200082 0.35336877 0.35251876 0.35120351 0.35296699 0.35106385 0.35169489 0.35164591 0.35163770 0.34886846 0.34980898 0.35069371 0.34949613 0.35159798 0.34832353
0.49450378 0.49409353 0.49563131 0.49854796 0.50103836 0.49535698 0.49656625 0.49406557 0.49568871 0.49408513 0.49110817 0.49228148 0.48963742 0.49680477 0.49455482 0.50020667 0.49364484 0.49823518 0.49853730 0.49569672 0.49748932 0.49611899 0.49086092 0.50165975 0.49623912 0.49237730 0.49504215 0.49414829 0.49693448 0.49363174 0.49745351 0.49416946
0.66790809 0.66873917 0.66387236 0.67108532 0.66583449 0.66416416 0.66190703 0.66450490 0.66596076 0.66356934 0.66563261 0.66847891 0.65906592 0.66713704 0.67184232 0.67020916 0.66779493 0.66239768 0.66721674 0.66794145 0.66558382 0.67123202 0.66224457 0.66734663 0.65663022 0.66423075 0.66227935 0.66142894 0.66278071 0.66509286 0.66095196 0.66389773
0.84667148 0.84977217 0.85468203 0.84019878 0.85829602 0.83714995 0.85117688 0.84298534 0.84717004 0.85060415 0.84359744 0.85285297 0.85315243 0.85010311 0.84512522 0.85162316 0.84971315 0.83561967 0.85408791 0.85596378 0.84971267 0.84886315 0.84148074 0.85579206 0.84820542 0.84160888 0.84342873 0.84869156 0.84819909 0.84730489 0.85124582 0.84105117
1.01738083 1.02727334 1.03866759 1.04047643 1.02934724 1.02263371 1.02241723 1.02847883 1.03214894 1.01661484 1.02174424 1.02014210 1.03986418 1.03857337 1.05172111 1.01609382 1.02974962 1.02467941 1.02117638 1.03414170 1.01800182 1.01661043 1.02901286 1.02546658 1.02557954 1.01694570 1.03197437 1.02182985 1.02271576 1.02255657 1.03223102 1.03308398
1.16535925 1.17940232 1.16977412 1.18219512 1.18076949 1.16291877 1.17406959 1.17364858 1.17061477 1.17548529 1.17697094 1.16456772 1.18218654 1.18396905 1.18428485 1.17221185 1.17301416 1.17332259 1.15888675 1.15684118 1.16934021 1.18206280 1.16626935 1.19204893 1.16287024 1.15104347 1.17749414 1.19044962 1.18470340 1.17785321 1.15708925 1.16291985
1.28106118 1.26645902 1.29533752 1.27196418 1.27209856 1.27600701 1.26586325 1.25541130 1.26580625 1.26699619 1.27315247 1.26933261 1.26526967 1.26015565 1.27477055 1.27971563 1.26876242 1.27116398 1.25152015 1.26046411 1.26979033 1.26643949 1.25478880 1.28334518 1.26821071 1.26230529 1.26466874 1.27583536 1.26336091 1.27893720 1.27521336 1.25624264
1.29989858 1.30785993 1.30207773 1.30157363 1.29895495 1.29077226 1.29256851 1.29200762 1.28566024 1.29132383 1.29326072 1.29510502 1.29601194 1.30039437 1.29433990 1.29985489 1.30020210 1.30162793 1.28977401 1.29559352 1.29401276 1.29271932 1.29293864 1.29325463 1.29615476 1.29757615 1.29809323 1.30245347 1.29716995 1.30189710 1.30850099 1.29416965
1.26156678 1.25862609 1.25883892 1.24844123 1.24104827 1.23139181 1.23465016 1.24668192 1.24356877 1.24897095 1.24542347 1.24764904 1.24210748 1.25892381 1.25218078 1.25831138 1.25207886 1.24282500 1.26173303 1.26729111 1.24910791 1.26296379 1.25037281 1.24303134 1.27089840 1.24860076 1.23549311 1.25115251 1.25735532 1.26047864 1.26919184 1.26401996
1.15510430 1.15267705 1.16061167 1.15042983 1.13423079 1.14582059 1.12563700 1.13816950 1.13551201 1.12006487 1.12679415 1.14510278 1.15131177 1.16490216 1.15848696 1.13911991 1.17388514 1.13597402 1.17397500 1.14128223 1.15117925 1.13871250 1.13836863 1.15423461 1.14109632 1.16898842 1.16001858 1.15327010 1.15754892 1.15257233 1.14592246 1.14696158
1.01480398 0.99011617 0.99378806 0.99586065 0.97551707 0.98516331 0.98788735 0.99561230 1.00247813 0.99136031 0.99263716 0.97470454 0.98860424 0.99612937 1.01687969 0.99930438 0.98925747 0.99456201 0.98613331 0.99691331 0.98751835 0.97811333 0.98473231 0.99623483 0.98484495 0.99938413 0.99762308 0.98952454 0.99953308 1.00930165 1.00208708 1.00044607
0.81803371 0.82165331 0.81450681 0.79836617 0.80140570 0.81034545 0.80799570 0.80619125 0.79914140 0.79569588 0.80355465 0.80704762 0.81309880 0.81531648 0.81571287 0.81537684 0.80877739 0.81183326 0.80038087 0.80141070 0.81581654 0.80934549 0.80636758 0.81177074 0.81943605 0.81907083 0.81352765 0.82318513 0.81322154 0.81654034 0.80885189 0.82199479
0.63037910 0.62770832 0.63010891 0.62732673 0.63094679 0.62410261 0.62181220 0.62286265 0.61970034 0.62629854 0.62575626 0.63026249 0.62240993 0.63356882 0.63061747 0.63115024 0.63310780 0.63124126 0.62581979 0.63167851 0.63040253 0.63174650 0.63395653 0.63411296 0.63098755 0.63136251 0.63343077 0.62710225 0.62451343 0.63822623 0.64264137 0.62913040
0.46587738 0.46680049 0.46349939 0.46475436 0.46053434 0.46185820 0.45626540 0.46367256 0.46187547 0.46326725 0.46296155 0.46165319 0.46133259 0.46565933 0.46375622 0.46049302 0.46436359 0.46318915 0.46536696 0.46373949 0.46407404 0.46530601 0.46376896 0.46733150 0.46279154 0.46799720 0.46662130 0.47075063 0.46959374 0.47033652 0.46536263 0.46579799
0.32996149 0.32937455 0.32797197 0.32686327 0.32580334 0.32187226 0.32470901 0.32218767 0.32296048 0.32269559 0.32398326 0.32626262 0.32630033 0.32719589 0.32770051 0.32788993 0.32593880 0.32723847 0.32662879 0.32634366 0.32759869 0.32557220 0.32954988 0.32849984 0.32959565 0.32846145 0.33055110 0.33244401 0.33145994 0.33102187 0.33199521 0.32933348
0.22406975 0.22333842 0.22216992 0.21927479 0.22044125 0.21874194 0.21949640 0.21963584 0.22022721 0.21988617 0.22071477 0.21950359 0.22158604 0.22235616 0.22295916 0.22042061 0.22207443 0.22137254 0.22136085 0.22185895 0.22201416 0.22109656 0.22346363 0.22429068 0.22458639 0.22522023 0.22715895 0.22608387 0.22733202 0.22680067 0.22582824 0.22612455
0.15005298 0.14919102 0.14848395 0.14721332 0.14711131 0.14654362 0.14640613 0.14661596 0.14727496 0.14773322 0.14792790 0.14812847 0.14773526 0.14846740 0.14820193 0.14793049 0.14818638 0.14815400 0.14882242 0.14809647 0.14931180 0.14930779 0.14999143 0.15040081 0.14999288 0.15080880 0.15182128 0.15251362 0.15314097 0.15246592 0.15091222 0.15087104
0.10308027 0.10217547 0.10147838 0.10074247 0.09991369 0.09923459 0.09973873 0.10011292 0.10049001 0.10092761 0.10153759 0.10120259 0.10155708 0.10122538 0.10148022 0.10134113 0.10165757 0.10160429 0.10159560 0.10224374 0.10257261 0.10255347 0.10278896 0.10294196 0.10358233 0.10347163 0.10414984 0.10412927 0.10475024 0.10445246 0.10419765 0.10379827
0.07588334 0.07514914 0.07454539 0.07386293 0.07344421 0.07323026 0.07342190 0.07370500 0.07401049 0.07454716 0.07468088 0.07497567 0.07504956 0.07504936 0.07513425 0.07497119 0.07517327 0.07528010 0.07541085 0.07561650 0.07589095 0.07596320 0.07620281 0.07642926 0.07663679 0.07670311 0.07685886 0.07712794 0.07716489 0.07732485 0.07710109 0.07649799
0.06270990 0.06209297 0.06156202 0.06110313 0.06085125 0.06085139 0.06092974 0.06112868 0.06156018 0.06183903 0.06205645 0.06219987 0.06227516 0.06217259 0.06231259 0.06234821 0.06255497 0.06289519 0.06317714 0.06344467 0.06369024 0.06384254 0.06384436 0.06399971 0.06403836 0.06402500 0.06409412 0.06415932 0.06418707 0.06406509 0.06380459 0.06329346
0.05770199 0.05714694 0.05670604 0.05619890 0.05614686 0.05609469 0.05619032 0.05644427 0.05678754 0.05694337 0.05720895 0.05743096 0.05736273 0.05745790 0.05757370 0.05778119 0.05818203 0.05848144 0.05884925 0.05919744 0.05941739 0.05945480 0.05954278 0.05947786 0.05949457 0.05944051 0.05941913 0.05936373 0.05907992 0.05904953 0.05869113 0.05819838
0.05621090 0.05570859 0.05520047 0.05494335 0.05475514 0.05474291 0.05483743 0.05508646 0.05529464 0.05570070 0.05566898 0.05586881 0.05581096 0.05601412 0.05619208 0.05642938 0.05682035 0.05730429 0.05776701 0.05817688 0.05847448 0.05861091 0.05864377 0.05835564 0.05839352 0.05828658 0.05815075 0.05805050 0.05790227 0.05761604 0.05728405 0.05673019
