32 32 0.050141 0.61952
0.05375152 0.05317771 0.05271135 0.05218804 0.05177579 0.05156258 0.05160571 0.05151274 0.05168768 0.05192140 0.05212367 0.05236539 0.05252198 0.05281494 0.05312804 0.05351483 0.05392153 0.05455055 0.05507026 0.05548498 0.05562412 0.05559180 0.05567382 0.05548320 0.05536779 0.05523225 0.05506582 0.05493764 0.05490466 0.05479930 0.05449434 0.05413006
0.05350713 0.05303191 0.05249547 0.05197731 0.05160679 0.05137125 0.05124086 0.05112242 0.05117590 0.05143467 0.05174766 0.05188399 0.05191252 0.05212318 0.05254187 0.05303146 0.05365319 0.05419170 0.05465885 0.05526680 0.05548767 0.05555055 0.05560840 0.05542241 0.05515820 0.05508627 0.05487862 0.05474668 0.05459077 0.05446418 0.05427232 0.05390653
0.05320596 0.05271669 0.05223533 0.05188979 0.05142722 0.05106106 0.05092246 0.05050467 0.05082470 0.05081060 0.05094635 0.05093734 0.05121792 0.05147633 0.05189206 0.05235563 0.05297407 0.05344465 0.05431163 0.05483004 0.05511188 0.05533356 0.05531833 0.05509080 0.05485959 0.05474550 0.05447170 0.05432431 0.05421303 0.05402384 0.05388570 0.05346810
0.05279357 0.05237485 0.05195825 0.05159209 0.05101665 0.05076019 0.05057688 0.05039688 0.05026355 0.05026926 0.05024394 0.05030720 0.05049702 0.05070697 0.05112525 0.05175076 0.05237884 0.05312333 0.05378363 0.05455439 0.05475619 0.05493753 0.05490718 0.05470830 0.05444554 0.05427466 0.05401246 0.05388516 0.05378304 0.05352748 0.05338313 0.05314590
0.05296245 0.05260605 0.05221012 0.05179500 0.05141303 0.05105901 0.05073569 0.05049390 0.05032394 0.05020388 0.05018496 0.05014130 0.05028847 0.05051733 0.05094951 0.05152731 0.05225032 0.05300857 0.05366522 0.05427850 0.05480118 0.05480942 0.05492485 0.05475009 0.05446098 0.05426441 0.05402463 0.05388029 0.05365275 0.05354695 0.05336135 0.05310315
0.05523587 0.05496802 0.05464170 0.05421326 0.05385527 0.05353412 0.05307646 0.05282006 0.05254225 0.05229508 0.05215739 0.05218462 0.05226302 0.05253625 0.05294056 0.05348903 0.05421674 0.05493610 0.05566230 0.05628033 0.05666876 0.05696325 0.05698849 0.05687778 0.05661077 0.05634139 0.05611463 0.05583458 0.05570232 0.05559494 0.05547633 0.05550564
0.06241221 0.06207474 0.06186687 0.06148035 0.06099030 0.06061449 0.06016290 0.05972855 0.05935497 0.05907002 0.05899015 0.05896059 0.05903952 0.05925549 0.05972703 0.06023604 0.06102310 0.06164698 0.06240801 0.06303116 0.06351951 0.06374378 0.06370966 0.06380181 0.06344530 0.06329000 0.06284196 0.06272973 0.06254319 0.06263964 0.06256011 0.06240650
0.07739142 0.07736132 0.07710036 0.07669127 0.07614472 0.07567604 0.07512236 0.07492684 0.07446785 0.07396963 0.07402305 0.07372287 0.07379292 0.07407597 0.07449203 0.07518508 0.07567627 0.07627166 0.07709134 0.07768592 0.07826978 0.07850232 0.07837439 0.07847973 0.07829275 0.07784904 0.07783511 0.07768862 0.07762311 0.07734590 0.07754456 0.07706312
0.10363731 0.10315304 0.10340475 0.10275055 0.10238837 0.10202465 0.10130169 0.10079871 0.10063454 0.09999903 0.09970123 0.09969417 0.09961648 0.09983891 0.10008511 0.10076722 0.10092499 0.10196214 0.10217964 0.10298761 0.10364631 0.10402577 0.10408663 0.10403068 0.10365726 0.10383300 0.10366615 0.10342118 0.10314415 0.10308610 0.10334631 0.10382207
0.14275738 0.14375001 0.14232732 0.14259155 0.14272891 0.14196871 0.14131836 0.14103293 0.14141116 0.13979183 0.13932063 0.13962255 0.13847290 0.14038898 0.13967360 0.14022752 0.13995232 0.14159623 0.14206708 0.14305641 0.14371141 0.14378230 0.14357636 0.14407334 0.14394861 0.14358363 0.14334347 0.14312068 0.14358436 0.14320069 0.14301458 0.14364080
0.20001646 0.19803985 0.19940162 0.19982547 0.19787375 0.19821639 0.19754084 0.19731254 0.19623634 0.19692508 0.19509411 0.19690112 0.19496820 0.19610643 0.19534244 0.19514663 0.19717853 0.19795198 0.19911579 0.19896002 0.19874709 0.19989963 0.19919172 0.19962542 0.19968314 0.19969776 0.19831369 0.19882366 0.19912453 0.19869684 0.19986697 0.19833814
0.27156459 0.27152858 0.27151806 0.27288884 0.27354681 0.27032124 0.27087652 0.26931104 0.26953556 0.26900437 0.26744794 0.26748323 0.26649214 0.26971368 0.26856201 0.27183933 0.26878353 0.27148658 0.27205082 0.27109914 0.27252882 0.27210328 0.26982326 0.27490513 0.27262880 0.27066064 0.27173761 0.27132427 0.27283243 0.27110765 0.27308153 0.27171594
0.35860416 0.35839600 0.35642339 0.35918626 0.35612811 0.35499372 0.35463024 0.35562646 0.35544636 0.35477538 0.35455081 0.35555428 0.35175913 0.35508183 0.35769599 0.35663032 0.35693085 0.35513652 0.35700712 0.35782083 0.35753760 0.36040254 0.35669471 0.35868823 0.35435958 0.35750509 0.35627638 0.35543924 0.35650048 0.35697875 0.35565312 0.35752581
0.44656390 0.45035741 0.45183772 0.44447440 0.45257725 0.44183829 0.44796859 0.44638118 0.44724210 0.44724328 0.44399562 0.44858371 0.44728520 0.44773784 0.44628292 0.44863428 0.44703512 0.44300479 0.45125491 0.45291647 0.45015914 0.45049933 0.44887250 0.45417098 0.45064309 0.44694204 0.44792950 0.45043947 0.44763761 0.44865938 0.44979688 0.44568151
0.53325696 0.53790903 0.54110411 0.54194792 0.53695954 0.53332916 0.53359144 0.53739926 0.53730712 0.53074453 0.53351739 0.53210383 0.53977119 0.54132773 0.54566576 0.53374881 0.53895806 0.53796768 0.53542239 0.54081460 0.53686689 0.53494440 0.54055612 0.53913458 0.53920759 0.53658458 0.54215735 0.53613294 0.53659505 0.53658931 0.53950792 0.54091047
0.60554617 0.61094906 0.60962892 0.61160739 0.61155485 0.60733368 0.60908724 0.60890263 0.60739216 0.60941869 0.60916057 0.60334199 0.61121770 0.61210816 0.61261376 0.60867372 0.60709860 0.61217738 0.60511029 0.60335144 0.61393375 0.61608080 0.61148567 0.61797049 0.60754282 0.60550774 0.61277074 0.61803570 0.61608684 0.60927090 0.60240396 0.60670481
0.65924175 0.65189790 0.66436180 0.65420465 0.65620766 0.65759097 0.65306004 0.64946091 0.65257879 0.65301747 0.65427162 0.65259345 0.65115309 0.65136374 0.65575732 0.65950205 0.65520140 0.65692285 0.64951081 0.65199278 0.65977890 0.65789309 0.65280081 0.66347941 0.65740930 0.65589741 0.65443921 0.65804746 0.65229209 0.65977158 0.65822189 0.65277042
0.66331828 0.66830233 0.66578410 0.66537194 0.66411121 0.66053490 0.66260370 0.66226100 0.66075870 0.66180810 0.66344571 0.66410847 0.66395136 0.66480676 0.66342632 0.66588584 0.66749593 0.66756241 0.66497557 0.66829630 0.66793979 0.66677533 0.66793984 0.66859270 0.66843364 0.66876314 0.66866300 0.66966078 0.66608377 0.66727036 0.66874765 0.66456595
0.64125665 0.64217293 0.64179006 0.63703368 0.63375568 0.62934449 0.62952510 0.63466617 0.63301090 0.63610794 0.63493937 0.63500374 0.63554621 0.64409405 0.64041540 0.64251728 0.64121973 0.63635877 0.64654606 0.64779307 0.64131076 0.65158590 0.64338401 0.63542879 0.65109238 0.64051647 0.63428591 0.63835029 0.64485062 0.64612515 0.64753544 0.64275644
0.58865345 0.58495424 0.58953764 0.58442525 0.57534504 0.58322039 0.57457575 0.57476451 0.57774373 0.57197178 0.57525748 0.58288638 0.58751425 0.58941613 0.58938975 0.58012081 0.59238669 0.57879539 0.59577448 0.58368986 0.58716127 0.58441651 0.58093709 0.58951205 0.58414400 0.59498688 0.59094412 0.58477233 0.58971856 0.58674577 0.58454204 0.58439612
0.51210192 0.50342200 0.50302715 0.50481939 0.49561188 0.49750110 0.50047176 0.50148934 0.50510593 0.50180540 0.50132207 0.49663395 0.50147629 0.50237890 0.51142436 0.50462524 0.50174446 0.50447746 0.50164432 0.50808753 0.50600137 0.50193535 0.50383551 0.50612306 0.50375112 0.50744574 0.50798439 0.50536175 0.50874634 0.51172454 0.50822591 0.50835314
0.41553263 0.41696027 0.41195889 0.40671379 0.40728647 0.41100356 0.40836269 0.40746998 0.40506832 0.40500098 0.40815492 0.40921330 0.41180368 0.41369382 0.41293641 0.41340754 0.41139361 0.41370502 0.40901277 0.41049880 0.41635226 0.41252405 0.41206738 0.41382821 0.41671747 0.41662985 0.41491509 0.41860654 0.41393126 0.41459342 0.41223467 0.41839009
0.32327497 0.32263867 0.32176097 0.32096126 0.32104999 0.31786649 0.31662448 0.31776066 0.31702539 0.31903989 0.31978806 0.32182082 0.31845448 0.32331454 0.32165086 0.32203122 0.32348382 0.32356577 0.32131466 0.32380856 0.32374897 0.32380847 0.32541920 0.32546029 0.32413585 0.32418355 0.32506250 0.32217161 0.32190174 0.32746442 0.32899502 0.32295937
0.24304133 0.24284631 0.24094653 0.24064079 0.23859062 0.23872796 0.23613683 0.23920079 0.23893187 0.23983001 0.23987085 0.23947698 0.23954718 0.24177300 0.24069947 0.23991999 0.24135863 0.24146956 0.24237632 0.24203777 0.24235769 0.24296966 0.24233301 0.24371576 0.24160329 0.24427528 0.24334082 0.24543096 0.24535409 0.24548903 0.24341107 0.24324083
0.17787456 0.17714033 0.17589853 0.17481717 0.17377974 0.17191010 0.17282965 0.17199305 0.17231330 0.17259294 0.17357669 0.17455231 0.17483390 0.17549957 0.17585163 0.17616445 0.17528504 0.17632352 0.17606619 0.17611453 0.17692215 0.17591445 0.17757492 0.17710035 0.17750825 0.17707574 0.17821021 0.17915573 0.17887189 0.17898849 0.17941092 0.17790478
0.12803133 0.12718750 0.12612106 0.12430640 0.12433169 0.12330756 0.12350501 0.12362807 0.12404383 0.12432623 0.12498073 0.12482095 0.12589149 0.12636076 0.12686643 0.12594603 0.12671180 0.12661100 0.12680631 0.12707544 0.12713079 0.12680236 0.12772131 0.12801113 0.12810132 0.12843473 0.12941477 0.12924928 0.13000833 0.12979872 0.12943423 0.12926588
0.09378553 0.09296075 0.09212191 0.09102876 0.09056450 0.09004961 0.08994030 0.09010543 0.09069912 0.09118342 0.09150477 0.09206932 0.09202874 0.09262034 0.09263322 0.09269282 0.09290272 0.09308640 0.09346310 0.09325082 0.09375397 0.09370561 0.09391360 0.09400328 0.09375692 0.09417999 0.09475447 0.09523232 0.09562206 0.09548215 0.09452067 0.09450023
0.07263917 0.07175608 0.07096647 0.07013936 0.06937955 0.06895333 0.06911079 0.06938449 0.06984019 0.07037038 0.07089952 0.07109444 0.07149135 0.07153226 0.07177966 0.07189154 0.07217389 0.07228721 0.07241604 0.07272278 0.07281659 0.07282667 0.07284020 0.07277675 0.07298811 0.07299587 0.07331570 0.07352859 0.07385058 0.07383942 0.07364921 0.07330096
0.06090869 0.06011967 0.05945111 0.05860924 0.05816578 0.05782402 0.05789538 0.05819281 0.05847557 0.05919463 0.05950192 0.05986997 0.06018086 0.06030842 0.06045609 0.06062452 0.06085154 0.06106879 0.06124989 0.06142852 0.06155239 0.06150319 0.06152154 0.06150727 0.06150183 0.06153535 0.06160289 0.06188269 0.06200284 0.06211381 0.06193413 0.06148361
0.05575675 0.05507643 0.05439731 0.05368932 0.05330463 0.05314235 0.05317142 0.05334763 0.05377469 0.05414956 0.05452758 0.05490023 0.05515703 0.05530303 0.05557162 0.05573218 0.05601583 0.05638254 0.05666094 0.05688055 0.05699230 0.05699601 0.05692679 0.05685188 0.05677292 0.05672695 0.05677913 0.05683701 0.05702461 0.05695835 0.05673357 0.05633277
0.05419085 0.05349935 0.05296077 0.05223216 0.05198936 0.05174463 0.05175283 0.05198026 0.05236733 0.05264482 0.05295949 0.05342558 0.05350098 0.05376197 0.05404478 0.05433730 0.05477678 0.05508718 0.05547981 0.05577766 0.05590120 0.05585243 0.05581447 0.05559351 0.05556912 0.05545519 0.05543646 0.05545287 0.05522233 0.05538177 0.05513812 0.05474004
0.05387842 0.05330695 0.05270016 0.05219859 0.05178797 0.05159941 0.05159240 0.05175496 0.05200883 0.05244822 0.05246716 0.05284386 0.05294403 0.05321116 0.05357681 0.05387214 0.05423263 0.05480895 0.05522161 0.05558960 0.05580511 0.05585719 0.05583424 0.05541898 0.05541024 0.05529735 0.05515256 0.05521077 0.05520826 0.05502491 0.05480051 0.05438461
