32 32 0.053598 1.2694
0.05608162 0.05556231 0.05527597 0.05491129 0.05476510 0.05481628 0.05493246 0.05500296 0.05528067 0.05547370 0.05561783 0.05575319 0.05574697 0.05596876 0.05620033 0.05655638 0.05703949 0.05763588 0.05820270 0.05865944 0.05886702 0.05885541 0.05895516 0.05874846 0.05864240 0.05842562 0.05818648 0.05793299 0.05772154 0.05746808 0.05698653 0.05660520
0.05569418 0.05520884 0.05481405 0.05446609 0.05430367 0.05438001 0.05446014 0.05444788 0.05459849 0.05489352 0.05519442 0.05521540 0.05519400 0.05533867 0.05573940 0.05619446 0.05683056 0.05741534 0.05794462 0.05861113 0.05890310 0.05895787 0.05901508 0.05883920 0.05853443 0.05837558 0.05806846 0.05774750 0.05742270 0.05708291 0.05665842 0.05616562
0.05522980 0.05477573 0.05438076 0.05419057 0.05399538 0.05385501 0.05398644 0.05374087 0.05420226 0.05416575 0.05437020 0.05431556 0.05454988 0.05477079 0.05518018 0.05563065 0.05633137 0.05688365 0.05774857 0.05836355 0.05868502 0.05896676 0.05896166 0.05872274 0.05843392 0.05821806 0.05775697 0.05743800 0.05709171 0.05663423 0.05621092 0.05564454
0.05489216 0.05445564 0.05408349 0.05385063 0.05359835 0.05364687 0.05367460 0.05374376 0.05373465 0.05375789 0.05386183 0.05387502 0.05405256 0.05428534 0.05470976 0.05537991 0.05606901 0.05686343 0.05760940 0.05846687 0.05872974 0.05894252 0.05892270 0.05869789 0.05836338 0.05804673 0.05759469 0.05722394 0.05682724 0.05633472 0.05586183 0.05539254
0.05597756 0.05555598 0.05525827 0.05495795 0.05482731 0.05475335 0.05475910 0.05473693 0.05473469 0.05473812 0.05479671 0.05479086 0.05498387 0.05524315 0.05575151 0.05639556 0.05718537 0.05804626 0.05879815 0.05950147 0.06007371 0.06008605 0.06016645 0.05991971 0.05957543 0.05916209 0.05869447 0.05814954 0.05771954 0.05726592 0.05676562 0.05626879
0.06154775 0.06117329 0.06095150 0.06069899 0.06063857 0.06063023 0.06047838 0.06046578 0.06035572 0.06023942 0.06027660 0.06037425 0.06053419 0.06086814 0.06137796 0.06198201 0.06283893 0.06372646 0.06443043 0.06524498 0.06568896 0.06596580 0.06590221 0.06567566 0.06525469 0.06473702 0.06427673 0.06369544 0.06310151 0.06264125 0.06224891 0.06189248
0.07679516 0.07635278 0.07611224 0.07604660 0.07569168 0.07573768 0.07559946 0.07539228 0.07529498 0.07529656 0.07525969 0.07537333 0.07557844 0.07591361 0.07650437 0.07719945 0.07815648 0.07875307 0.07970592 0.08034369 0.08089135 0.08101363 0.08086087 0.08091348 0.08028213 0.07991493 0.07906472 0.07860962 0.07804792 0.07785883 0.07745681 0.07693352
0.10740780 0.10750416 0.10738734 0.10704088 0.10671225 0.10657303 0.10629199 0.10668551 0.10624004 0.10581019 0.10621114 0.10597060 0.10626601 0.10676406 0.10744598 0.10852732 0.10888698 0.10939844 0.11038377 0.11096447 0.11154606 0.11169368 0.11129111 0.11124576 0.11085079 0.10986891 0.10976859 0.10927923 0.10878115 0.10808888 0.10809963 0.10705262
0.16067708 0.16024822 0.16058088 0.15986541 0.15985779 0.16001724 0.15944931 0.15910459 0.15949401 0.15880564 0.15868136 0.15901372 0.15918371 0.15958476 0.15992462 0.16098227 0.16085160 0.16228159 0.16203283 0.16283756 0.16371737 0.16405242 0.16373156 0.16343864 0.16249099 0.16271859 0.16235640 0.16161774 0.16066130 0.16033192 0.16049343 0.16105980
0.23971758 0.24184476 0.23920929 0.24051207 0.24168291 0.24076346 0.24028047 0.24054053 0.24207593 0.23947896 0.23895908 0.23987551 0.23803974 0.24213395 0.24053234 0.24140105 0.24019641 0.24311986 0.24309367 0.24466760 0.24522304 0.24476332 0.24392480 0.24447052 0.24418097 0.24326877 0.24252598 0.24190818 0.24256103 0.24152565 0.24073270 0.24169233
0.35522868 0.35126822 0.35434300 0.35581369 0.35217798 0.35429547 0.35376003 0.35424167 0.35260179 0.35493870 0.35155479 0.35558786 0.35230964 0.35438606 0.35295220 0.35233711 0.35617216 0.35693207 0.35823453 0.35758632 0.35629445 0.35805175 0.35603907 0.35654178 0.35633449 0.35619444 0.35321995 0.35399085 0.35474920 0.35337016 0.35536515 0.35188131
0.49964018 0.49911462 0.50064100 0.50351489 0.50599416 0.50035774 0.50162236 0.49922090 0.50104018 0.49955399 0.49667254 0.49805842 0.49552517 0.50284627 0.50068068 0.50650652 0.49998014 0.50478758 0.50523349 0.50246829 0.50433935 0.50291979 0.49757083 0.50829529 0.50267929 0.49857831 0.50113678 0.50002729 0.50275726 0.49922173 0.50295182 0.49948177
0.67506801 0.67579642 0.67076636 0.67802718 0.67272664 0.67110012 0.66883501 0.67163095 0.67333415 0.67100159 0.67330031 0.67643846 0.66684861 0.67515813 0.67995330 0.67848589 0.67613538 0.67070986 0.67587518 0.67674883 0.67439870 0.68013738 0.67094995 0.67596679 0.66493974 0.67247584 0.67030563 0.66927783 0.67048924 0.67267557 0.66828920 0.67115330
0.85596496 0.85884197 0.86377590 0.84910009 0.86739886 0.84609677 0.86037123 0.85212841 0.85652674 0.86025969 0.85332928 0.86282468 0.86329819 0.86014687 0.85517781 0.86187899 0.86014480 0.84583644 0.86484775 0.86689630 0.86068294 0.85982858 0.85231752 0.86669164 0.85879400 0.85190519 0.85353522 0.85869126 0.85811326 0.85697560 0.86085151 0.85027207
1.02842634 1.03836803 1.04983675 1.05168342 1.04043635 1.03372975 1.03357648 1.03982892 1.04377992 1.02816303 1.03348691 1.03201386 1.05188649 1.05088766 1.06406879 1.02795701 1.04203126 1.03699868 1.03372695 1.04720077 1.03075283 1.02945042 1.04209744 1.03830688 1.03821233 1.02917849 1.04427113 1.03378013 1.03449637 1.03411949 1.04381086 1.04441399
1.17793984 1.19222971 1.18230981 1.19505460 1.19351993 1.17538966 1.18696716 1.18662244 1.18378321 1.18886774 1.19055047 1.17817836 1.19596567 1.19786749 1.19814472 1.18586299 1.18688987 1.18728570 1.17268706 1.17055287 1.18366304 1.19690532 1.18070518 1.20697691 1.17708285 1.16472247 1.19136798 1.20430387 1.19817170 1.19106379 1.16983639 1.17558880
1.29507401 1.28002289 1.30950545 1.28584156 1.28594006 1.29017811 1.27986762 1.26926942 1.28020776 1.28151835 1.28803721 1.28400940 1.27987857 1.27463882 1.28942991 1.29420304 1.28345061 1.28606834 1.26592297 1.27584322 1.28528633 1.28196984 1.27021621 1.29894179 1.28350590 1.27729424 1.27947981 1.29055929 1.27771136 1.29313257 1.28924604 1.27035929
1.31392419 1.32215754 1.31629349 1.31581809 1.31329681 1.30517298 1.30707558 1.30654545 1.30116033 1.30623981 1.30808508 1.30994503 1.31073825 1.31521303 1.30887298 1.31464595 1.31513863 1.31684016 1.30466872 1.31098652 1.30953143 1.30826086 1.30859079 1.30895049 1.31156681 1.31282814 1.31313765 1.31766197 1.31164435 1.31629923 1.32297608 1.30810365
1.27514604 1.27231232 1.27262702 1.26225581 1.25500180 1.24520763 1.24849487 1.26097443 1.25783862 1.26338743 1.25967494 1.26193377 1.25583799 1.27300418 1.26603394 1.27240796 1.26600886 1.25676792 1.27630962 1.28219429 1.26382307 1.27780191 1.26525621 1.25790040 1.28565879 1.26300694 1.24951615 1.26517980 1.27110020 1.27413287 1.28296129 1.27777626
1.16748303 1.16519815 1.17335304 1.16324252 1.14696887 1.15876937 1.13829675 1.15135846 1.14852828 1.13270660 1.13948434 1.15810717 1.16410654 1.17795701 1.17122507 1.15162618 1.18697063 1.14863026 1.18723887 1.15432599 1.16453599 1.15194304 1.15171471 1.16783537 1.15424732 1.18228574 1.17310767 1.16597751 1.17003566 1.16488678 1.15808530 1.15912347
1.02578261 1.00078946 1.00473065 1.00693458 0.98641483 0.99645680 0.99927462 1.00729435 1.01417538 1.00286959 1.00414484 0.98568687 0.99958379 1.00718935 1.02829692 1.01021994 0.99999878 1.00546798 0.99705445 1.00810887 0.99867228 0.98931742 0.99599952 1.00769572 0.99591928 1.01066855 1.00856565 1.00000222 1.01006737 1.01991736 1.01257223 1.01094510
0.82661739 0.83044616 0.82349163 0.80710192 0.81039064 0.81964288 0.81742242 0.81565175 0.80845863 0.80483948 0.81271152 0.81615420 0.82210149 0.82412597 0.82443095 0.82403320 0.81730483 0.82044885 0.80894138 0.81016790 0.82485102 0.81843918 0.81544512 0.82088063 0.82852297 0.82797590 0.82211258 0.83173316 0.82150146 0.82476770 0.81704669 0.83044603
0.63679476 0.63423115 0.63690255 0.63426536 0.63811111 0.63134224 0.62907321 0.63015952 0.62687265 0.63356861 0.63284839 0.63726937 0.62910923 0.64029797 0.63722438 0.63767742 0.63959211 0.63773512 0.63237969 0.63835250 0.63723488 0.63862887 0.64087600 0.64102010 0.63771838 0.63793669 0.63985158 0.63326828 0.63049796 0.64441376 0.64896691 0.63529867
0.47039776 0.47152304 0.46837954 0.46982451 0.46568637 0.46715631 0.46156877 0.46910713 0.46722543 0.46858220 0.46817342 0.46673210 0.46623920 0.47044154 0.46843091 0.46504518 0.46901833 0.46778158 0.47006607 0.46849473 0.46892576 0.47025372 0.46867693 0.47220370 0.46756400 0.47263716 0.47108110 0.47513668 0.47387937 0.47458790 0.46964660 0.47016595
0.33297834 0.33262501 0.33130940 0.33031746 0.32941297 0.32554630 0.32843522 0.32598345 0.32670330 0.32633324 0.32757159 0.32973656 0.32965776 0.33044532 0.33082947 0.33100213 0.32898185 0.33030811 0.32973285 0.32953722 0.33088655 0.32886772 0.33283596 0.33172699 0.33275629 0.33143838 0.33342678 0.33523390 0.33414726 0.33376224 0.33479932 0.33214840
0.22594358 0.22532596 0.22433325 0.22143415 0.22278422 0.22115605 0.22198221 0.22216812 0.22273057 0.22231309 0.22307415 0.22166953 0.22376632 0.22443285 0.22493286 0.22237663 0.22401677 0.22329590 0.22331829 0.22387794 0.22408444 0.22320832 0.22553165 0.22631591 0.22649832 0.22699872 0.22884261 0.22767815 0.22890874 0.22839683 0.22745993 0.22786875
0.15113969 0.15039269 0.14976083 0.14859966 0.14857981 0.14808147 0.14800056 0.14824933 0.14888017 0.14932710 0.14942472 0.14955208 0.14911085 0.14970727 0.14936952 0.14905288 0.14933316 0.14929926 0.15001573 0.14932826 0.15059713 0.15056888 0.15121596 0.15158263 0.15106923 0.15175870 0.15269578 0.15335785 0.15397983 0.15326566 0.15175796 0.15183125
0.10367585 0.10288784 0.10229239 0.10161890 0.10085445 0.10028213 0.10076670 0.10114410 0.10148847 0.10193891 0.10246328 0.10205852 0.10235850 0.10197243 0.10216631 0.10202820 0.10236590 0.10229245 0.10234501 0.10300792 0.10333905 0.10330796 0.10352240 0.10357199 0.10413256 0.10393724 0.10456430 0.10450372 0.10510798 0.10486336 0.10463175 0.10430202
0.07617490 0.07558255 0.07506749 0.07440738 0.07409000 0.07390209 0.07412263 0.07443480 0.07477978 0.07524700 0.07534074 0.07557839 0.07561162 0.07554650 0.07554473 0.07543180 0.07563502 0.07576774 0.07592456 0.07613953 0.07641471 0.07645056 0.07667058 0.07681017 0.07693902 0.07694380 0.07705523 0.07727979 0.07726229 0.07746726 0.07730507 0.07677739
0.06299008 0.06236168 0.06193961 0.06148877 0.06133068 0.06132857 0.06147175 0.06169876 0.06212702 0.06241673 0.06257542 0.06270064 0.06271445 0.06259971 0.06272936 0.06274444 0.06294604 0.06330943 0.06364895 0.06391251 0.06412391 0.06427909 0.06420658 0.06428873 0.06426893 0.06415664 0.06421547 0.06426241 0.06424208 0.06416705 0.06397176 0.06350528
0.05798095 0.05746352 0.05707322 0.05656251 0.05655263 0.05653964 0.05670522 0.05695422 0.05732347 0.05746304 0.05761267 0.05793146 0.05781453 0.05788186 0.05799317 0.05822032 0.05859651 0.05896683 0.05935227 0.05969167 0.05988450 0.05993024 0.05991653 0.05977878 0.05974832 0.05960877 0.05955826 0.05949977 0.05924816 0.05921785 0.05888495 0.05845559
0.05652333 0.05602824 0.05555595 0.05526032 0.05515794 0.05516597 0.05530479 0.05556978 0.05581607 0.05621281 0.05616121 0.05637228 0.05632854 0.05646689 0.05670915 0.05697363 0.05735009 0.05787336 0.05834859 0.05875939 0.05902782 0.05908041 0.05908120 0.05875556 0.05869963 0.05853415 0.05840660 0.05831263 0.05817825 0.05785727 0.05751880 0.05700742
