32 32 0.050973 1.045
0.05422986 0.05365656 0.05328264 0.05282507 0.05252561 0.05241778 0.05242841 0.05237853 0.05253742 0.05271199 0.05286186 0.05307422 0.05320362 0.05354525 0.05395708 0.05444873 0.05507436 0.05582447 0.05651715 0.05708383 0.05738253 0.05740688 0.05749905 0.05732551 0.05704343 0.05676487 0.05643698 0.05610833 0.05584712 0.05553023 0.05507018 0.05471576
0.05399484 0.05349401 0.05302041 0.05250234 0.05227811 0.05211129 0.05201163 0.05182843 0.05197262 0.05213900 0.05251688 0.05253946 0.05259954 0.05287308 0.05339990 0.05400157 0.05477732 0.05549213 0.05611160 0.05688295 0.05723873 0.05737607 0.05745041 0.05725534 0.05690930 0.05671914 0.05632971 0.05598835 0.05561380 0.05530088 0.05491257 0.05446764
0.05368838 0.05319589 0.05273531 0.05243424 0.05202259 0.05169538 0.05161941 0.05123601 0.05153705 0.05147674 0.05159986 0.05158174 0.05185444 0.05220592 0.05272533 0.05330997 0.05411860 0.05476914 0.05572692 0.05645911 0.05681798 0.05717615 0.05718819 0.05697051 0.05665774 0.05641531 0.05593619 0.05562033 0.05530384 0.05486326 0.05456913 0.05405195
0.05337841 0.05292821 0.05247565 0.05214954 0.05163423 0.05148537 0.05126170 0.05114984 0.05100535 0.05100658 0.05097285 0.05099816 0.05119345 0.05150413 0.05201123 0.05280861 0.05361660 0.05452055 0.05534559 0.05630135 0.05662097 0.05688016 0.05686031 0.05666494 0.05635084 0.05604028 0.05566634 0.05530930 0.05495608 0.05452693 0.05417350 0.05381030
0.05411182 0.05373944 0.05336360 0.05289921 0.05260724 0.05232670 0.05204708 0.05180284 0.05160355 0.05150424 0.05142430 0.05140543 0.05164149 0.05187799 0.05242494 0.05319215 0.05409349 0.05505868 0.05589697 0.05667625 0.05729117 0.05742098 0.05752718 0.05730487 0.05695507 0.05658276 0.05618913 0.05582167 0.05540980 0.05508794 0.05471090 0.05431382
0.05854113 0.05823018 0.05793194 0.05753503 0.05730123 0.05697399 0.05661907 0.05636780 0.05603497 0.05573995 0.05560499 0.05558921 0.05571032 0.05604597 0.05661376 0.05733253 0.05828933 0.05925547 0.06003119 0.06094226 0.06141938 0.06177674 0.06178822 0.06159783 0.06122012 0.06078197 0.06039274 0.05990829 0.05950834 0.05921333 0.05896842 0.05883039
0.07100511 0.07065997 0.07046377 0.07025164 0.06975041 0.06952623 0.06910303 0.06862588 0.06822488 0.06798362 0.06773823 0.06768001 0.06777867 0.06804928 0.06872198 0.06948168 0.07051730 0.07125870 0.07229806 0.07305503 0.07364824 0.07384691 0.07372019 0.07382761 0.07327333 0.07298084 0.07228921 0.07197897 0.07157271 0.07157820 0.07135424 0.07106892
0.09641972 0.09656614 0.09647493 0.09609146 0.09561367 0.09521381 0.09466794 0.09455331 0.09390625 0.09318830 0.09317371 0.09281734 0.09292623 0.09332668 0.09401433 0.09513385 0.09567331 0.09639306 0.09748088 0.09818132 0.09886271 0.09903538 0.09871388 0.09867028 0.09834217 0.09749567 0.09752409 0.09723947 0.09694163 0.09645262 0.09664283 0.09592339
0.14063039 0.14039306 0.14076369 0.14008614 0.13985996 0.13973113 0.13887426 0.13823586 0.13811599 0.13712301 0.13663756 0.13661119 0.13652720 0.13684690 0.13723736 0.13833970 0.13852261 0.14001109 0.14003626 0.14108061 0.14187517 0.14222453 0.14199550 0.14176528 0.14097220 0.14118830 0.14088877 0.14043511 0.13981492 0.13971595 0.14007598 0.14082387
0.20637639 0.20830057 0.20627372 0.20720083 0.20791269 0.20699231 0.20619503 0.20592448 0.20663821 0.20399726 0.20311062 0.20355082 0.20164919 0.20498878 0.20379961 0.20475859 0.20418079 0.20684520 0.20722788 0.20865607 0.20931697 0.20895129 0.20833764 0.20881893 0.20854649 0.20786518 0.20732206 0.20690708 0.20764311 0.20699376 0.20663479 0.20774965
0.30239570 0.29937499 0.30202959 0.30322595 0.30019634 0.30141714 0.30054765 0.30036398 0.29846314 0.29963134 0.29636086 0.29926328 0.29616473 0.29795943 0.29685296 0.29664894 0.30014165 0.30125387 0.30271351 0.30233783 0.30143671 0.30291962 0.30128821 0.30167644 0.30152108 0.30143172 0.29903324 0.29987358 0.30060146 0.29982483 0.30184563 0.29931712
0.42238156 0.42233422 0.42337612 0.42596306 0.42772760 0.42261876 0.42335530 0.42072134 0.42132486 0.41967328 0.41675446 0.41709834 0.41503726 0.42081393 0.41912931 0.42442898 0.41949125 0.42391695 0.42465107 0.42265084 0.42439695 0.42319193 0.41866212 0.42742170 0.42291857 0.41950545 0.42160681 0.42091106 0.42357640 0.42087091 0.42438578 0.42202461
0.56810265 0.56872518 0.56508151 0.57079042 0.56607006 0.56429799 0.56243345 0.56400507 0.56415426 0.56192239 0.56240879 0.56422773 0.55678116 0.56320889 0.56764067 0.56657406 0.56583327 0.56227534 0.56628500 0.56725896 0.56565732 0.57018199 0.56275564 0.56646385 0.55784526 0.56374646 0.56197827 0.56117012 0.56279717 0.56463046 0.56190329 0.56497217
0.71718868 0.72133853 0.72509091 0.71280924 0.72741790 0.70910359 0.72004378 0.71384208 0.71611674 0.71740386 0.71106678 0.71847604 0.71778949 0.71658936 0.71329903 0.71886832 0.71758319 0.70781495 0.72309965 0.72511484 0.71995514 0.71936964 0.71389043 0.72460208 0.71813208 0.71227592 0.71391893 0.71852995 0.71701318 0.71751772 0.72080960 0.71321626
0.86068368 0.86919788 0.87751563 0.87870092 0.86958030 0.86342468 0.86280220 0.86755714 0.86888923 0.85575983 0.85959665 0.85766217 0.87278657 0.87363514 0.88365502 0.85764728 0.86895702 0.86604681 0.86303282 0.87337129 0.86181285 0.85970534 0.86922843 0.86611888 0.86591966 0.85955587 0.87120429 0.86254894 0.86380441 0.86418808 0.87178326 0.87350538
0.98317264 0.99441568 0.98792602 0.99591199 0.99510225 0.98240335 0.98854982 0.98742886 0.98402121 0.98727566 0.98737153 0.97681829 0.99118484 0.99333757 0.99428459 0.98613096 0.98647626 0.98936798 0.97841111 0.97521867 0.98887656 0.99638085 0.98465456 1.00181210 0.98005644 0.97198226 0.99117920 1.00199758 0.99808073 0.99101601 0.97609655 0.98241902
1.07653528 1.06507224 1.08735114 1.06895191 1.06968663 1.07123280 1.06279770 1.05456198 1.06102437 1.06123189 1.06495842 1.06185045 1.05885702 1.05527732 1.06790334 1.07330222 1.06604615 1.06893888 1.05336775 1.06045186 1.06952245 1.06600789 1.05592843 1.07751747 1.06541894 1.06143269 1.06268123 1.07086229 1.06133689 1.07488360 1.07251605 1.05913598
1.08816727 1.09601182 1.09119982 1.09054516 1.08769808 1.07977280 1.08113652 1.08047468 1.07416748 1.07823074 1.08010239 1.08137979 1.08223656 1.08597442 1.08245559 1.08771285 1.08952968 1.09142157 1.08211935 1.08827998 1.08611988 1.08454070 1.08423719 1.08564226 1.08602268 1.08680281 1.08773145 1.09094615 1.08679632 1.09089290 1.09585057 1.08629185
1.05354751 1.05214760 1.05192372 1.04242721 1.03628891 1.02764002 1.02885432 1.03845676 1.03544091 1.03913934 1.03658025 1.03790328 1.03556871 1.05020227 1.04489929 1.05063143 1.04723913 1.03909553 1.05609553 1.06083302 1.04577224 1.05933085 1.04638490 1.03796509 1.06100508 1.04343954 1.03246049 1.04435233 1.05132364 1.05442113 1.06060361 1.05586806
0.96314221 0.95966255 0.96668543 0.95768622 0.94225790 0.95356488 0.93614629 0.94323918 0.94303467 0.93048939 0.93614248 0.95113918 0.95760864 0.96687670 0.96378961 0.94837655 0.97425099 0.94728190 0.97821467 0.95295186 0.96024354 0.95090754 0.94821905 0.96175013 0.95116970 0.97287939 0.96595514 0.95921857 0.96478906 0.96009534 0.95555404 0.95643781
0.84068829 0.82232769 0.82372593 0.82565801 0.80888526 0.81468399 0.81778436 0.82223797 0.82733015 0.81978743 0.82016181 0.80854926 0.81862880 0.82378305 0.84053268 0.82781257 0.82134482 0.82615411 0.82016144 0.82963394 0.82308192 0.81509876 0.81953199 0.82676925 0.81909976 0.82908946 0.82866218 0.82278250 0.83050501 0.83763619 0.83186113 0.83104654
0.67658728 0.67911201 0.67208276 0.66032772 0.66204021 0.66877312 0.66571813 0.66420707 0.65890118 0.65698503 0.66309582 0.66576059 0.67081174 0.67353349 0.67377370 0.67437364 0.67007900 0.67336391 0.66449572 0.66591892 0.67696546 0.67090599 0.66880420 0.67259672 0.67831409 0.67805972 0.67411061 0.68148679 0.67342934 0.67556268 0.67014824 0.68065203
0.52033609 0.51835935 0.51880772 0.51688191 0.51857544 0.51310814 0.51115457 0.51233455 0.51016388 0.51490583 0.51509467 0.51886710 0.51289793 0.52206715 0.51982686 0.52071076 0.52292684 0.52232183 0.51821423 0.52274091 0.52195239 0.52253948 0.52467073 0.52461858 0.52204912 0.52224080 0.52383576 0.51867375 0.51702066 0.52752923 0.53066341 0.51966181
0.38404755 0.38422633 0.38126892 0.38167395 0.37825877 0.37902103 0.37456237 0.38032948 0.37925918 0.38053749 0.38043952 0.37960041 0.37963341 0.38350040 0.38206699 0.38026512 0.38338876 0.38308058 0.38486615 0.38386282 0.38419143 0.38515446 0.38385717 0.38651301 0.38277559 0.38706817 0.38566346 0.38901309 0.38822772 0.38849261 0.38440785 0.38433995
0.27244655 0.27165280 0.27010286 0.26889883 0.26776630 0.26460576 0.26671961 0.26508756 0.26560692 0.26556580 0.26678129 0.26865514 0.26894042 0.26995041 0.27067398 0.27117348 0.26983582 0.27138952 0.27103107 0.27097435 0.27215374 0.27041973 0.27351437 0.27259220 0.27340985 0.27241560 0.27409103 0.27551045 0.27459818 0.27424565 0.27478425 0.27230485
0.18636452 0.18543350 0.18425058 0.18160964 0.18238406 0.18099530 0.18154780 0.18174508 0.18227524 0.18221323 0.18298329 0.18218155 0.18404363 0.18481383 0.18556578 0.18392210 0.18545827 0.18521409 0.18542843 0.18593197 0.18608116 0.18547024 0.18718374 0.18774290 0.18791224 0.18832538 0.18979820 0.18895733 0.18985444 0.18926129 0.18831696 0.18827703
0.12670363 0.12580286 0.12500781 0.12375805 0.12355903 0.12304616 0.12294275 0.12315410 0.12380329 0.12428474 0.12455579 0.12488628 0.12471457 0.12550604 0.12553777 0.12558844 0.12604950 0.12628020 0.12697555 0.12657578 0.12753774 0.12750966 0.12795836 0.12819289 0.12778858 0.12830656 0.12901407 0.12951075 0.12990658 0.12924872 0.12777252 0.12759980
0.08938972 0.08847426 0.08774493 0.08699760 0.08620548 0.08569384 0.08605582 0.08636251 0.08677526 0.08720907 0.08770117 0.08769055 0.08811383 0.08804238 0.08844427 0.08858112 0.08908541 0.08927020 0.08946426 0.09009678 0.09035895 0.09036573 0.09047251 0.09047901 0.09078675 0.09059898 0.09100645 0.09088590 0.09126209 0.09095721 0.09060967 0.09014248
0.06812398 0.06747811 0.06687395 0.06617204 0.06576873 0.06555368 0.06569219 0.06596033 0.06625797 0.06680868 0.06700139 0.06733681 0.06756223 0.06770986 0.06790834 0.06808865 0.06846700 0.06879836 0.06911761 0.06939889 0.06966767 0.06970995 0.06982171 0.06984373 0.06982800 0.06972902 0.06970026 0.06980904 0.06970723 0.06973152 0.06945832 0.06885068
0.05845295 0.05783897 0.05727993 0.05673906 0.05648220 0.05642211 0.05644658 0.05664287 0.05707342 0.05733778 0.05755715 0.05785455 0.05803958 0.05814156 0.05846136 0.05869374 0.05909607 0.05961083 0.06007652 0.06039723 0.06067810 0.06082137 0.06074730 0.06069193 0.06053030 0.06034173 0.06023629 0.06012068 0.06005985 0.05983119 0.05958479 0.05902770
0.05509831 0.05449463 0.05410097 0.05348068 0.05337671 0.05327144 0.05330942 0.05350555 0.05386919 0.05399922 0.05431241 0.05462912 0.05466327 0.05490217 0.05521591 0.05563835 0.05623885 0.05671095 0.05724612 0.05767143 0.05792970 0.05795762 0.05793341 0.05770426 0.05757992 0.05734053 0.05714297 0.05697460 0.05656405 0.05648515 0.05608834 0.05560292
0.05434195 0.05383295 0.05331136 0.05295399 0.05266557 0.05253152 0.05255974 0.05274073 0.05291716 0.05332063 0.05333880 0.05362628 0.05370045 0.05399400 0.05440477 0.05482120 0.05533314 0.05608689 0.05668854 0.05718810 0.05751998 0.05764634 0.05757910 0.05717683 0.05704188 0.05679462 0.05652596 0.05629766 0.05605124 0.05573571 0.05539962 0.05484505
