32 32 0.050076 0.28105
0.06052350 0.05930960 0.05821023 0.05691052 0.05578535 0.05483161 0.05412317 0.05342798 0.05309159 0.05285812 0.05270874 0.05275118 0.05283428 0.05319971 0.05383196 0.05453340 0.05552866 0.05665396 0.05779706 0.05884923 0.05957994 0.06016568 0.06087374 0.06121271 0.06160448 0.06192121 0.06215942 0.06236583 0.06248312 0.06245758 0.06201017 0.06141230
0.05990908 0.05880998 0.05758642 0.05624580 0.05513956 0.05423751 0.05343045 0.05269416 0.05230040 0.05216701 0.05219015 0.05223267 0.05227812 0.05263261 0.05333395 0.05420310 0.05536224 0.05646078 0.05753997 0.05879900 0.05970647 0.06031378 0.06094486 0.06131768 0.06152322 0.06184418 0.06200286 0.06212528 0.06210021 0.06197120 0.06155481 0.06080839
0.05927712 0.05818382 0.05696681 0.05586280 0.05461347 0.05354140 0.05279562 0.05182309 0.05170535 0.05138438 0.05135372 0.05139063 0.05163302 0.05211093 0.05283231 0.05366401 0.05485886 0.05590207 0.05735924 0.05856944 0.05946846 0.06033747 0.06088936 0.06118121 0.06140776 0.06167830 0.06171904 0.06175681 0.06168903 0.06135405 0.06097339 0.06001420
0.05857771 0.05745632 0.05624016 0.05513016 0.05387828 0.05290217 0.05211590 0.05144154 0.05096622 0.05070231 0.05059366 0.05063325 0.05094197 0.05149609 0.05218701 0.05338147 0.05453735 0.05584915 0.05714900 0.05861122 0.05940902 0.06023304 0.06075587 0.06105744 0.06124489 0.06139963 0.06140327 0.06134214 0.06121062 0.06080187 0.06029585 0.05954489
0.05807704 0.05705264 0.05587717 0.05455937 0.05347400 0.05249945 0.05160591 0.05091365 0.05042964 0.05015735 0.05007645 0.05014389 0.05049907 0.05108993 0.05194899 0.05302543 0.05431757 0.05571177 0.05702227 0.05829366 0.05945498 0.06014194 0.06076075 0.06109018 0.06121071 0.06121700 0.06120993 0.06116277 0.06076806 0.06037195 0.05975996 0.05892863
0.05852937 0.05746444 0.05631290 0.05509136 0.05402747 0.05306027 0.05208455 0.05141244 0.05088302 0.05053036 0.05040559 0.05058833 0.05094599 0.05159777 0.05246962 0.05360762 0.05494578 0.05626839 0.05754557 0.05892871 0.05994612 0.06082220 0.06141781 0.06174181 0.06184351 0.06189171 0.06178149 0.06151199 0.06122240 0.06082071 0.06017682 0.05943937
0.06125720 0.06013026 0.05913908 0.05793706 0.05678318 0.05576499 0.05480908 0.05400761 0.05337940 0.05295728 0.05291532 0.05306377 0.05343579 0.05411796 0.05501296 0.05605689 0.05746779 0.05876965 0.06015387 0.06142155 0.06255038 0.06336296 0.06392744 0.06441804 0.06450727 0.06455577 0.06428462 0.06415568 0.06375565 0.06345274 0.06284258 0.06210380
0.06753529 0.06665597 0.06559907 0.06449715 0.06323917 0.06213116 0.06109240 0.06027195 0.05967165 0.05915677 0.05907277 0.05905154 0.05940437 0.06007147 0.06093662 0.06214150 0.06328159 0.06462627 0.06593262 0.06721411 0.06838751 0.06930801 0.06980451 0.07026080 0.07052868 0.07040849 0.07048659 0.07025158 0.07009335 0.06950110 0.06901047 0.06799113
0.07896388 0.07758036 0.07706989 0.07579074 0.07467601 0.07353808 0.07233992 0.07140265 0.07078342 0.07013102 0.06985006 0.06990829 0.07008597 0.07072016 0.07151169 0.07262497 0.07359843 0.07499992 0.07601775 0.07738258 0.07855665 0.07952925 0.08024173 0.08074306 0.08100136 0.08129001 0.08104247 0.08107068 0.08080922 0.08040360 0.08005001 0.07962790
0.09593211 0.09569937 0.09410789 0.09329633 0.09234907 0.09105027 0.08979589 0.08887207 0.08836607 0.08718770 0.08670842 0.08686319 0.08650057 0.08772954 0.08807368 0.08902807 0.08973297 0.09127041 0.09248071 0.09366173 0.09477830 0.09565964 0.09639723 0.09725226 0.09753327 0.09783350 0.09795536 0.09789625 0.09804023 0.09762310 0.09720294 0.09699691
0.12123315 0.11966621 0.11944701 0.11864711 0.11693716 0.11584855 0.11453917 0.11350060 0.11225741 0.11191764 0.11075984 0.11147110 0.11063949 0.11134870 0.11154932 0.11211431 0.11360525 0.11475384 0.11590205 0.11674145 0.11758272 0.11886844 0.11939941 0.12033743 0.12093311 0.12149112 0.12131352 0.12180186 0.12193731 0.12175147 0.12204643 0.12099669
0.15287258 0.15230199 0.15113609 0.15103358 0.15016149 0.14760241 0.14683762 0.14510749 0.14419426 0.14336242 0.14220188 0.14188369 0.14145980 0.14288905 0.14276272 0.14458972 0.14387918 0.14556950 0.14656800 0.14695662 0.14837099 0.14912831 0.14927156 0.15180576 0.15192522 0.15188357 0.15280013 0.15310901 0.15406233 0.15344485 0.15421911 0.15348350
0.19153068 0.19073753 0.18918254 0.18915479 0.18667734 0.18500093 0.18390795 0.18318097 0.18188194 0.18091554 0.17995830 0.17995910 0.17835458 0.17972767 0.18101626 0.18085990 0.18160016 0.18152479 0.18272821 0.18378067 0.18462378 0.18661473 0.18630986 0.18800736 0.18749424 0.18950471 0.18974370 0.18992193 0.19095148 0.19124590 0.19090664 0.19175879
0.23023501 0.23188041 0.23143086 0.22711708 0.22934757 0.22326279 0.22455097 0.22326298 0.22229279 0.22099974 0.21898509 0.22057617 0.21957912 0.22013190 0.21987138 0.22092430 0.22047035 0.21987488 0.22352032 0.22489712 0.22472801 0.22598512 0.22680142 0.22972838 0.22948979 0.22897725 0.23035495 0.23221853 0.23075032 0.23210212 0.23246202 0.23083085
0.26930875 0.27040416 0.27018092 0.26946024 0.26617365 0.26316215 0.26201433 0.26276889 0.26112851 0.25764081 0.25827889 0.25714319 0.25975987 0.26098049 0.26244118 0.25902568 0.26119840 0.26157943 0.26092253 0.26362876 0.26373467 0.26367713 0.26694651 0.26768343 0.26897125 0.26945115 0.27245520 0.27045915 0.27130969 0.27167603 0.27242803 0.27314597
0.30109047 0.30212065 0.30081746 0.29965841 0.29877946 0.29652004 0.29507922 0.29391882 0.29212733 0.29234756 0.29123246 0.28842264 0.29177946 0.29223859 0.29293244 0.29212749 0.29139419 0.29508904 0.29312574 0.29290450 0.29929047 0.30003266 0.30027661 0.30201796 0.30064201 0.30189181 0.30440872 0.30710489 0.30719452 0.30327604 0.30122700 0.30304553
0.32423332 0.31983802 0.32361337 0.31806284 0.31863612 0.31684337 0.31388670 0.31187617 0.31152239 0.31069041 0.31115912 0.31036899 0.30989341 0.31017422 0.31261594 0.31506355 0.31445301 0.31619709 0.31494370 0.31450132 0.32126839 0.32097553 0.31921340 0.32522503 0.32386391 0.32448125 0.32388270 0.32628095 0.32360895 0.32693241 0.32561873 0.32398332
0.32505068 0.32657323 0.32375302 0.32236943 0.32051275 0.31772374 0.31744129 0.31598822 0.31496162 0.31545539 0.31574884 0.31619781 0.31664233 0.31842370 0.31798949 0.31961163 0.32119742 0.32221111 0.32351650 0.32591955 0.32670479 0.32718344 0.32910307 0.33000972 0.33075134 0.33105099 0.33112721 0.33068294 0.33082385 0.33032032 0.33109889 0.32876436
0.31484016 0.31492002 0.31311360 0.30870372 0.30626967 0.30344722 0.30269653 0.30362968 0.30245785 0.30336831 0.30328295 0.30382025 0.30600991 0.30993491 0.30964491 0.31100955 0.31213041 0.31133983 0.31627841 0.31711470 0.31639839 0.32246511 0.31963204 0.31531245 0.32421919 0.31991017 0.31732816 0.31883795 0.32249723 0.32254169 0.32094908 0.31766182
0.29258161 0.28896798 0.28947724 0.28583845 0.28031884 0.28309927 0.27897352 0.27734714 0.27907520 0.27736080 0.27901623 0.28249245 0.28550295 0.28661659 0.28805601 0.28535488 0.29065620 0.28693689 0.29465062 0.29163655 0.29347045 0.29434045 0.29289990 0.29737342 0.29593176 0.30005622 0.29857818 0.29508288 0.29739369 0.29543734 0.29375847 0.29220986
0.25786401 0.25350873 0.25142163 0.25087196 0.24603763 0.24526966 0.24605675 0.24564834 0.24711722 0.24622236 0.24635159 0.24583611 0.24839054 0.24934825 0.25432861 0.25261163 0.25274266 0.25508501 0.25505197 0.25931295 0.25993699 0.25874671 0.26004843 0.26082958 0.26085153 0.26188687 0.26241456 0.26142253 0.26207111 0.26196513 0.25965351 0.25851146
0.21644402 0.21558576 0.21184167 0.20862684 0.20773037 0.20826818 0.20625558 0.20551778 0.20468128 0.20513605 0.20684384 0.20787294 0.20973522 0.21163881 0.21210695 0.21343803 0.21377996 0.21602756 0.21499979 0.21688799 0.22020649 0.21895279 0.21943490 0.22043412 0.22176454 0.22192120 0.22131144 0.22246056 0.22004284 0.21940831 0.21802598 0.21912697
0.17667801 0.17536695 0.17344014 0.17177027 0.17047307 0.16836754 0.16723379 0.16755141 0.16715785 0.16809080 0.16892276 0.17028124 0.16959847 0.17241886 0.17245291 0.17347129 0.17514524 0.17636269 0.17624923 0.17822674 0.17909850 0.17959961 0.18082029 0.18125984 0.18091177 0.18101948 0.18146653 0.18006919 0.17990570 0.18159823 0.18139597 0.17777873
0.14225459 0.14096847 0.13888112 0.13753766 0.13565692 0.13483509 0.13319514 0.13408353 0.13385681 0.13432778 0.13462347 0.13485053 0.13535461 0.13692890 0.13701647 0.13750165 0.13888683 0.13993785 0.14109199 0.14183475 0.14274585 0.14362897 0.14380460 0.14468768 0.14417763 0.14553978 0.14516682 0.14617884 0.14611997 0.14581188 0.14435576 0.14339650
0.11449940 0.11305283 0.11139701 0.10976656 0.10832731 0.10677669 0.10644457 0.10572214 0.10563316 0.10553160 0.10632439 0.10682044 0.10723836 0.10790816 0.10860092 0.10936397 0.10960067 0.11095830 0.11155911 0.11235986 0.11347046 0.11354820 0.11477699 0.11485364 0.11537966 0.11551758 0.11636000 0.11694601 0.11690260 0.11692149 0.11670114 0.11537401
0.09333266 0.09199396 0.09044770 0.08871248 0.08762761 0.08633418 0.08577601 0.08534261 0.08522599 0.08517639 0.08534887 0.08526353 0.08597745 0.08640358 0.08712370 0.08711929 0.08805534 0.08872491 0.08961528 0.09039307 0.09100210 0.09144069 0.09232646 0.09287641 0.09329893 0.09388091 0.09472776 0.09511654 0.09573115 0.09558965 0.09526344 0.09457309
0.07874485 0.07751311 0.07624947 0.07469372 0.07349441 0.07241711 0.07166831 0.07122386 0.07109745 0.07095333 0.07091276 0.07118769 0.07110234 0.07160065 0.07189116 0.07239203 0.07299572 0.07383196 0.07467385 0.07528330 0.07611563 0.07662780 0.07719582 0.07767349 0.07794901 0.07865459 0.07931302 0.08011781 0.08062227 0.08074884 0.07990979 0.07973266
0.06976482 0.06853035 0.06723653 0.06587778 0.06453059 0.06357922 0.06286004 0.06242196 0.06218139 0.06212162 0.06203864 0.06198271 0.06216429 0.06229128 0.06265258 0.06309696 0.06379857 0.06453416 0.06523319 0.06611170 0.06679426 0.06730623 0.06776828 0.06822857 0.06878716 0.06928919 0.06993707 0.07058531 0.07105486 0.07133646 0.07119134 0.07067532
0.06480945 0.06354244 0.06232417 0.06090051 0.05979630 0.05873446 0.05801977 0.05754836 0.05722941 0.05719873 0.05704060 0.05704972 0.05716366 0.05725546 0.05753997 0.05806113 0.05872758 0.05949602 0.06022081 0.06104103 0.06172121 0.06222434 0.06274088 0.06320407 0.06370308 0.06424086 0.06479177 0.06545134 0.06587835 0.06624446 0.06608227 0.06552831
0.06243645 0.06133858 0.06007358 0.05872575 0.05760622 0.05666958 0.05594543 0.05537113 0.05512556 0.05490603 0.05473451 0.05479924 0.05485369 0.05497266 0.05536909 0.05584572 0.05658626 0.05740792 0.05827558 0.05910163 0.05983477 0.06041856 0.06082823 0.06130615 0.06176880 0.06225314 0.06280903 0.06335805 0.06386855 0.06397779 0.06381049 0.06328764
0.06152934 0.06035185 0.05923733 0.05780062 0.05682860 0.05581752 0.05510041 0.05454991 0.05425569 0.05394502 0.05387494 0.05399968 0.05392197 0.05416985 0.05459249 0.05521100 0.05609323 0.05693981 0.05791328 0.05881936 0.05955876 0.06009340 0.06062571 0.06099152 0.06144751 0.06187094 0.06236281 0.06277373 0.06297734 0.06325811 0.06295983 0.06238968
0.06100163 0.05989107 0.05866560 0.05740758 0.05626396 0.05532108 0.05455133 0.05403325 0.05359656 0.05359480 0.05328464 0.05335567 0.05335839 0.05371965 0.05420222 0.05488439 0.05556459 0.05680699 0.05784596 0.05882007 0.05968200 0.06029940 0.06086031 0.06108576 0.06153897 0.06189956 0.06225483 0.06264190 0.06292701 0.06283247 0.06261440 0.06189856
