32 32 0.05089 1.3732
0.05341824 0.05287623 0.05256363 0.05218835 0.05201066 0.05201130 0.05214408 0.05220582 0.05246868 0.05270304 0.05284900 0.05294090 0.05298074 0.05321617 0.05338047 0.05369116 0.05406881 0.05466860 0.05521510 0.05566180 0.05592808 0.05601450 0.05617520 0.05608292 0.05598342 0.05582776 0.05559610 0.05534550 0.05514498 0.05483467 0.05439807 0.05390847
0.05307356 0.05256100 0.05211476 0.05176682 0.05155788 0.05156700 0.05161063 0.05161629 0.05177466 0.05208697 0.05236853 0.05244763 0.05241968 0.05252713 0.05287743 0.05325018 0.05384723 0.05438892 0.05488891 0.05553385 0.05586829 0.05599772 0.05612153 0.05602073 0.05576602 0.05567590 0.05541138 0.05513611 0.05479917 0.05448967 0.05406880 0.05356806
0.05266986 0.05216385 0.05176643 0.05149800 0.05124947 0.05104449 0.05116395 0.05089020 0.05135163 0.05137727 0.05154813 0.05155813 0.05175000 0.05194067 0.05227101 0.05267424 0.05325707 0.05370682 0.05455363 0.05514496 0.05546134 0.05581527 0.05587441 0.05573864 0.05550636 0.05540687 0.05500699 0.05476876 0.05445631 0.05401109 0.05368931 0.05312036
0.05245384 0.05196694 0.05156558 0.05130035 0.05099097 0.05094589 0.05091148 0.05089539 0.05094276 0.05101750 0.05108866 0.05108519 0.05123108 0.05144695 0.05175250 0.05231622 0.05291595 0.05359581 0.05426544 0.05509484 0.05536002 0.05561606 0.05562633 0.05550912 0.05530213 0.05510179 0.05475301 0.05452042 0.05421800 0.05378386 0.05338785 0.05293845
0.05377365 0.05335848 0.05295902 0.05260807 0.05234296 0.05220574 0.05213148 0.05207790 0.05204827 0.05206788 0.05210436 0.05207940 0.05220273 0.05241047 0.05281131 0.05334307 0.05401015 0.05476596 0.05543500 0.05610047 0.05660949 0.05675251 0.05684865 0.05671013 0.05648540 0.05620871 0.05591110 0.05545889 0.05524284 0.05491081 0.05451699 0.05408680
0.05992764 0.05948730 0.05917099 0.05881411 0.05861500 0.05845802 0.05827515 0.05818317 0.05806026 0.05790822 0.05795961 0.05804023 0.05812601 0.05837337 0.05879540 0.05923393 0.05998020 0.06071068 0.06133002 0.06210800 0.06245749 0.06284483 0.06284847 0.06273301 0.06246831 0.06213870 0.06189044 0.06140261 0.06109951 0.06077699 0.06047508 0.06037125
0.07629464 0.07573404 0.07541077 0.07511197 0.07469720 0.07463179 0.07432839 0.07407325 0.07395251 0.07399316 0.07388580 0.07395156 0.07407279 0.07426620 0.07475016 0.07534565 0.07615668 0.07658760 0.07744508 0.07803881 0.07857562 0.07872110 0.07863637 0.07887145 0.07838627 0.07824684 0.07761555 0.07740330 0.07707673 0.07709602 0.07678172 0.07636239
0.10901154 0.10904759 0.10875789 0.10825450 0.10772774 0.10743601 0.10701830 0.10732289 0.10687899 0.10640896 0.10677087 0.10646591 0.10668289 0.10703633 0.10758719 0.10852966 0.10870833 0.10906937 0.10995590 0.11048914 0.11109039 0.11122845 0.11094471 0.11108642 0.11090107 0.11021566 0.11037841 0.11022835 0.10995199 0.10945395 0.10966387 0.10865853
0.16603535 0.16551117 0.16564554 0.16468586 0.16441511 0.16446258 0.16371429 0.16330757 0.16366743 0.16290037 0.16272163 0.16299690 0.16297844 0.16328309 0.16341299 0.16432234 0.16399488 0.16534827 0.16487904 0.16572359 0.16662128 0.16704378 0.16686553 0.16679599 0.16609732 0.16666893 0.16680936 0.16623374 0.16557203 0.16543709 0.16578575 0.16644819
0.25070526 0.25280553 0.24984847 0.25090422 0.25186333 0.25077153 0.25018423 0.25032727 0.25194697 0.24908761 0.24846539 0.24929871 0.24705001 0.25130515 0.24940477 0.25010356 0.24868436 0.25160138 0.25146497 0.25309966 0.25374200 0.25334593 0.25264090 0.25357040 0.25359131 0.25302305 0.25262347 0.25232311 0.25336541 0.25251844 0.25179519 0.25287634
0.37453193 0.37009395 0.37312188 0.37439089 0.37025636 0.37232792 0.37161697 0.37205471 0.37022999 0.37266864 0.36890471 0.37290207 0.36931807 0.37131005 0.36952404 0.36867074 0.37260610 0.37312722 0.37458758 0.37390507 0.37262162 0.37466808 0.37278419 0.37368988 0.37386883 0.37414048 0.37138683 0.37261470 0.37382225 0.37253884 0.37476965 0.37100550
0.52958573 0.52871114 0.53015717 0.53284023 0.53531663 0.52906647 0.53028288 0.52761702 0.52955817 0.52767721 0.52440507 0.52570820 0.52269437 0.53023486 0.52770747 0.53368182 0.52652196 0.53154835 0.53205500 0.52914324 0.53127100 0.53005893 0.52463645 0.53674939 0.53102474 0.52711553 0.53037828 0.52958027 0.53272940 0.52923532 0.53327088 0.52948548
0.71819005 0.71885254 0.71292702 0.72056902 0.71464865 0.71270875 0.70982378 0.71274898 0.71463053 0.71174371 0.71425743 0.71726710 0.70648418 0.71520551 0.71998566 0.71832885 0.71528290 0.70940408 0.71523543 0.71634721 0.71398533 0.72057451 0.71102131 0.71711503 0.70549934 0.71422532 0.71241706 0.71181329 0.71325598 0.71602034 0.71109465 0.71391345
0.91374974 0.91571288 0.92089743 0.90475977 0.92443530 0.90138529 0.91682621 0.90692183 0.91186379 0.91607543 0.90823758 0.91784996 0.91829961 0.91399271 0.90803242 0.91531471 0.91369334 0.89767520 0.91860685 0.92102321 0.91478748 0.91421872 0.90625606 0.92270120 0.91467134 0.90787426 0.91000024 0.91588137 0.91631007 0.91471013 0.91909784 0.90724612
1.09952365 1.11011415 1.12276742 1.12441553 1.11191099 1.10463807 1.10423643 1.11042067 1.11508342 1.09759745 1.10273292 1.10086245 1.12193976 1.12002332 1.13469394 1.09389324 1.10948149 1.10393532 1.10111511 1.11646145 1.09828976 1.09784999 1.11239090 1.10879618 1.10912375 1.09950714 1.11657198 1.10584807 1.10672119 1.10631948 1.11719277 1.11729197
1.26200773 1.27783095 1.26570547 1.28051343 1.27839290 1.25733993 1.27086233 1.27020815 1.26695643 1.27224521 1.27359548 1.25961186 1.27865662 1.28022136 1.27998505 1.26583963 1.26761277 1.26715882 1.25264772 1.25054850 1.26423489 1.28048185 1.26283137 1.29308171 1.26050910 1.24681756 1.27728682 1.29222470 1.28498001 1.27801750 1.25415396 1.25846223
1.39148993 1.37424634 1.40722116 1.38036480 1.38009690 1.38529260 1.37317878 1.36096520 1.37311989 1.37436385 1.38143239 1.37604604 1.37079881 1.36409725 1.38098617 1.38592934 1.37353301 1.37673507 1.35522424 1.36638477 1.37737877 1.37455466 1.36214576 1.39477344 1.37854929 1.37103413 1.37455016 1.38748914 1.37313870 1.38987324 1.38543828 1.36278025
1.41512348 1.42233797 1.41615961 1.41499277 1.41301160 1.40479727 1.40542930 1.40455690 1.39785343 1.40363946 1.40480239 1.40634846 1.40678725 1.41233982 1.40402435 1.41041335 1.41068910 1.41288951 1.40138265 1.40780230 1.40746294 1.40736210 1.40771524 1.40743823 1.41208411 1.41337731 1.41309520 1.41703041 1.41235569 1.41805533 1.42410392 1.40808131
1.37515327 1.37084049 1.37087135 1.35908573 1.35062672 1.34105580 1.34432102 1.35839567 1.35441820 1.36030771 1.35610830 1.35806016 1.34989488 1.36826290 1.36115390 1.36816905 1.36133450 1.35241769 1.37237354 1.38241394 1.36146441 1.37577911 1.36384159 1.35784090 1.38590656 1.36281596 1.34837909 1.36587491 1.37101017 1.37385859 1.38405838 1.37861887
1.25974324 1.25770366 1.26613494 1.25506165 1.23831463 1.25010653 1.22735279 1.24298327 1.23837511 1.22046107 1.22761252 1.24794868 1.25431991 1.27025064 1.26181216 1.24113860 1.28143848 1.23949144 1.28183555 1.24591589 1.25774202 1.24358053 1.24471943 1.26247038 1.24735079 1.28022206 1.26843658 1.26123485 1.26468551 1.25865327 1.24999667 1.25101838
1.10928373 1.08077082 1.08573512 1.08780911 1.06555636 1.07721319 1.07964109 1.08911662 1.09628042 1.08332580 1.08503092 1.06326677 1.07900013 1.08852567 1.11274234 1.09221680 1.08084362 1.08731918 1.07831160 1.09053937 1.07966640 1.06979055 1.07787416 1.09195016 1.07771047 1.09513936 1.09176130 1.08157239 1.09260742 1.10348013 1.09502536 1.09242828
0.89385044 0.89800062 0.89088005 0.87210361 0.87592035 0.88621414 0.88441246 0.88244691 0.87421328 0.86966816 0.87833209 0.88239771 0.88910384 0.89124374 0.89230454 0.89206361 0.88468270 0.88836466 0.87589053 0.87725608 0.89426093 0.88775678 0.88408429 0.89032576 0.89892089 0.89800897 0.89074559 0.90130204 0.88958321 0.89312558 0.88365157 0.89794157
0.68824162 0.68509921 0.68870421 0.68553379 0.69036799 0.68295198 0.68047028 0.68144004 0.67755085 0.68525352 0.68423736 0.68921868 0.68040738 0.69308060 0.69018362 0.69107940 0.69344734 0.69136516 0.68574246 0.69288525 0.69151660 0.69343784 0.69565839 0.69560301 0.69170095 0.69168084 0.69347604 0.68576664 0.68191461 0.69722833 0.70206800 0.68672144
0.50758367 0.50895379 0.50563438 0.50758170 0.50299504 0.50475488 0.49855734 0.50689869 0.50470475 0.50616111 0.50578798 0.50429155 0.50394828 0.50877248 0.50697130 0.50330423 0.50812979 0.50689217 0.50976484 0.50804902 0.50857039 0.51004301 0.50818005 0.51205904 0.50677067 0.51181494 0.50996841 0.51403134 0.51208853 0.51262643 0.50680397 0.50735350
0.35786755 0.35757982 0.35633671 0.35545688 0.35464294 0.35031847 0.35364930 0.35078483 0.35161558 0.35112270 0.35257744 0.35511721 0.35515977 0.35621971 0.35685836 0.35726213 0.35530749 0.35684418 0.35644955 0.35621812 0.35768009 0.35545842 0.35982684 0.35847488 0.35948137 0.35770633 0.35955382 0.36120485 0.35968715 0.35886617 0.35980897 0.35690505
0.24081130 0.24033931 0.23944082 0.23646477 0.23802942 0.23623182 0.23719608 0.23738720 0.23792812 0.23739262 0.23826877 0.23681561 0.23917927 0.24006936 0.24078723 0.23802817 0.24010738 0.23941235 0.23947745 0.24015133 0.24043389 0.23942291 0.24196392 0.24273390 0.24280850 0.24320150 0.24489492 0.24327223 0.24437150 0.24358578 0.24243423 0.24291458
0.15879041 0.15813571 0.15762262 0.15651948 0.15658433 0.15608875 0.15597433 0.15618881 0.15681203 0.15725509 0.15738723 0.15747836 0.15703685 0.15783068 0.15757076 0.15728491 0.15767676 0.15770446 0.15854007 0.15781726 0.15920117 0.15921350 0.15992755 0.16028823 0.15963610 0.16025947 0.16109518 0.16158164 0.16202550 0.16107684 0.15940302 0.15945982
0.10652633 0.10580076 0.10526175 0.10466983 0.10393578 0.10327535 0.10381752 0.10419061 0.10448764 0.10485875 0.10548164 0.10502329 0.10536645 0.10496439 0.10526037 0.10515121 0.10553024 0.10546897 0.10555161 0.10628785 0.10669823 0.10672187 0.10702536 0.10709723 0.10759921 0.10728050 0.10786666 0.10753224 0.10812882 0.10772201 0.10743429 0.10712184
0.07605325 0.07547506 0.07500341 0.07444317 0.07411327 0.07394708 0.07415357 0.07440871 0.07471419 0.07515548 0.07523617 0.07544518 0.07553837 0.07548821 0.07561896 0.07538555 0.07561563 0.07573615 0.07592211 0.07615498 0.07650322 0.07661749 0.07687345 0.07707282 0.07718947 0.07712873 0.07715711 0.07732099 0.07718933 0.07735336 0.07714359 0.07661170
0.06120179 0.06063996 0.06025302 0.05987377 0.05971362 0.05972087 0.05981286 0.06001260 0.06040509 0.06068966 0.06086158 0.06095118 0.06100105 0.06085849 0.06095300 0.06096446 0.06111757 0.06151989 0.06184556 0.06213580 0.06240609 0.06269689 0.06262750 0.06278616 0.06276104 0.06263579 0.06262736 0.06259983 0.06252379 0.06241296 0.06218928 0.06169859
0.05551334 0.05502777 0.05466667 0.05419722 0.05417213 0.05416238 0.05427074 0.05452475 0.05488099 0.05500204 0.05521189 0.05545222 0.05533437 0.05537264 0.05549271 0.05565901 0.05602056 0.05633387 0.05672282 0.05709848 0.05734601 0.05736545 0.05751394 0.05744703 0.05743138 0.05731855 0.05725558 0.05715957 0.05679650 0.05677375 0.05642260 0.05596448
0.05388472 0.05338966 0.05291540 0.05264795 0.05249505 0.05249547 0.05260523 0.05286229 0.05308097 0.05348398 0.05346245 0.05364340 0.05356650 0.05370468 0.05394497 0.05413133 0.05447218 0.05497645 0.05544817 0.05588744 0.05622188 0.05635710 0.05643662 0.05614625 0.05613174 0.05603632 0.05588621 0.05574567 0.05559052 0.05526741 0.05491529 0.05436815
