32 32 0.053944 0.67051
0.05556182 0.05517195 0.05501169 0.05474289 0.05465499 0.05472642 0.05498078 0.05507512 0.05542278 0.05583383 0.05610987 0.05636561 0.05658041 0.05685184 0.05719604 0.05745712 0.05785263 0.05830251 0.05865788 0.05889636 0.05884602 0.05856174 0.05837566 0.05801072 0.05761149 0.05724343 0.05685484 0.05664462 0.05641709 0.05625990 0.05599411 0.05576811
0.05540485 0.05512013 0.05483334 0.05452974 0.05442109 0.05447569 0.05456071 0.05462112 0.05484838 0.05526964 0.05569894 0.05588320 0.05597569 0.05620907 0.05661693 0.05702348 0.05756682 0.05799956 0.05830218 0.05870089 0.05874998 0.05855598 0.05838892 0.05797652 0.05749533 0.05724153 0.05683628 0.05655013 0.05630396 0.05617009 0.05595869 0.05563668
0.05525284 0.05495774 0.05468536 0.05450368 0.05429188 0.05412402 0.05422162 0.05400870 0.05450722 0.05462992 0.05488563 0.05495802 0.05532325 0.05562752 0.05600885 0.05642372 0.05694734 0.05732737 0.05795516 0.05832142 0.05839298 0.05842648 0.05820178 0.05780369 0.05735657 0.05707782 0.05662592 0.05638538 0.05618567 0.05593354 0.05580701 0.05533837
0.05511580 0.05484097 0.05449802 0.05427807 0.05396396 0.05397536 0.05394397 0.05395265 0.05400012 0.05421659 0.05429123 0.05439807 0.05464794 0.05491163 0.05527424 0.05592916 0.05648402 0.05704673 0.05754883 0.05817212 0.05817172 0.05816126 0.05791643 0.05757083 0.05718280 0.05684970 0.05646806 0.05623506 0.05606266 0.05579513 0.05561262 0.05538936
0.05554827 0.05521168 0.05495917 0.05457118 0.05441542 0.05426572 0.05417349 0.05412828 0.05413042 0.05420667 0.05430025 0.05439841 0.05463771 0.05487548 0.05531678 0.05584964 0.05645685 0.05710746 0.05761403 0.05803589 0.05838735 0.05826876 0.05819877 0.05785543 0.05745046 0.05715799 0.05683959 0.05663944 0.05633315 0.05613674 0.05593899 0.05568544
0.05828304 0.05800851 0.05772622 0.05742300 0.05723167 0.05707500 0.05679115 0.05674076 0.05666200 0.05661831 0.05665266 0.05679900 0.05697220 0.05729344 0.05772094 0.05821106 0.05884262 0.05944590 0.05991562 0.06045858 0.06066185 0.06078802 0.06068209 0.06046427 0.06004714 0.05972718 0.05944510 0.05912092 0.05889536 0.05877644 0.05859579 0.05850286
0.06621402 0.06587587 0.06569033 0.06541361 0.06499179 0.06482135 0.06459869 0.06436979 0.06422164 0.06417659 0.06427324 0.06437351 0.06454977 0.06485091 0.06529953 0.06576137 0.06649663 0.06692035 0.06754505 0.06797401 0.06827437 0.06833320 0.06813896 0.06818607 0.06772652 0.06753700 0.06707746 0.06690506 0.06663886 0.06668316 0.06651252 0.06628847
0.08254887 0.08249928 0.08228112 0.08193339 0.08151348 0.08125269 0.08093692 0.08096917 0.08071880 0.08049321 0.08068104 0.08058411 0.08078760 0.08116405 0.08160115 0.08231721 0.08261685 0.08304598 0.08366554 0.08404941 0.08443415 0.08449942 0.08421858 0.08420300 0.08397720 0.08345604 0.08347739 0.08330373 0.08312532 0.08283718 0.08285796 0.08226692
0.11098778 0.11047070 0.11070790 0.11015864 0.11002416 0.10985526 0.10941546 0.10914626 0.10927002 0.10886185 0.10879627 0.10899410 0.10904754 0.10935816 0.10961672 0.11025704 0.11023865 0.11113811 0.11110822 0.11164454 0.11209977 0.11229744 0.11219953 0.11204378 0.11157218 0.11177072 0.11153257 0.11131301 0.11095017 0.11079103 0.11094058 0.11125933
0.15341562 0.15435369 0.15287086 0.15332796 0.15373341 0.15320221 0.15283373 0.15287660 0.15362922 0.15222757 0.15198545 0.15254867 0.15149581 0.15365489 0.15284734 0.15334905 0.15284596 0.15436205 0.15456934 0.15529376 0.15564480 0.15540745 0.15505544 0.15551828 0.15528590 0.15490015 0.15460457 0.15433057 0.15477064 0.15422706 0.15389772 0.15440263
0.21523026 0.21301541 0.21461700 0.21530477 0.21350755 0.21425688 0.21392735 0.21410586 0.21328415 0.21437457 0.21270230 0.21497079 0.21303574 0.21435927 0.21351029 0.21324754 0.21518940 0.21572954 0.21668570 0.21603734 0.21541525 0.21634811 0.21531950 0.21564816 0.21561660 0.21561207 0.21407860 0.21459362 0.21486458 0.21424321 0.21535687 0.21350951
0.29260859 0.29253834 0.29271479 0.29451309 0.29561299 0.29257713 0.29359560 0.29237455 0.29308525 0.29281217 0.29143704 0.29182725 0.29090693 0.29449715 0.29323214 0.29663988 0.29302423 0.29562776 0.29584197 0.29432248 0.29546196 0.29456046 0.29177298 0.29715135 0.29452129 0.29231835 0.29345887 0.29297811 0.29453372 0.29251262 0.29446678 0.29283323
0.38678080 0.38667510 0.38472114 0.38815215 0.38527823 0.38457235 0.38453745 0.38613308 0.38646392 0.38604679 0.38629420 0.38770599 0.38362021 0.38736166 0.39021151 0.38886840 0.38878747 0.38637630 0.38797866 0.38833538 0.38747729 0.39019863 0.38571418 0.38773660 0.38275386 0.38616930 0.38481501 0.38388023 0.38489803 0.38534425 0.38371177 0.38566995
0.48216173 0.48623356 0.48822864 0.48063077 0.49000681 0.47892323 0.48618495 0.48466223 0.48620656 0.48677490 0.48347614 0.48876685 0.48756509 0.48797509 0.48620625 0.48868298 0.48666185 0.48148958 0.49011912 0.49128959 0.48772965 0.48756670 0.48528829 0.49088924 0.48687195 0.48283748 0.48381671 0.48647835 0.48363864 0.48446247 0.48566959 0.48108374
0.57609009 0.58138323 0.58531053 0.58682038 0.58187080 0.57852884 0.57929705 0.58387921 0.58440444 0.57745679 0.58072545 0.57942259 0.58822784 0.58964615 0.59413350 0.58060291 0.58604055 0.58433910 0.58112787 0.58656265 0.58129163 0.57881077 0.58447254 0.58275531 0.58264758 0.57960944 0.58565727 0.57925391 0.57967955 0.57958918 0.58287005 0.58433385
0.65462040 0.66094564 0.65968558 0.66271564 0.66310057 0.65886930 0.66150148 0.66178690 0.66041720 0.66297906 0.66307953 0.65662868 0.66540885 0.66640296 0.66675406 0.66183286 0.65992315 0.66408650 0.65617665 0.65361437 0.66431226 0.66667731 0.66095561 0.66837151 0.65645913 0.65356526 0.66227140 0.66803000 0.66586991 0.65878789 0.65104279 0.65554624
0.71331972 0.70572441 0.71989769 0.70921484 0.71164535 0.71406292 0.70942290 0.70585106 0.70957483 0.71017390 0.71193991 0.70981429 0.70853758 0.70754510 0.71304732 0.71650423 0.71167468 0.71292763 0.70407664 0.70690456 0.71404153 0.71172592 0.70519769 0.71760838 0.71062432 0.70861186 0.70736775 0.71170387 0.70518646 0.71325378 0.71174112 0.70573127
0.71831995 0.72407121 0.72171275 0.72193444 0.72093793 0.71739072 0.71996505 0.71989846 0.71773702 0.71980743 0.72146701 0.72211544 0.72189391 0.72230746 0.72083172 0.72325942 0.72405253 0.72445189 0.72070474 0.72359797 0.72323492 0.72168261 0.72230822 0.72303484 0.72282084 0.72317184 0.72268569 0.72406797 0.72067814 0.72186305 0.72376293 0.71974874
0.69506014 0.69589010 0.69578270 0.69121249 0.68782017 0.68322196 0.68400262 0.69001712 0.68834086 0.69159388 0.69024585 0.69022258 0.69036295 0.69967316 0.69553524 0.69739766 0.69548440 0.69009630 0.70051027 0.70187599 0.69432371 0.70522702 0.69597518 0.68817814 0.70376315 0.69302374 0.68634593 0.69092081 0.69758072 0.69897761 0.70048315 0.69639063
0.63773360 0.63405157 0.63922008 0.63412330 0.62448162 0.63337836 0.62406178 0.62480024 0.62787211 0.62146091 0.62497630 0.63326154 0.63804235 0.64039206 0.63994306 0.62938499 0.64285294 0.62743540 0.64590469 0.63216849 0.63597394 0.63245029 0.62892977 0.63813376 0.63204869 0.64434655 0.63968662 0.63329032 0.63829770 0.63506607 0.63271839 0.63274526
0.55489673 0.54544298 0.54547391 0.54767753 0.53782096 0.54040313 0.54374140 0.54529428 0.54903043 0.54532020 0.54484716 0.53928167 0.54455233 0.54566371 0.55539666 0.54764596 0.54413892 0.54693781 0.54363875 0.55045027 0.54785504 0.54320756 0.54547312 0.54825331 0.54530819 0.54962833 0.54992482 0.54685673 0.55068678 0.55398656 0.55026761 0.55043547
0.44990650 0.45166911 0.44658312 0.44100781 0.44197669 0.44629253 0.44364559 0.44279796 0.44013697 0.43986162 0.44330263 0.44439513 0.44710159 0.44892353 0.44809574 0.44839072 0.44596177 0.44828674 0.44311604 0.44465077 0.45110630 0.44695282 0.44635809 0.44831438 0.45139051 0.45123103 0.44913788 0.45315693 0.44793574 0.44865301 0.44616360 0.45279467
0.34956966 0.34907894 0.34845416 0.34783114 0.34829335 0.34505507 0.34386763 0.34515439 0.34426719 0.34655074 0.34720736 0.34929752 0.34563349 0.35073398 0.34885540 0.34914401 0.35052927 0.35057100 0.34804673 0.35077608 0.35070548 0.35088382 0.35250259 0.35252881 0.35093151 0.35085784 0.35166750 0.34832752 0.34775739 0.35391089 0.35561650 0.34900263
0.26224784 0.26230148 0.26055575 0.26051139 0.25862799 0.25902990 0.25640539 0.25984556 0.25953563 0.26046394 0.26042066 0.25990011 0.25987085 0.26209013 0.26088541 0.25987090 0.26145901 0.26144221 0.26245555 0.26206926 0.26241265 0.26308469 0.26229971 0.26376645 0.26141099 0.26395282 0.26278449 0.26489769 0.26462167 0.26472742 0.26238187 0.26227344
0.19126190 0.19085205 0.18977537 0.18894871 0.18813114 0.18636040 0.18756990 0.18682661 0.18717494 0.18743444 0.18831852 0.18937230 0.18958009 0.19013063 0.19042910 0.19068044 0.18968625 0.19074501 0.19041222 0.19045275 0.19132922 0.19018443 0.19194848 0.19126169 0.19154011 0.19081786 0.19181396 0.19267269 0.19213905 0.19215426 0.19262341 0.19109211
0.13692975 0.13634066 0.13559024 0.13398851 0.13436263 0.13354273 0.13397557 0.13424066 0.13477316 0.13499115 0.13561581 0.13526829 0.13641680 0.13678853 0.13724848 0.13618406 0.13692458 0.13673547 0.13687166 0.13713051 0.13713255 0.13673635 0.13758264 0.13772286 0.13761151 0.13772055 0.13848350 0.13807357 0.13875934 0.13843943 0.13802856 0.13803074
0.09950701 0.09896125 0.09850061 0.09769492 0.09761886 0.09735220 0.09744710 0.09775974 0.09844911 0.09891221 0.09924020 0.09976528 0.09965556 0.10016047 0.10008939 0.10004002 0.10018710 0.10028672 0.10062459 0.10032008 0.10076171 0.10058755 0.10063880 0.10054872 0.10002992 0.10018666 0.10055063 0.10085875 0.10119530 0.10089629 0.09986236 0.10002191
0.07636137 0.07580149 0.07535450 0.07491118 0.07449018 0.07434443 0.07471843 0.07516982 0.07565926 0.07627454 0.07679161 0.07694368 0.07730584 0.07728030 0.07743687 0.07744856 0.07767485 0.07766992 0.07766225 0.07792580 0.07794506 0.07773200 0.07752833 0.07727856 0.07725813 0.07693286 0.07702892 0.07698683 0.07721750 0.07713226 0.07698200 0.07678981
0.06344182 0.06297548 0.06263889 0.06221771 0.06207919 0.06209623 0.06242737 0.06288504 0.06332505 0.06408676 0.06439016 0.06472496 0.06496995 0.06508077 0.06515314 0.06520660 0.06536186 0.06546163 0.06552196 0.06557224 0.06551315 0.06529614 0.06507161 0.06477940 0.06452968 0.06425970 0.06410357 0.06414492 0.06408968 0.06422055 0.06410208 0.06376197
0.05771188 0.05735407 0.05703136 0.05672993 0.05666884 0.05677438 0.05709494 0.05749091 0.05808798 0.05853968 0.05893720 0.05929258 0.05951739 0.05962184 0.05977936 0.05989936 0.06008775 0.06031813 0.06046343 0.06051519 0.06046043 0.06028727 0.05987996 0.05959178 0.05921525 0.05886172 0.05866166 0.05852116 0.05855290 0.05844523 0.05824339 0.05803625
0.05593182 0.05553317 0.05536043 0.05500589 0.05510574 0.05517885 0.05542357 0.05584586 0.05637122 0.05671648 0.05720228 0.05759776 0.05769198 0.05791161 0.05812693 0.05834742 0.05868837 0.05889107 0.05910680 0.05921669 0.05915697 0.05884559 0.05853647 0.05808630 0.05777151 0.05738371 0.05710429 0.05694502 0.05662670 0.05668385 0.05648628 0.05619906
0.05557672 0.05527557 0.05499195 0.05478740 0.05473170 0.05482800 0.05510564 0.05546442 0.05587099 0.05641449 0.05658023 0.05693556 0.05704106 0.05731444 0.05759264 0.05783473 0.05804898 0.05854899 0.05878512 0.05901265 0.05900891 0.05882968 0.05853383 0.05792908 0.05759994 0.05722444 0.05688459 0.05671170 0.05656761 0.05635593 0.05613663 0.05587730
