32 32 0.048914 0.0019112
0.05075723 0.05065560 0.05066138 0.05057976 0.05056476 0.05057880 0.05053797 0.05055407 0.05061464 0.05062686 0.05060132 0.05052816 0.05044591 0.05029054 0.05016264 0.05009039 0.04999743 0.04992452 0.04988624 0.04987902 0.04993427 0.04979060 0.05007043 0.05020993 0.05032877 0.05041746 0.05046082 0.05058406 0.05066170 0.05075978 0.05073224 0.05069950
0.05074249 0.05068427 0.05065171 0.05055420 0.05041888 0.05050285 0.05046518 0.05044396 0.05031417 0.05043360 0.05051482 0.05041004 0.05025919 0.05012933 0.05002233 0.04992710 0.04991948 0.04984177 0.04977291 0.04979249 0.04985821 0.04997276 0.05007784 0.05020790 0.05026375 0.05046732 0.05049879 0.05059334 0.05065132 0.05070212 0.05074189 0.05072781
0.05071796 0.05066737 0.05062112 0.05060452 0.05049426 0.05040416 0.05038078 0.05019868 0.05033440 0.05018671 0.05027231 0.05022749 0.05011106 0.04996945 0.04994387 0.04969205 0.04967139 0.04948598 0.04970992 0.04971561 0.04982371 0.04992413 0.05005067 0.05016965 0.05029121 0.05042097 0.05047230 0.05056748 0.05062782 0.05066050 0.05076129 0.05067021
0.05067893 0.05055237 0.05053408 0.05046486 0.05036046 0.05037219 0.05030131 0.05019803 0.05018392 0.05012246 0.05004485 0.04996060 0.04991590 0.04978636 0.04957666 0.04958989 0.04958342 0.04946643 0.04955335 0.04965994 0.04976931 0.04989966 0.05005315 0.05014798 0.05026914 0.05038599 0.05049831 0.05052973 0.05062971 0.05062073 0.05071911 0.05069610
0.05069802 0.05061642 0.05056159 0.05039459 0.05029767 0.05021782 0.05016550 0.05008259 0.05002898 0.04998805 0.04992974 0.04977576 0.04972969 0.04957619 0.04950628 0.04945329 0.04940553 0.04943753 0.04948504 0.04958017 0.04975978 0.04985787 0.05000375 0.05015572 0.05032508 0.05037723 0.05045896 0.05058668 0.05060756 0.05063514 0.05062322 0.05063925
0.05059196 0.05053782 0.05047722 0.05036004 0.05024228 0.05024735 0.05001973 0.04995012 0.04991175 0.04985544 0.04977641 0.04969228 0.04956359 0.04947157 0.04940680 0.04932003 0.04935173 0.04938855 0.04946248 0.04959969 0.04969056 0.04988298 0.05005145 0.05014835 0.05025444 0.05036728 0.05044222 0.05045063 0.05053796 0.05057711 0.05059721 0.05068292
0.05056656 0.05044353 0.05041568 0.05032709 0.05024701 0.05013057 0.04998016 0.04988750 0.04979071 0.04971938 0.04959385 0.04952771 0.04942572 0.04936799 0.04926926 0.04922374 0.04923144 0.04931279 0.04941065 0.04956510 0.04976957 0.04990045 0.04999678 0.05017524 0.05027458 0.05037214 0.05039064 0.05045144 0.05048644 0.05054485 0.05053602 0.05058119
0.05049846 0.05044055 0.05039178 0.05034135 0.05016106 0.05004196 0.04991018 0.04977299 0.04973195 0.04966663 0.04948243 0.04941659 0.04930945 0.04926464 0.04912328 0.04907235 0.04914752 0.04920547 0.04935559 0.04952987 0.04968996 0.04989993 0.04999179 0.05020687 0.05026639 0.05031532 0.05037008 0.05035516 0.05049516 0.05047872 0.05050605 0.05053107
0.05050022 0.05033380 0.05037214 0.05023139 0.05016534 0.05000907 0.04985747 0.04976661 0.04967478 0.04956191 0.04946486 0.04936279 0.04917933 0.04914806 0.04907990 0.04904017 0.04903381 0.04917736 0.04926110 0.04950727 0.04966575 0.04986044 0.04997733 0.05013090 0.05026098 0.05025555 0.05021079 0.05032288 0.05039209 0.05040449 0.05042309 0.05041155
0.05029821 0.05033592 0.05020811 0.05016439 0.05008594 0.04996047 0.04986826 0.04970890 0.04968720 0.04952499 0.04941209 0.04933572 0.04918340 0.04903733 0.04900443 0.04902096 0.04909156 0.04909587 0.04939764 0.04938819 0.04958824 0.04982770 0.04992372 0.05003810 0.05007895 0.05014342 0.05016324 0.05018226 0.05024176 0.05027211 0.05031598 0.05032733
0.05024099 0.05033799 0.05022917 0.05012915 0.05016973 0.04996615 0.04986008 0.04977448 0.04961968 0.04963272 0.04945437 0.04931833 0.04917208 0.04905658 0.04900487 0.04898317 0.04900160 0.04906644 0.04917191 0.04933998 0.04959579 0.04967879 0.04981857 0.04990625 0.04996346 0.05000149 0.05005061 0.05004536 0.05008540 0.05014426 0.05017609 0.05016790
0.05014691 0.05018018 0.05016885 0.05007224 0.04998055 0.04992285 0.04984387 0.04982031 0.04974653 0.04963097 0.04952561 0.04938890 0.04922596 0.04914111 0.04903572 0.04895772 0.04898774 0.04904662 0.04924823 0.04929272 0.04941747 0.04957972 0.04967454 0.04972533 0.04985027 0.04990558 0.04985036 0.04993540 0.04993597 0.05002198 0.05002958 0.05012176
0.05002788 0.05008339 0.05008680 0.04994044 0.04999574 0.04993293 0.04992710 0.04986540 0.04980348 0.04965577 0.04960434 0.04952116 0.04937520 0.04920680 0.04904085 0.04903279 0.04904880 0.04900983 0.04913108 0.04924114 0.04936522 0.04953545 0.04958385 0.04964612 0.04970927 0.04974072 0.04980531 0.04986107 0.04986282 0.04992656 0.04997432 0.05000200
0.05001697 0.04995191 0.05001667 0.05003640 0.05004745 0.04989343 0.04996530 0.04995739 0.04987163 0.04976298 0.04971507 0.04960512 0.04944673 0.04930592 0.04920139 0.04910521 0.04903630 0.04898456 0.04912042 0.04917376 0.04930393 0.04942174 0.04951425 0.04962171 0.04965581 0.04970028 0.04973601 0.04977298 0.04982878 0.04987098 0.04990887 0.04995459
0.04995028 0.04998042 0.05003248 0.05003597 0.04998709 0.04996811 0.04997084 0.04995125 0.04997742 0.04987508 0.04981413 0.04971633 0.04953344 0.04936457 0.04928681 0.04912520 0.04905824 0.04906867 0.04910011 0.04919034 0.04925167 0.04934783 0.04946296 0.04952241 0.04960212 0.04964378 0.04970606 0.04977767 0.04983962 0.04986435 0.04991837 0.04997479
0.04997152 0.04997298 0.04992458 0.04996807 0.05001500 0.05001915 0.04997353 0.04998172 0.04998638 0.04995702 0.04986384 0.04975623 0.04965017 0.04944797 0.04936419 0.04919156 0.04906509 0.04900907 0.04904105 0.04914796 0.04923523 0.04931345 0.04941232 0.04951198 0.04957370 0.04966825 0.04980186 0.04977876 0.04991520 0.04989388 0.04991704 0.04994084
0.05001476 0.04990168 0.05002839 0.04995929 0.04990618 0.04989397 0.04998783 0.05001564 0.04998487 0.05000213 0.04987122 0.04981916 0.04969798 0.04951517 0.04932346 0.04910719 0.04908993 0.04903285 0.04900143 0.04909734 0.04918902 0.04927569 0.04941965 0.04958647 0.04963462 0.04976410 0.04983935 0.04993854 0.05001346 0.05007349 0.05005031 0.05005896
0.05000047 0.05000684 0.04990901 0.04988987 0.04990214 0.04985775 0.04990941 0.04994303 0.04996302 0.04995280 0.04989345 0.04982519 0.04968531 0.04952242 0.04934062 0.04916761 0.04908614 0.04899145 0.04903194 0.04903074 0.04917535 0.04928072 0.04939907 0.04951317 0.04968843 0.04981938 0.04994358 0.05004481 0.05010868 0.05015417 0.05014482 0.05013987
0.05008253 0.04997876 0.04992254 0.04987795 0.04988814 0.04979418 0.04980861 0.04986142 0.04983963 0.04986021 0.04987109 0.04989032 0.04967179 0.04945475 0.04933012 0.04916195 0.04902443 0.04897860 0.04899092 0.04896307 0.04913634 0.04923532 0.04944925 0.04963701 0.04972715 0.04991448 0.05007971 0.05019937 0.05024855 0.05025736 0.05026202 0.05018834
0.05011849 0.05000214 0.04988930 0.04980006 0.04972819 0.04970244 0.04975305 0.04974867 0.04983118 0.04991439 0.04979970 0.04978948 0.04970218 0.04957486 0.04942265 0.04915933 0.04894684 0.04898663 0.04891429 0.04907116 0.04918898 0.04930640 0.04944637 0.04962305 0.04986191 0.04990596 0.05023634 0.05028289 0.05032151 0.05038248 0.05038249 0.05023453
0.05015233 0.04999028 0.04982967 0.04973296 0.04964780 0.04968988 0.04969003 0.04971359 0.04980184 0.04981564 0.04982380 0.04977076 0.04964824 0.04956431 0.04945424 0.04927685 0.04910770 0.04905317 0.04911567 0.04915237 0.04925547 0.04936750 0.04956065 0.04975436 0.04992635 0.05012750 0.05023520 0.05041052 0.05050395 0.05047812 0.05046633 0.05027331
0.05017295 0.05001414 0.04981207 0.04962123 0.04968002 0.04961980 0.04963280 0.04971964 0.04977689 0.04982759 0.04987855 0.04983987 0.04976997 0.04968096 0.04951234 0.04935679 0.04924034 0.04916964 0.04919941 0.04927367 0.04932091 0.04952469 0.04967813 0.04982355 0.05007068 0.05021420 0.05035730 0.05048975 0.05054356 0.05054136 0.05071939 0.05039897
0.05014972 0.05007284 0.04981318 0.04968637 0.04961786 0.04963902 0.04967731 0.04975918 0.04978476 0.04991494 0.04997623 0.04994021 0.04989128 0.04984330 0.04962250 0.04950446 0.04936560 0.04930186 0.04935413 0.04927270 0.04950391 0.04960024 0.04968206 0.04998349 0.05014824 0.05030168 0.05044285 0.05050940 0.05051479 0.05063247 0.05062791 0.05034668
0.05017689 0.05000039 0.04984846 0.04978148 0.04967955 0.04968855 0.04973340 0.04981212 0.04990697 0.05003692 0.05009908 0.05011948 0.05005114 0.04987897 0.04989822 0.04967243 0.04966317 0.04957711 0.04955374 0.04956358 0.04966865 0.04978152 0.04990273 0.05005413 0.05020379 0.05039092 0.05059021 0.05069539 0.05061374 0.05061141 0.05050846 0.05039618
0.05020529 0.05000318 0.04988563 0.04978451 0.04974408 0.04981661 0.04986027 0.05000412 0.05006278 0.05019844 0.05033500 0.05027345 0.05027380 0.05020790 0.05010676 0.04999004 0.04983085 0.04979425 0.04982600 0.04978169 0.04989680 0.04994224 0.04998076 0.05014268 0.05029633 0.05040320 0.05051551 0.05055335 0.05061528 0.05057500 0.05050446 0.05033110
0.05019259 0.05008558 0.04996431 0.04999586 0.04986852 0.04992919 0.05001390 0.05011603 0.05027385 0.05038226 0.05044104 0.05048312 0.05050218 0.05041087 0.05035774 0.05020873 0.05008644 0.04999875 0.05003465 0.04995598 0.04995240 0.04999477 0.05011627 0.05018485 0.05030444 0.05042124 0.05042251 0.05063622 0.05068061 0.05062051 0.05052136 0.05038471
0.05028866 0.05014708 0.05010400 0.05001406 0.05002977 0.05006659 0.05015835 0.05023844 0.05043070 0.05041038 0.05063869 0.05065297 0.05057804 0.05058017 0.05044658 0.05042602 0.05024163 0.05020504 0.05014761 0.05005675 0.05007276 0.05009766 0.05015979 0.05022467 0.05033627 0.05043699 0.05053454 0.05055034 0.05059263 0.05057840 0.05043396 0.05038283
0.05038054 0.05026711 0.05024022 0.05016754 0.05015402 0.05019087 0.05029780 0.05044938 0.05054286 0.05064849 0.05066065 0.05079535 0.05072603 0.05064843 0.05056550 0.05043981 0.05044879 0.05028309 0.05017999 0.05015698 0.05022348 0.05015646 0.05018723 0.05024725 0.05030466 0.05041991 0.05047656 0.05057906 0.05058601 0.05058967 0.05053232 0.05047107
0.05047988 0.05039454 0.05041254 0.05027563 0.05032777 0.05035213 0.05041413 0.05052249 0.05060784 0.05075044 0.05077858 0.05078072 0.05080864 0.05067890 0.05063495 0.05046345 0.05040331 0.05029577 0.05024437 0.05018928 0.05016959 0.05012073 0.05019124 0.05025290 0.05033705 0.05040840 0.05048759 0.05056869 0.05061245 0.05062650 0.05061663 0.05056307
0.05056957 0.05045653 0.05045873 0.05036082 0.05042734 0.05047123 0.05046498 0.05060184 0.05074595 0.05078021 0.05079994 0.05082548 0.05077588 0.05067240 0.05056146 0.05046834 0.05041255 0.05025107 0.05018403 0.05015108 0.05013439 0.05014011 0.05014895 0.05028113 0.05030718 0.05042170 0.05050579 0.05053420 0.05064316 0.05066113 0.05052972 0.05060708
0.05063001 0.05057447 0.05057697 0.05035448 0.05049035 0.05050203 0.05058223 0.05063828 0.05081362 0.05072907 0.05081849 0.05069203 0.05064813 0.05060811 0.05049974 0.05036741 0.05032296 0.05019677 0.05011554 0.05009457 0.05009379 0.05008611 0.05015458 0.05023042 0.05034049 0.05042710 0.05052597 0.05055866 0.05050922 0.05065849 0.05065775 0.05067866
0.05067545 0.05065603 0.05065345 0.05060476 0.05055283 0.05058831 0.05057814 0.05063233 0.05068189 0.05068620 0.05063058 0.05071905 0.05057266 0.05041535 0.05034389 0.05020392 0.05022347 0.05003301 0.05000884 0.05003886 0.05002665 0.05001723 0.05018545 0.05020791 0.05030724 0.05041617 0.05052311 0.05060599 0.05066672 0.05072972 0.05074928 0.05071216
