32 32 0.05112 1.3559
0.05376817 0.05336702 0.05315241 0.05282536 0.05265524 0.05261621 0.05271256 0.05265526 0.05280086 0.05292150 0.05293337 0.05298447 0.05297578 0.05310071 0.05329289 0.05358335 0.05396596 0.05451185 0.05501944 0.05543193 0.05558364 0.05553975 0.05563810 0.05548117 0.05530394 0.05518818 0.05495524 0.05484461 0.05474536 0.05460481 0.05434082 0.05409408
0.05342466 0.05307556 0.05275170 0.05248952 0.05227531 0.05223330 0.05219661 0.05205529 0.05212506 0.05232717 0.05255107 0.05246643 0.05235055 0.05237717 0.05272074 0.05309091 0.05367620 0.05418427 0.05460538 0.05524328 0.05552779 0.05552306 0.05557991 0.05536686 0.05509238 0.05500504 0.05476449 0.05456206 0.05437183 0.05422962 0.05402435 0.05374243
0.05308320 0.05274908 0.05243522 0.05227064 0.05201089 0.05178940 0.05181673 0.05137759 0.05175084 0.05169385 0.05170416 0.05153475 0.05164928 0.05178953 0.05212606 0.05242725 0.05308716 0.05349230 0.05433983 0.05489472 0.05510838 0.05538551 0.05535828 0.05511240 0.05485704 0.05468089 0.05436881 0.05423400 0.05405178 0.05382729 0.05365556 0.05327797
0.05291585 0.05259069 0.05229863 0.05210807 0.05179584 0.05170494 0.05157617 0.05151712 0.05141059 0.05135067 0.05126530 0.05111984 0.05116637 0.05130349 0.05162178 0.05218111 0.05278783 0.05346332 0.05412718 0.05491613 0.05511619 0.05527774 0.05520195 0.05499859 0.05469113 0.05448337 0.05414505 0.05397845 0.05387384 0.05362297 0.05343231 0.05319230
0.05430634 0.05396353 0.05380586 0.05346478 0.05322539 0.05305577 0.05288588 0.05273240 0.05255315 0.05240818 0.05231525 0.05216297 0.05218785 0.05227876 0.05266135 0.05320168 0.05389852 0.05469510 0.05534830 0.05598821 0.05648760 0.05650755 0.05654082 0.05627692 0.05599935 0.05566106 0.05539318 0.05505675 0.05490004 0.05478373 0.05460469 0.05437796
0.06040113 0.06016284 0.05993480 0.05962459 0.05945980 0.05929159 0.05900635 0.05882236 0.05852667 0.05822228 0.05810993 0.05802116 0.05803818 0.05820816 0.05860612 0.05910129 0.05987361 0.06068068 0.06136796 0.06208468 0.06244405 0.06269047 0.06259296 0.06239380 0.06202498 0.06163579 0.06140849 0.06108239 0.06077984 0.06068451 0.06056322 0.06060607
0.07662561 0.07626189 0.07604660 0.07585273 0.07538781 0.07526401 0.07493987 0.07455952 0.07426277 0.07413410 0.07391240 0.07382958 0.07385654 0.07398820 0.07449683 0.07508661 0.07597906 0.07646884 0.07740592 0.07800539 0.07847784 0.07856416 0.07834959 0.07848016 0.07790760 0.07768483 0.07702953 0.07691990 0.07667412 0.07690894 0.07679505 0.07654370
0.10910022 0.10928394 0.10908532 0.10866945 0.10814754 0.10782015 0.10732094 0.10752012 0.10689819 0.10625560 0.10640849 0.10604569 0.10620116 0.10647995 0.10703807 0.10806905 0.10831147 0.10874470 0.10972707 0.11026084 0.11082156 0.11089596 0.11047161 0.11047105 0.11018246 0.10938774 0.10960425 0.10944551 0.10931632 0.10899954 0.10935705 0.10855604
0.16553420 0.16522552 0.16538643 0.16448504 0.16422707 0.16423076 0.16341772 0.16291077 0.16313788 0.16219517 0.16187004 0.16199063 0.16190633 0.16218672 0.16236785 0.16334158 0.16312846 0.16454805 0.16423005 0.16506889 0.16589699 0.16624124 0.16592533 0.16570292 0.16485416 0.16534387 0.16550443 0.16497770 0.16438978 0.16444561 0.16496029 0.16580204
0.24928039 0.25152724 0.24864399 0.24974979 0.25073554 0.24961427 0.24895799 0.24898106 0.25044807 0.24749012 0.24677917 0.24745717 0.24515665 0.24940689 0.24753847 0.24833944 0.24699165 0.25001554 0.24993424 0.25158995 0.25215022 0.25163200 0.25084706 0.25159107 0.25149713 0.25082177 0.25039637 0.25016245 0.25130224 0.25063134 0.25006319 0.25130460
0.37168866 0.36739446 0.37050771 0.37182215 0.36783306 0.36982596 0.36907590 0.36941552 0.36751191 0.36975885 0.36597577 0.36995834 0.36625579 0.36822591 0.36652360 0.36576579 0.36973305 0.37029128 0.37173959 0.37112782 0.36977571 0.37167146 0.36964216 0.37037742 0.37041683 0.37059257 0.36784690 0.36914401 0.37041358 0.36929555 0.37165799 0.36809477
0.52489856 0.52414119 0.52569628 0.52844948 0.53092720 0.52481955 0.52600513 0.52331993 0.52511951 0.52326414 0.51996097 0.52116863 0.51813540 0.52565190 0.52313082 0.52905049 0.52206656 0.52712002 0.52755641 0.52468051 0.52667016 0.52530566 0.51974108 0.53150600 0.52574225 0.52178004 0.52502064 0.52426567 0.52746435 0.52415840 0.52831483 0.52467922
0.71117403 0.71196729 0.70629083 0.71396167 0.70822047 0.70638902 0.70365744 0.70655699 0.70833635 0.70553119 0.70788067 0.71085659 0.70017787 0.70874825 0.71351673 0.71187361 0.70891705 0.70302562 0.70873465 0.70971235 0.70724002 0.71350320 0.70390164 0.70964219 0.69812146 0.70663399 0.70482864 0.70429541 0.70579337 0.70863372 0.70393090 0.70688964
0.90416675 0.90639533 0.91168709 0.89592322 0.91558739 0.89294098 0.90830016 0.89880532 0.90361195 0.90770150 0.89991650 0.90943555 0.90977172 0.90557385 0.89967815 0.90675303 0.90505127 0.88920615 0.90972268 0.91189103 0.90552881 0.90474371 0.89665337 0.91266024 0.90462679 0.89786698 0.89993455 0.90577952 0.90624140 0.90479539 0.90919209 0.89777292
1.08767730 1.09821463 1.11084497 1.11287183 1.10076885 1.09380425 1.09364146 1.09992629 1.10453458 1.08736662 1.09248721 1.09056152 1.11145866 1.10933993 1.12359929 1.08344531 1.09862033 1.09295917 1.08994270 1.10477140 1.08670686 1.08593871 1.10000658 1.09625881 1.09647474 1.08698410 1.10382081 1.09321205 1.09416309 1.09384417 1.10463040 1.10491844
1.24774467 1.26361577 1.25195164 1.26694425 1.26522879 1.24486575 1.25837133 1.25792537 1.25483018 1.26011004 1.26150609 1.24753460 1.26629644 1.26769744 1.26730163 1.25320746 1.25463300 1.25421556 1.23934558 1.23687945 1.25035017 1.26590414 1.24840743 1.27784944 1.24571046 1.23190711 1.26224208 1.27690092 1.26982677 1.26298685 1.23960151 1.24437318
1.37523448 1.35854452 1.39141158 1.36533881 1.36544737 1.37071190 1.35934518 1.34764648 1.35959999 1.36091056 1.36790884 1.36258570 1.35725144 1.35050169 1.36679607 1.37133873 1.35901575 1.36184011 1.34065216 1.35103653 1.36157722 1.35848957 1.34591073 1.37784785 1.36182086 1.35454759 1.35793133 1.37067535 1.35658373 1.37316001 1.36895335 1.34704139
1.39847699 1.40576638 1.40005669 1.39944552 1.39768933 1.38985476 1.39078812 1.39022588 1.38381440 1.38957179 1.39073911 1.39215022 1.39239046 1.39748586 1.38899721 1.39514350 1.39517866 1.39703661 1.38542261 1.39134270 1.39064896 1.39026195 1.39048172 1.39027195 1.39455742 1.39583802 1.39570353 1.39987081 1.39502867 1.40056887 1.40697446 1.39107348
1.35847836 1.35470292 1.35509629 1.34378148 1.33587232 1.32684959 1.33009244 1.34410223 1.34030695 1.34615065 1.34187457 1.34376678 1.33567417 1.35376603 1.34612764 1.35288060 1.34597956 1.33673217 1.35677034 1.36559398 1.34483006 1.35892949 1.34683717 1.34077037 1.36861481 1.34565147 1.33126568 1.34863563 1.35383301 1.35689996 1.36693913 1.36163842
1.24448412 1.24268639 1.25137520 1.24073605 1.22444034 1.23645251 1.21426757 1.22945038 1.22522361 1.20764030 1.21437313 1.23440201 1.24060336 1.25590732 1.24743420 1.22672895 1.26596075 1.22440928 1.26581758 1.23051744 1.24197461 1.22793529 1.22881201 1.24634990 1.23151727 1.26375403 1.25236425 1.24532679 1.24855488 1.24283618 1.23467379 1.23571097
1.09576638 1.06790933 1.07296689 1.07530689 1.05358938 1.06510590 1.06777475 1.07717961 1.08423057 1.07134181 1.07285114 1.05157579 1.06666142 1.07562435 1.09918085 1.07884146 1.06761269 1.07384714 1.06479101 1.07681461 1.06604273 1.05618614 1.06398746 1.07774829 1.06382012 1.08086338 1.07773290 1.06787245 1.07875844 1.08949168 1.08129671 1.07897218
0.88299331 0.88724173 0.88039925 0.86233916 0.86613864 0.87636588 0.87455372 0.87270869 0.86454012 0.86002263 0.86839274 0.87214057 0.87855686 0.88052631 0.88135110 0.88097902 0.87369070 0.87720961 0.86489361 0.86615578 0.88270361 0.87616244 0.87252510 0.87868178 0.88708934 0.88622751 0.87922881 0.88960048 0.87822140 0.88177447 0.87261562 0.88688496
0.67996708 0.67715528 0.68071953 0.67789661 0.68264206 0.67543057 0.67308506 0.67398020 0.67008773 0.67751295 0.67637819 0.68112323 0.67227748 0.68453344 0.68157162 0.68238616 0.68456371 0.68262775 0.67701983 0.68396348 0.68255320 0.68436059 0.68644502 0.68644607 0.68266150 0.68266936 0.68448771 0.67698387 0.67343084 0.68848567 0.69329689 0.67837320
0.50165890 0.50314187 0.49998612 0.50199356 0.49761278 0.49939475 0.49336154 0.50153705 0.49923788 0.50052717 0.50000046 0.49838600 0.49791620 0.50256272 0.50069723 0.49710358 0.50179947 0.50058161 0.50334140 0.50164246 0.50208859 0.50348881 0.50163613 0.50539329 0.50017969 0.50520945 0.50344412 0.50746059 0.50569179 0.50632518 0.50070202 0.50133248
0.35389172 0.35374104 0.35262868 0.35188473 0.35115795 0.34692470 0.35022751 0.34730276 0.34803651 0.34741489 0.34873038 0.35107598 0.35105171 0.35202716 0.35265491 0.35304778 0.35108615 0.35261645 0.35220546 0.35195953 0.35336030 0.35111861 0.35533901 0.35397329 0.35492681 0.35324853 0.35507318 0.35677500 0.35531276 0.35460131 0.35563907 0.35281747
0.23841583 0.23805671 0.23725174 0.23434812 0.23603235 0.23431569 0.23523492 0.23534321 0.23582244 0.23519332 0.23594538 0.23442565 0.23668926 0.23750480 0.23824018 0.23551089 0.23758538 0.23689616 0.23696425 0.23758563 0.23782339 0.23668874 0.23918475 0.23987990 0.23994007 0.24032117 0.24202416 0.24047760 0.24160621 0.24090394 0.23984289 0.24042980
0.15752270 0.15697344 0.15653065 0.15549658 0.15566440 0.15518494 0.15504965 0.15520215 0.15574102 0.15611697 0.15616579 0.15615033 0.15570586 0.15644979 0.15620331 0.15597675 0.15634088 0.15636996 0.15720587 0.15643716 0.15778697 0.15771254 0.15834670 0.15864572 0.15795777 0.15854115 0.15941486 0.15990309 0.16037353 0.15953976 0.15794956 0.15808019
0.10599297 0.10538848 0.10491234 0.10442134 0.10371500 0.10308985 0.10357173 0.10388036 0.10407967 0.10443011 0.10490939 0.10441354 0.10475999 0.10431762 0.10466386 0.10456288 0.10499548 0.10491733 0.10499389 0.10568369 0.10605024 0.10596451 0.10617485 0.10619667 0.10665455 0.10632560 0.10686529 0.10664790 0.10721795 0.10689686 0.10670196 0.10648886
0.07591098 0.07549310 0.07512345 0.07459915 0.07432386 0.07412648 0.07429071 0.07446937 0.07465961 0.07512832 0.07511472 0.07527590 0.07531836 0.07526515 0.07535778 0.07520399 0.07546693 0.07558994 0.07578476 0.07595627 0.07622843 0.07620208 0.07643553 0.07655748 0.07662566 0.07655238 0.07658682 0.07677027 0.07673131 0.07693806 0.07684715 0.07642207
0.06135157 0.06096299 0.06059352 0.06024856 0.06012116 0.06009260 0.06018356 0.06027842 0.06060840 0.06079418 0.06089435 0.06094434 0.06095582 0.06081071 0.06090996 0.06096526 0.06110603 0.06154053 0.06182560 0.06207314 0.06229501 0.06238923 0.06233148 0.06238989 0.06233726 0.06220738 0.06219521 0.06222406 0.06216816 0.06217540 0.06211470 0.06173145
0.05575976 0.05541451 0.05508081 0.05467322 0.05468191 0.05464600 0.05475530 0.05488655 0.05520035 0.05517093 0.05534034 0.05549094 0.05534488 0.05537591 0.05549115 0.05566990 0.05604764 0.05634176 0.05669251 0.05699861 0.05716347 0.05713166 0.05715998 0.05702599 0.05697001 0.05683469 0.05679681 0.05675867 0.05654311 0.05660329 0.05638103 0.05607460
0.05416963 0.05381560 0.05345499 0.05326841 0.05306855 0.05304649 0.05309436 0.05325644 0.05339000 0.05370021 0.05352105 0.05369567 0.05356695 0.05367396 0.05387176 0.05408914 0.05440898 0.05490840 0.05530173 0.05570370 0.05593708 0.05600976 0.05598185 0.05561407 0.05557912 0.05546486 0.05531671 0.05527484 0.05524936 0.05506786 0.05485768 0.05449955
