32 32 0.049199 0.36618
0.05825621 0.05716828 0.05609098 0.05497422 0.05401506 0.05328255 0.05277548 0.05229116 0.05205718 0.05192289 0.05184152 0.05184892 0.05187907 0.05213466 0.05253759 0.05311873 0.05383806 0.05484995 0.05582950 0.05675539 0.05745301 0.05791403 0.05856476 0.05888519 0.05928565 0.05960992 0.05981609 0.06005888 0.06018247 0.06016808 0.05968575 0.05911061
0.05765268 0.05663068 0.05548376 0.05431042 0.05346780 0.05272205 0.05212184 0.05154858 0.05132163 0.05126436 0.05140307 0.05131933 0.05124821 0.05148452 0.05199288 0.05267525 0.05363873 0.05458148 0.05550818 0.05666059 0.05741207 0.05802359 0.05859891 0.05895168 0.05916780 0.05953607 0.05967050 0.05977356 0.05975081 0.05963585 0.05923671 0.05850290
0.05703042 0.05596148 0.05487898 0.05396418 0.05292357 0.05205796 0.05153157 0.05075528 0.05080065 0.05050081 0.05048827 0.05034917 0.05056408 0.05085517 0.05141301 0.05208845 0.05303557 0.05398199 0.05523534 0.05635087 0.05714174 0.05796445 0.05847729 0.05875969 0.05897281 0.05925532 0.05927795 0.05935591 0.05930519 0.05900060 0.05863657 0.05776775
0.05632181 0.05530350 0.05424185 0.05328669 0.05222704 0.05151772 0.05090640 0.05048457 0.05007142 0.04986031 0.04976447 0.04967077 0.04983707 0.05019066 0.05067044 0.05161426 0.05259709 0.05375514 0.05491038 0.05627012 0.05697837 0.05774757 0.05821663 0.05852410 0.05871275 0.05888435 0.05888515 0.05889269 0.05876278 0.05838151 0.05791017 0.05722966
0.05588183 0.05492276 0.05391075 0.05284178 0.05195336 0.05119604 0.05056725 0.05005408 0.04967091 0.04945015 0.04930077 0.04919873 0.04936680 0.04970196 0.05029567 0.05116190 0.05227665 0.05347482 0.05466722 0.05580299 0.05692389 0.05754932 0.05814549 0.05847003 0.05863100 0.05870231 0.05868657 0.05865230 0.05839286 0.05797211 0.05742032 0.05664550
0.05663464 0.05569994 0.05472878 0.05367612 0.05286445 0.05216250 0.05144386 0.05095114 0.05050631 0.05015389 0.04996872 0.04994840 0.05004933 0.05043054 0.05100859 0.05185681 0.05294561 0.05415139 0.05532382 0.05659238 0.05753227 0.05840474 0.05898957 0.05929843 0.05947149 0.05952779 0.05949136 0.05925732 0.05896696 0.05863669 0.05810402 0.05748886
0.06022358 0.05925240 0.05839959 0.05746895 0.05657757 0.05583401 0.05516235 0.05454874 0.05404072 0.05356027 0.05346584 0.05336953 0.05346050 0.05379063 0.05439028 0.05512781 0.05631523 0.05743600 0.05869008 0.05986892 0.06093807 0.06174354 0.06232643 0.06280267 0.06292717 0.06303551 0.06279563 0.06272008 0.06234608 0.06213325 0.06160200 0.06091742
0.06838737 0.06770970 0.06684685 0.06595641 0.06501774 0.06423659 0.06346996 0.06298120 0.06239608 0.06185771 0.06163299 0.06139356 0.06141978 0.06171156 0.06224476 0.06313095 0.06402057 0.06511775 0.06637150 0.06756151 0.06870133 0.06951237 0.07002670 0.07054662 0.07085833 0.07072065 0.07090895 0.07075727 0.07060306 0.07002788 0.06968383 0.06872156
0.08305863 0.08193344 0.08167730 0.08066481 0.07993395 0.07915230 0.07827229 0.07757173 0.07711111 0.07642605 0.07599455 0.07577459 0.07558713 0.07585220 0.07624888 0.07705307 0.07767189 0.07898150 0.07987994 0.08117438 0.08232563 0.08326996 0.08397258 0.08447538 0.08473235 0.08506575 0.08487222 0.08491917 0.08465509 0.08429201 0.08402721 0.08375060
0.10523532 0.10526502 0.10376305 0.10338523 0.10293584 0.10198254 0.10106655 0.10048072 0.10021449 0.09897086 0.09832228 0.09827011 0.09743716 0.09841881 0.09822914 0.09885115 0.09925444 0.10070478 0.10177131 0.10298720 0.10407383 0.10488859 0.10555964 0.10645882 0.10673562 0.10699180 0.10707887 0.10700940 0.10720358 0.10675593 0.10632319 0.10623576
0.13797768 0.13635064 0.13662603 0.13633577 0.13482744 0.13432383 0.13343696 0.13279887 0.13170561 0.13155948 0.13008920 0.13075679 0.12937094 0.12986439 0.12947629 0.12959585 0.13105722 0.13197700 0.13326536 0.13388246 0.13459469 0.13594296 0.13633424 0.13725152 0.13782486 0.13834614 0.13792562 0.13840712 0.13853618 0.13822115 0.13864658 0.13753378
0.17918878 0.17882047 0.17822055 0.17853161 0.17829605 0.17597747 0.17579080 0.17437561 0.17386647 0.17308729 0.17168174 0.17111422 0.17028179 0.17170490 0.17097326 0.17288645 0.17144226 0.17334162 0.17416477 0.17431378 0.17582262 0.17641406 0.17606367 0.17928706 0.17896480 0.17855279 0.17947208 0.17960402 0.18063146 0.17966193 0.18062466 0.17970254
0.22969605 0.22907214 0.22768862 0.22851942 0.22627197 0.22509513 0.22454933 0.22452940 0.22362119 0.22277530 0.22174201 0.22168777 0.21929695 0.22062645 0.22184373 0.22123109 0.22172156 0.22111627 0.22243781 0.22347302 0.22416150 0.22650939 0.22543541 0.22727431 0.22603155 0.22830186 0.22818706 0.22804220 0.22903414 0.22923088 0.22862378 0.22971492
0.28077600 0.28318147 0.28329381 0.27856878 0.28246964 0.27579834 0.27850393 0.27757692 0.27717394 0.27608840 0.27357635 0.27561561 0.27393642 0.27432111 0.27343689 0.27442108 0.27344677 0.27194393 0.27669943 0.27814463 0.27744872 0.27860652 0.27901139 0.28257370 0.28161683 0.28039572 0.28171187 0.28364039 0.28167146 0.28290393 0.28330809 0.28109008
0.33236965 0.33439093 0.33499704 0.33498077 0.33165736 0.32889635 0.32845743 0.33032340 0.32907481 0.32488107 0.32587760 0.32424369 0.32741028 0.32860946 0.33031160 0.32472038 0.32731158 0.32725864 0.32609100 0.32941975 0.32888557 0.32836604 0.33225614 0.33263932 0.33375939 0.33370968 0.33715664 0.33418103 0.33487126 0.33508156 0.33612950 0.33702394
0.37498914 0.37705963 0.37581005 0.37568360 0.37553571 0.37339270 0.37294839 0.37216890 0.37044603 0.37121125 0.36998759 0.36578178 0.36999964 0.37000219 0.37030848 0.36857210 0.36721411 0.37131565 0.36815037 0.36752780 0.37535565 0.37642615 0.37565867 0.37825367 0.37535566 0.37618106 0.37953829 0.38294568 0.38239979 0.37747488 0.37450027 0.37684610
0.40674782 0.40111093 0.40780183 0.40100054 0.40250904 0.40139282 0.39861088 0.39629249 0.39689232 0.39629568 0.39610383 0.39501882 0.39393866 0.39428765 0.39635420 0.39927959 0.39710117 0.39867295 0.39582789 0.39597812 0.40375019 0.40325511 0.40071760 0.40847622 0.40603020 0.40651198 0.40540395 0.40833863 0.40435943 0.40896410 0.40769822 0.40512267
0.41024509 0.41124035 0.40883552 0.40782444 0.40647363 0.40422713 0.40415263 0.40304677 0.40237096 0.40262807 0.40267655 0.40271386 0.40255007 0.40338601 0.40266873 0.40400756 0.40557601 0.40659270 0.40692222 0.40938536 0.41033174 0.41082460 0.41296404 0.41413310 0.41467289 0.41512212 0.41534936 0.41538085 0.41445846 0.41451864 0.41455641 0.41219758
0.39637024 0.39691425 0.39548278 0.39099156 0.38929194 0.38545930 0.38469863 0.38721736 0.38585258 0.38695655 0.38631837 0.38608643 0.38777601 0.39266881 0.39095649 0.39213774 0.39265379 0.39045162 0.39686050 0.39830349 0.39647022 0.40430086 0.40021331 0.39507112 0.40616436 0.40048968 0.39717137 0.39914166 0.40360579 0.40397732 0.40293651 0.39900612
0.36725017 0.36331347 0.36473839 0.36097582 0.35460792 0.35888724 0.35353097 0.35243228 0.35445838 0.35172938 0.35332762 0.35744019 0.36041163 0.36108425 0.36202106 0.35749938 0.36414425 0.35834477 0.36853448 0.36355901 0.36595753 0.36652911 0.36473805 0.37060405 0.36855444 0.37446961 0.37251001 0.36823227 0.37149679 0.36913708 0.36728605 0.36588209
0.32181569 0.31637399 0.31457699 0.31472685 0.30896428 0.30871595 0.31027184 0.31009053 0.31201806 0.31041181 0.31004875 0.30826457 0.31093743 0.31138036 0.31700915 0.31398306 0.31342777 0.31594814 0.31548997 0.32056716 0.32097133 0.31941665 0.32107559 0.32242687 0.32225702 0.32398528 0.32477548 0.32349004 0.32476133 0.32523140 0.32249552 0.32161180
0.26637425 0.26602268 0.26176552 0.25827208 0.25780451 0.25921547 0.25702171 0.25628731 0.25500233 0.25521580 0.25702780 0.25771483 0.25940594 0.26102405 0.26091046 0.26193178 0.26168921 0.26408974 0.26237284 0.26442491 0.26864499 0.26696073 0.26757696 0.26899582 0.27087588 0.27112753 0.27043909 0.27219166 0.26918013 0.26870294 0.26704251 0.26930161
0.21308440 0.21194367 0.21012247 0.20886368 0.20784399 0.20555617 0.20454599 0.20509573 0.20463231 0.20564866 0.20630464 0.20753268 0.20584872 0.20890398 0.20836437 0.20908278 0.21068917 0.21176776 0.21130066 0.21361349 0.21448236 0.21510938 0.21674216 0.21728690 0.21684139 0.21706472 0.21766791 0.21587068 0.21572930 0.21829382 0.21839259 0.21395294
0.16686095 0.16572968 0.16370210 0.16258472 0.16080841 0.16032744 0.15855829 0.16005654 0.15981459 0.16029850 0.16037249 0.16023663 0.16041019 0.16186113 0.16154646 0.16165635 0.16301364 0.16388595 0.16511643 0.16575091 0.16670298 0.16771897 0.16787382 0.16904262 0.16824078 0.17004409 0.16954666 0.17088930 0.17079343 0.17048765 0.16872239 0.16786639
0.12945368 0.12811977 0.12656278 0.12511583 0.12388247 0.12238733 0.12245990 0.12180908 0.12178108 0.12185347 0.12248119 0.12291582 0.12312368 0.12360950 0.12408262 0.12455055 0.12454005 0.12582965 0.12632119 0.12703228 0.12821678 0.12811680 0.12964885 0.12972123 0.13030371 0.13038899 0.13136242 0.13205934 0.13192415 0.13186178 0.13172477 0.13021366
0.10100674 0.09971860 0.09828595 0.09652451 0.09585850 0.09471969 0.09448799 0.09427780 0.09431923 0.09434007 0.09457550 0.09427929 0.09497992 0.09527159 0.09572952 0.09540348 0.09626991 0.09671643 0.09747578 0.09821478 0.09875287 0.09914226 0.10013932 0.10073137 0.10116570 0.10175333 0.10269109 0.10297658 0.10357565 0.10337440 0.10296862 0.10229643
0.08151622 0.08029872 0.07913125 0.07772018 0.07677977 0.07594185 0.07546873 0.07525049 0.07540812 0.07535300 0.07534840 0.07560705 0.07534834 0.07575736 0.07582378 0.07608719 0.07652468 0.07716567 0.07790733 0.07836311 0.07917079 0.07964141 0.08019009 0.08069686 0.08095610 0.08167811 0.08239614 0.08311130 0.08363205 0.08363842 0.08270836 0.08249324
0.06953741 0.06831649 0.06715774 0.06595266 0.06480171 0.06396280 0.06364665 0.06345417 0.06341934 0.06348796 0.06355643 0.06346118 0.06356699 0.06350312 0.06372643 0.06397700 0.06446557 0.06502865 0.06553442 0.06632975 0.06687335 0.06736682 0.06777567 0.06823108 0.06885468 0.06932567 0.06997144 0.07056476 0.07100330 0.07124850 0.07101294 0.07046045
0.06297697 0.06178311 0.06065882 0.05942638 0.05846918 0.05770282 0.05723736 0.05704889 0.05689398 0.05703961 0.05694702 0.05695772 0.05697431 0.05694094 0.05710395 0.05741560 0.05789621 0.05846718 0.05906059 0.05969376 0.06028663 0.06070649 0.06120578 0.06165715 0.06213517 0.06265930 0.06321470 0.06382831 0.06421857 0.06452517 0.06434102 0.06370828
0.06005138 0.05897574 0.05783487 0.05662950 0.05573284 0.05503062 0.05449547 0.05422998 0.05420734 0.05412925 0.05400257 0.05407034 0.05406318 0.05407835 0.05431202 0.05461078 0.05516385 0.05581261 0.05648777 0.05717086 0.05778661 0.05830223 0.05864636 0.05914065 0.05959445 0.06006223 0.06059335 0.06107227 0.06154109 0.06168407 0.06151008 0.06089857
0.05909200 0.05796752 0.05692237 0.05562890 0.05486854 0.05412491 0.05360077 0.05329075 0.05319880 0.05301368 0.05299357 0.05309631 0.05297348 0.05310489 0.05336845 0.05381740 0.05451367 0.05517283 0.05596704 0.05674683 0.05738620 0.05784490 0.05833376 0.05866368 0.05913321 0.05954331 0.06001720 0.06043028 0.06059631 0.06081796 0.06053689 0.05993595
0.05866869 0.05761110 0.05648904 0.05538875 0.05441961 0.05366762 0.05315959 0.05282819 0.05261621 0.05265282 0.05238386 0.05246734 0.05236508 0.05261964 0.05298231 0.05345108 0.05407839 0.05500314 0.05591151 0.05677497 0.05751111 0.05809187 0.05855595 0.05876170 0.05921541 0.05959189 0.05992205 0.06035128 0.06068099 0.06050323 0.06025475 0.05954412
