32 32 0.079559 0.052994
0.09320020 0.09148430 0.08983533 0.08809109 0.08650681 0.08530016 0.08432298 0.08344058 0.08309651 0.08290820 0.08314067 0.08364768 0.08416988 0.08520034 0.08658522 0.08801488 0.08971006 0.09154278 0.09325919 0.09482583 0.09592500 0.09663982 0.09729917 0.09762064 0.09779686 0.09779073 0.09773884 0.09744173 0.09716327 0.09669867 0.09567526 0.09460342
0.09277056 0.09110691 0.08931830 0.08762383 0.08606553 0.08477731 0.08365954 0.08276486 0.08237136 0.08234517 0.08269697 0.08308000 0.08369073 0.08462650 0.08605187 0.08765939 0.08949272 0.09130215 0.09284711 0.09453919 0.09573150 0.09654107 0.09723334 0.09752272 0.09753754 0.09770015 0.09754248 0.09728498 0.09688687 0.09632824 0.09542501 0.09411375
0.09222285 0.09053303 0.08877616 0.08733732 0.08555738 0.08409165 0.08312457 0.08195132 0.08186005 0.08163657 0.08182033 0.08225630 0.08297280 0.08404065 0.08540084 0.08691684 0.08873252 0.09028473 0.09231976 0.09390909 0.09500681 0.09610468 0.09671954 0.09693418 0.09700408 0.09723075 0.09699134 0.09678144 0.09637042 0.09562253 0.09494876 0.09358286
0.09146747 0.08985085 0.08807984 0.08654234 0.08487763 0.08351063 0.08238638 0.08163373 0.08108668 0.08088715 0.08106408 0.08147005 0.08219761 0.08320346 0.08453265 0.08632416 0.08816104 0.08981767 0.09155919 0.09331902 0.09437797 0.09533123 0.09591647 0.09616204 0.09625393 0.09639413 0.09614989 0.09619302 0.09569156 0.09494501 0.09406563 0.09292695
0.09082734 0.08919338 0.08754791 0.08577650 0.08423545 0.08295332 0.08181935 0.08093414 0.08041470 0.08023330 0.08039335 0.08071563 0.08157694 0.08260601 0.08398598 0.08557493 0.08732792 0.08912990 0.09078555 0.09223626 0.09363163 0.09439454 0.09504739 0.09541153 0.09549967 0.09551541 0.09547253 0.09531433 0.09493613 0.09421968 0.09328910 0.09206356
0.09026426 0.08878089 0.08711497 0.08544298 0.08395234 0.08276272 0.08146516 0.08057423 0.08001883 0.07975138 0.07989418 0.08031746 0.08108972 0.08220619 0.08353204 0.08507380 0.08682995 0.08847831 0.09005663 0.09160573 0.09276712 0.09366212 0.09435492 0.09460188 0.09480935 0.09486196 0.09478355 0.09441005 0.09416838 0.09358810 0.09270758 0.09172765
0.09017093 0.08860323 0.08718301 0.08549185 0.08396135 0.08259435 0.08142858 0.08052677 0.07993090 0.07955889 0.07977301 0.08023569 0.08098310 0.08208812 0.08340342 0.08472835 0.08654470 0.08821753 0.08978689 0.09117214 0.09233300 0.09320302 0.09384405 0.09424373 0.09444314 0.09450961 0.09436943 0.09424046 0.09380234 0.09334702 0.09248625 0.09144241
0.09067693 0.08929957 0.08773019 0.08618924 0.08455844 0.08317888 0.08194626 0.08113841 0.08050819 0.08021158 0.08028540 0.08071572 0.08144872 0.08248300 0.08377077 0.08536720 0.08685361 0.08849943 0.08992167 0.09131834 0.09249899 0.09336043 0.09389444 0.09444047 0.09468136 0.09459328 0.09474311 0.09458437 0.09433248 0.09371091 0.09296191 0.09169072
0.09217615 0.09019905 0.08926883 0.08751094 0.08603074 0.08454057 0.08325957 0.08238152 0.08179470 0.08144805 0.08151830 0.08194243 0.08262265 0.08366719 0.08495991 0.08645614 0.08780864 0.08942512 0.09068349 0.09204842 0.09324962 0.09417996 0.09488279 0.09535644 0.09562812 0.09584035 0.09558979 0.09573353 0.09548900 0.09500724 0.09425290 0.09323820
0.09437453 0.09306316 0.09140786 0.08975359 0.08818843 0.08673195 0.08541421 0.08446084 0.08391723 0.08348752 0.08358320 0.08400404 0.08457724 0.08568485 0.08699275 0.08841925 0.08972938 0.09125794 0.09272488 0.09387685 0.09494493 0.09589357 0.09661365 0.09718879 0.09744624 0.09780977 0.09788554 0.09779209 0.09761188 0.09712586 0.09647683 0.09557023
0.09776465 0.09627765 0.09472967 0.09308080 0.09145945 0.08986573 0.08855168 0.08756134 0.08680411 0.08675915 0.08656208 0.08706264 0.08771578 0.08870211 0.08994553 0.09133160 0.09273377 0.09425515 0.09547993 0.09663158 0.09773247 0.09870022 0.09938981 0.10005294 0.10045396 0.10070034 0.10093874 0.10097201 0.10074818 0.10038021 0.09980260 0.09878428
0.10200833 0.10059151 0.09884026 0.09721526 0.09555416 0.09377098 0.09256160 0.09148300 0.09084862 0.09052406 0.09055129 0.09103817 0.09160615 0.09284461 0.09405431 0.09550459 0.09669288 0.09808770 0.09942987 0.10051763 0.10158591 0.10258027 0.10346398 0.10412351 0.10460122 0.10491257 0.10506666 0.10517793 0.10501921 0.10470878 0.10411020 0.10328402
0.10720725 0.10565268 0.10384333 0.10192440 0.10009568 0.09847139 0.09721399 0.09624219 0.09551075 0.09523587 0.09532091 0.09592803 0.09650905 0.09778702 0.09898342 0.10040475 0.10171976 0.10287828 0.10427419 0.10544476 0.10654012 0.10769010 0.10832546 0.10913163 0.10948466 0.11007308 0.11026437 0.11028476 0.11023152 0.10993208 0.10933706 0.10851519
0.11237515 0.11110323 0.10924412 0.10700198 0.10544082 0.10319505 0.10217633 0.10119788 0.10053853 0.10025906 0.10033374 0.10123321 0.10207887 0.10316583 0.10444284 0.10589127 0.10719466 0.10834671 0.11002905 0.11122822 0.11226002 0.11329063 0.11410502 0.11518792 0.11549580 0.11581134 0.11607326 0.11630438 0.11575118 0.11561282 0.11497542 0.11383593
0.11770651 0.11603796 0.11405889 0.11214342 0.11002946 0.10817658 0.10681626 0.10604015 0.10543323 0.10501942 0.10552071 0.10616996 0.10753863 0.10885980 0.11053031 0.11136654 0.11314637 0.11452557 0.11559463 0.11706750 0.11813587 0.11895518 0.12014136 0.12080556 0.12138110 0.12177760 0.12230516 0.12190837 0.12180234 0.12132973 0.12061745 0.11967895
0.12223701 0.12040913 0.11835007 0.11602758 0.11422722 0.11249018 0.11089406 0.11010541 0.10951288 0.10967070 0.11001252 0.11071551 0.11226867 0.11348951 0.11509241 0.11657647 0.11776248 0.11989838 0.12073255 0.12195788 0.12384947 0.12477602 0.12553214 0.12624030 0.12643278 0.12734778 0.12724749 0.12751627 0.12726266 0.12602717 0.12496880 0.12410446
0.12562377 0.12299954 0.12130296 0.11873448 0.11683585 0.11493499 0.11354113 0.11265558 0.11229564 0.11247390 0.11309603 0.11409507 0.11536492 0.11661712 0.11854894 0.12055533 0.12196292 0.12358715 0.12444351 0.12564251 0.12788256 0.12858983 0.12884880 0.13033950 0.13045534 0.13097524 0.13075985 0.13071670 0.13033397 0.13001206 0.12887609 0.12761008
0.12648131 0.12442658 0.12203168 0.11980490 0.11766222 0.11579123 0.11460175 0.11368705 0.11335947 0.11371891 0.11447382 0.11563287 0.11706961 0.11883338 0.12018899 0.12202892 0.12376565 0.12533197 0.12702859 0.12848559 0.12939822 0.13047459 0.13155042 0.13172888 0.13245692 0.13255299 0.13241800 0.13204167 0.13189648 0.13134625 0.13037471 0.12872134
0.12581568 0.12384517 0.12119257 0.11866978 0.11714362 0.11481944 0.11344126 0.11296558 0.11259586 0.11301099 0.11384342 0.11504485 0.11674728 0.11815619 0.12000536 0.12167006 0.12356572 0.12454561 0.12669090 0.12748948 0.12887509 0.13076929 0.13086406 0.13047542 0.13220969 0.13181971 0.13162505 0.13151792 0.13171795 0.13098580 0.12971056 0.12796721
0.12351305 0.12106402 0.11916139 0.11631662 0.11393794 0.11251072 0.11110562 0.11027030 0.11032574 0.11081492 0.11151163 0.11301742 0.11474963 0.11618966 0.11802134 0.11889040 0.12092931 0.12184548 0.12440571 0.12504883 0.12623826 0.12725290 0.12766446 0.12881243 0.12904793 0.12960270 0.12966034 0.12892512 0.12899250 0.12809425 0.12698029 0.12527700
0.11975290 0.11705045 0.11472215 0.11247621 0.11008579 0.10846480 0.10752286 0.10690753 0.10694509 0.10712576 0.10777505 0.10890888 0.11025965 0.11162013 0.11395015 0.11483881 0.11612904 0.11776332 0.11898667 0.12085338 0.12200874 0.12255420 0.12337326 0.12391743 0.12441072 0.12477000 0.12495596 0.12489310 0.12481474 0.12405878 0.12302103 0.12138965
0.11466110 0.11268030 0.11016379 0.10739979 0.10570020 0.10435457 0.10304444 0.10237999 0.10210393 0.10243164 0.10327792 0.10427378 0.10554502 0.10700493 0.10814080 0.10960831 0.11085845 0.11246715 0.11344910 0.11504477 0.11651536 0.11698684 0.11772599 0.11828251 0.11887253 0.11934742 0.11944259 0.11964036 0.11924164 0.11856468 0.11787820 0.11657398
0.10947997 0.10766646 0.10562731 0.10301402 0.10127165 0.09955493 0.09844533 0.09784757 0.09768840 0.09800095 0.09871135 0.09965345 0.10032409 0.10175016 0.10270854 0.10399929 0.10534887 0.10676926 0.10786331 0.10933871 0.11045604 0.11125594 0.11205194 0.11267815 0.11299349 0.11333675 0.11377161 0.11369467 0.11371473 0.11371102 0.11305681 0.11121098
0.10488859 0.10304847 0.10085671 0.09890399 0.09692366 0.09552427 0.09434085 0.09388612 0.09368107 0.09387600 0.09434431 0.09498651 0.09576527 0.09678091 0.09770807 0.09880799 0.10016082 0.10146138 0.10267077 0.10381522 0.10494868 0.10585306 0.10645845 0.10712136 0.10772442 0.10811114 0.10845393 0.10883947 0.10869279 0.10854544 0.10759536 0.10646901
0.10097890 0.09906553 0.09711426 0.09515507 0.09353216 0.09198343 0.09100379 0.09044339 0.09006138 0.08996099 0.09079848 0.09117076 0.09189736 0.09276835 0.09374464 0.09486548 0.09578664 0.09723864 0.09837745 0.09952380 0.10069412 0.10135033 0.10212506 0.10261163 0.10312353 0.10352894 0.10395727 0.10430139 0.10432623 0.10413381 0.10355961 0.10230397
0.09776393 0.09607798 0.09411782 0.09239783 0.09068787 0.08929398 0.08840924 0.08775652 0.08744950 0.08767235 0.08789909 0.08823608 0.08902944 0.08970691 0.09073994 0.09176493 0.09282944 0.09405680 0.09543423 0.09644095 0.09731513 0.09812037 0.09885242 0.09934874 0.09975510 0.10025598 0.10059313 0.10095371 0.10106488 0.10087558 0.10036552 0.09929878
0.09549444 0.09385977 0.09230025 0.09040037 0.08884100 0.08754055 0.08658767 0.08596767 0.08589463 0.08573704 0.08586240 0.08649936 0.08686205 0.08776361 0.08863439 0.08973845 0.09082390 0.09220983 0.09337501 0.09451834 0.09547861 0.09628798 0.09682642 0.09726877 0.09762593 0.09799788 0.09829696 0.09858564 0.09862282 0.09855235 0.09739314 0.09682975
0.09425446 0.09260977 0.09103723 0.08925274 0.08765087 0.08641815 0.08552925 0.08501897 0.08473775 0.08477538 0.08485496 0.08525379 0.08588356 0.08663350 0.08753902 0.08861790 0.08988582 0.09124414 0.09245155 0.09370627 0.09469245 0.09536698 0.09586119 0.09624536 0.09656057 0.09688823 0.09706952 0.09732959 0.09727876 0.09715084 0.09655556 0.09558074
0.09370036 0.09196445 0.09051140 0.08859957 0.08722212 0.08587604 0.08496417 0.08441859 0.08405183 0.08423307 0.08434219 0.08472169 0.08538726 0.08605606 0.08691257 0.08823798 0.08954326 0.09095052 0.09225070 0.09355044 0.09450720 0.09517165 0.09575722 0.09607246 0.09632051 0.09648207 0.09658613 0.09678287 0.09664469 0.09653674 0.09587828 0.09480669
0.09336480 0.09174482 0.09007315 0.08843469 0.08690443 0.08575911 0.08481356 0.08419141 0.08398739 0.08389499 0.08399638 0.08452355 0.08513372 0.08588036 0.08690927 0.08818004 0.08964223 0.09112754 0.09256437 0.09384713 0.09493941 0.09565968 0.09618069 0.09646511 0.09665220 0.09672866 0.09685645 0.09685845 0.09693878 0.09649776 0.09571085 0.09471512
0.09333287 0.09172472 0.09009673 0.08820667 0.08683523 0.08556137 0.08475553 0.08408240 0.08385623 0.08363363 0.08383594 0.08445039 0.08485548 0.08579205 0.08690807 0.08830521 0.08998013 0.09142595 0.09304597 0.09444479 0.09552289 0.09622350 0.09680814 0.09693874 0.09723845 0.09728147 0.09731055 0.09721438 0.09690396 0.09659570 0.09580717 0.09471771
0.09330075 0.09167949 0.08990362 0.08826638 0.08673020 0.08550431 0.08461299 0.08390754 0.08350367 0.08357235 0.08352332 0.08404562 0.08465610 0.08556429 0.08680588 0.08831561 0.08975712 0.09160754 0.09326843 0.09474270 0.09591204 0.09671797 0.09728535 0.09745854 0.09764294 0.09766030 0.09760034 0.09752984 0.09738429 0.09671316 0.09595452 0.09472803
