32 32 0.051914 0.50317
0.05708229 0.05624905 0.05559077 0.05482414 0.05433208 0.05401710 0.05401388 0.05393537 0.05406130 0.05428205 0.05450062 0.05463804 0.05473210 0.05494713 0.05521028 0.05558014 0.05597703 0.05660099 0.05717117 0.05766843 0.05792616 0.05805209 0.05835316 0.05842848 0.05851940 0.05862904 0.05867376 0.05867605 0.05873779 0.05862930 0.05821166 0.05774102
0.05664058 0.05589200 0.05512268 0.05435115 0.05391167 0.05358123 0.05342725 0.05326790 0.05340768 0.05365082 0.05398507 0.05402987 0.05406253 0.05422028 0.05460349 0.05506255 0.05568828 0.05624567 0.05683419 0.05750995 0.05788548 0.05811200 0.05836551 0.05840473 0.05838088 0.05860169 0.05853038 0.05851782 0.05840822 0.05827496 0.05789903 0.05729831
0.05615089 0.05539896 0.05464761 0.05407685 0.05349821 0.05302565 0.05291336 0.05253023 0.05287525 0.05286319 0.05306172 0.05308730 0.05328481 0.05356714 0.05397037 0.05437900 0.05504316 0.05551488 0.05642022 0.05711000 0.05753305 0.05796671 0.05816723 0.05820689 0.05819890 0.05830414 0.05820547 0.05818767 0.05807759 0.05776798 0.05748944 0.05669374
0.05564605 0.05491050 0.05419086 0.05354963 0.05284293 0.05256187 0.05239108 0.05220909 0.05218556 0.05221130 0.05229897 0.05232678 0.05253880 0.05278545 0.05318350 0.05379891 0.05445362 0.05523044 0.05598367 0.05692747 0.05727154 0.05766774 0.05782125 0.05790223 0.05791738 0.05796531 0.05784804 0.05781435 0.05769812 0.05729369 0.05691784 0.05635310
0.05553844 0.05480208 0.05419578 0.05344765 0.05293598 0.05252913 0.05224860 0.05206219 0.05193833 0.05191412 0.05195421 0.05197409 0.05215549 0.05236478 0.05283116 0.05342191 0.05417253 0.05500594 0.05579844 0.05653789 0.05725588 0.05750418 0.05790139 0.05796896 0.05798103 0.05797583 0.05789824 0.05783958 0.05756927 0.05721222 0.05674346 0.05610347
0.05717809 0.05650250 0.05584094 0.05516217 0.05468709 0.05426651 0.05385791 0.05366631 0.05343466 0.05331135 0.05326232 0.05329790 0.05343896 0.05374373 0.05416404 0.05476983 0.05552575 0.05634916 0.05709375 0.05798200 0.05859584 0.05911464 0.05943758 0.05956866 0.05959457 0.05957951 0.05950955 0.05926458 0.05903108 0.05875399 0.05830242 0.05783370
0.06276494 0.06203435 0.06147724 0.06089446 0.06020922 0.05980332 0.05942100 0.05905115 0.05875660 0.05856765 0.05856083 0.05855132 0.05867012 0.05893298 0.05939892 0.05996195 0.06077962 0.06149881 0.06240368 0.06316551 0.06387373 0.06436594 0.06468611 0.06501614 0.06501792 0.06506950 0.06488873 0.06473222 0.06439469 0.06426279 0.06383489 0.06330029
0.07472859 0.07427857 0.07371770 0.07303840 0.07241032 0.07190868 0.07140013 0.07118485 0.07079332 0.07043688 0.07043515 0.07023416 0.07033776 0.07061127 0.07105484 0.07181285 0.07233292 0.07306493 0.07393239 0.07471573 0.07550754 0.07612969 0.07629178 0.07667019 0.07680563 0.07665851 0.07677456 0.07665014 0.07647671 0.07600453 0.07577616 0.07483964
0.09580414 0.09492800 0.09483198 0.09401250 0.09354340 0.09308077 0.09239202 0.09192338 0.09177638 0.09125079 0.09099977 0.09096776 0.09092495 0.09115713 0.09145299 0.09211497 0.09241428 0.09343549 0.09383670 0.09482755 0.09562051 0.09629462 0.09672710 0.09703194 0.09703758 0.09747756 0.09727976 0.09724536 0.09688418 0.09660052 0.09645438 0.09635792
0.12725576 0.12768037 0.12610407 0.12614094 0.12606594 0.12529896 0.12464051 0.12434407 0.12457236 0.12324266 0.12282030 0.12304757 0.12215454 0.12366311 0.12316316 0.12371220 0.12354693 0.12506080 0.12569150 0.12668467 0.12748336 0.12791246 0.12818256 0.12900236 0.12913338 0.12917530 0.12915470 0.12901551 0.12931442 0.12870688 0.12823364 0.12835252
0.17336138 0.17147657 0.17227807 0.17238315 0.17068513 0.17076076 0.17009876 0.16980439 0.16885915 0.16926840 0.16780871 0.16921969 0.16761002 0.16848308 0.16791048 0.16783547 0.16950114 0.17021338 0.17135113 0.17137876 0.17151826 0.17275406 0.17260114 0.17332759 0.17370871 0.17409036 0.17321450 0.17370978 0.17384122 0.17331510 0.17396012 0.17239547
0.23111452 0.23087140 0.23062212 0.23151150 0.23183167 0.22913447 0.22943720 0.22806336 0.22812463 0.22761824 0.22633015 0.22620997 0.22544554 0.22793103 0.22694660 0.22955492 0.22711277 0.22929055 0.22983773 0.22922184 0.23060777 0.23059229 0.22919963 0.23352995 0.23224249 0.23107249 0.23210054 0.23194247 0.23313381 0.23159531 0.23292662 0.23155736
0.30153936 0.30103644 0.29941186 0.30133687 0.29873172 0.29768351 0.29737394 0.29802971 0.29766674 0.29711359 0.29669001 0.29737614 0.29444290 0.29688526 0.29892519 0.29793392 0.29824309 0.29688131 0.29816892 0.29890665 0.29894238 0.30150167 0.29898196 0.30097796 0.29811466 0.30097860 0.30028710 0.29973138 0.30067204 0.30082711 0.29971974 0.30111992
0.37250086 0.37584080 0.37672599 0.37059080 0.37691397 0.36797620 0.37272348 0.37170935 0.37216641 0.37181971 0.36914456 0.37278701 0.37137972 0.37201652 0.37082203 0.37242953 0.37085593 0.36785938 0.37419390 0.37555534 0.37352930 0.37416974 0.37356678 0.37808832 0.37577437 0.37324298 0.37441900 0.37663907 0.37405346 0.37508077 0.37570787 0.37246583
0.44331490 0.44677568 0.44872572 0.44927839 0.44514075 0.44197585 0.44202699 0.44520715 0.44476332 0.43948678 0.44171506 0.44038215 0.44604274 0.44775703 0.45072004 0.44166066 0.44542944 0.44463703 0.44232308 0.44644367 0.44403127 0.44258243 0.44729737 0.44682167 0.44747068 0.44618317 0.45072006 0.44604133 0.44652838 0.44653119 0.44842959 0.44956749
0.50172882 0.50572535 0.50421076 0.50564752 0.50551728 0.50290021 0.50323974 0.50310604 0.50164203 0.50320270 0.50282125 0.49789248 0.50430417 0.50478959 0.50518914 0.50215991 0.50019732 0.50473076 0.49910389 0.49703756 0.50648754 0.50825408 0.50550941 0.51027549 0.50331268 0.50279877 0.50823485 0.51234889 0.51109278 0.50491432 0.50016487 0.50334007
0.54524046 0.53823340 0.54880574 0.54002298 0.54192131 0.54222041 0.53855331 0.53559834 0.53769439 0.53803323 0.53930293 0.53757805 0.53649747 0.53678390 0.53990284 0.54323199 0.53960928 0.54091078 0.53557377 0.53634801 0.54387250 0.54264757 0.53924886 0.54847291 0.54402382 0.54335057 0.54200904 0.54544434 0.54032433 0.54674369 0.54513382 0.54144705
0.54857949 0.55160116 0.54947503 0.54879839 0.54707661 0.54455864 0.54566157 0.54511650 0.54384747 0.54499316 0.54641909 0.54706308 0.54692076 0.54751160 0.54667377 0.54829481 0.54941256 0.54968100 0.54831241 0.55065005 0.55074091 0.55068706 0.55230502 0.55335628 0.55362811 0.55390070 0.55378192 0.55508387 0.55185936 0.55255341 0.55336717 0.55036845
0.52986194 0.53062063 0.52984381 0.52483173 0.52262216 0.51727936 0.51785659 0.52229742 0.52093167 0.52350630 0.52271274 0.52291162 0.52444171 0.53116289 0.52829382 0.52957267 0.52888203 0.52526542 0.53315632 0.53395167 0.52961529 0.53854016 0.53260734 0.52588223 0.53995876 0.53162118 0.52626063 0.52946014 0.53519188 0.53589949 0.53605272 0.53161615
0.48778164 0.48385097 0.48684622 0.48250890 0.47443184 0.48085725 0.47386301 0.47373499 0.47627560 0.47240210 0.47529215 0.48111517 0.48519211 0.48620919 0.48663494 0.47949573 0.48856492 0.47856534 0.49188198 0.48308559 0.48581626 0.48486604 0.48208893 0.48957371 0.48597033 0.49433134 0.49127724 0.48596452 0.49016505 0.48743968 0.48550631 0.48469192
0.42478732 0.41788733 0.41675282 0.41774668 0.41014276 0.41102099 0.41343465 0.41388900 0.41699976 0.41480414 0.41458864 0.41157770 0.41549460 0.41609745 0.42335480 0.41821493 0.41619748 0.41857994 0.41658287 0.42221360 0.42134615 0.41854857 0.42035904 0.42214997 0.42102128 0.42379306 0.42432620 0.42227386 0.42458985 0.42620694 0.42311056 0.42286465
0.34713300 0.34770594 0.34305683 0.33869944 0.33870917 0.34136849 0.33897347 0.33832456 0.33669906 0.33708045 0.33982302 0.34083944 0.34310271 0.34490490 0.34431872 0.34488416 0.34348156 0.34560698 0.34211586 0.34380142 0.34870996 0.34598536 0.34616556 0.34779516 0.35014234 0.35025666 0.34897196 0.35169449 0.34762364 0.34762175 0.34577367 0.35002289
0.27282023 0.27199621 0.27060745 0.26956489 0.26912066 0.26642667 0.26540358 0.26645271 0.26605766 0.26781522 0.26872972 0.27051833 0.26807867 0.27207632 0.27083567 0.27123907 0.27255883 0.27297951 0.27137113 0.27367807 0.27402251 0.27438262 0.27600208 0.27637136 0.27547560 0.27553789 0.27620765 0.27369972 0.27337401 0.27748561 0.27830322 0.27301603
0.20836570 0.20772688 0.20580008 0.20511784 0.20321948 0.20311257 0.20107210 0.20353638 0.20348653 0.20437021 0.20461347 0.20445976 0.20467095 0.20653506 0.20577903 0.20525356 0.20649593 0.20680638 0.20770695 0.20776756 0.20833170 0.20918095 0.20892490 0.21020810 0.20876002 0.21087456 0.21009056 0.21168700 0.21149696 0.21137784 0.20944267 0.20889483
0.15620445 0.15525482 0.15386480 0.15263193 0.15152021 0.14995043 0.15058721 0.15004414 0.15034352 0.15061142 0.15165818 0.15248075 0.15281866 0.15336952 0.15368006 0.15395853 0.15335162 0.15438448 0.15431192 0.15462695 0.15555745 0.15500577 0.15662099 0.15637345 0.15679120 0.15655521 0.15753347 0.15827914 0.15794313 0.15792613 0.15805092 0.15658371
0.11649409 0.11548533 0.11428788 0.11259429 0.11230210 0.11135168 0.11146348 0.11156134 0.11193251 0.11226446 0.11284723 0.11277035 0.11366017 0.11401271 0.11444938 0.11367754 0.11438203 0.11437792 0.11471813 0.11511752 0.11535581 0.11531219 0.11628006 0.11672209 0.11691490 0.11731308 0.11826678 0.11814421 0.11880468 0.11848019 0.11808134 0.11773127
0.08929031 0.08831389 0.08739793 0.08620912 0.08561712 0.08506091 0.08490162 0.08500608 0.08554573 0.08587431 0.08618963 0.08670715 0.08661387 0.08706140 0.08702723 0.08703349 0.08721907 0.08747763 0.08790891 0.08789345 0.08850777 0.08863384 0.08897200 0.08923225 0.08915207 0.08971784 0.09031731 0.09083862 0.09120781 0.09112153 0.09017554 0.09010330
0.07251122 0.07155402 0.07058247 0.06971454 0.06887375 0.06847729 0.06843124 0.06863371 0.06900901 0.06948120 0.06980328 0.06994776 0.07023416 0.07020448 0.07034414 0.07038784 0.07066014 0.07079325 0.07099114 0.07138576 0.07163295 0.07179722 0.07195284 0.07210667 0.07247542 0.07263929 0.07308391 0.07343227 0.07380673 0.07386509 0.07370561 0.07325787
0.06321209 0.06234288 0.06153370 0.06057098 0.06000516 0.05959758 0.05957337 0.05977677 0.06000242 0.06058620 0.06079785 0.06105090 0.06124273 0.06122938 0.06128286 0.06138519 0.06160461 0.06181507 0.06202380 0.06232359 0.06256138 0.06265310 0.06285092 0.06301681 0.06320644 0.06343741 0.06369764 0.06410227 0.06427270 0.06454031 0.06436860 0.06386787
0.05915197 0.05834517 0.05753825 0.05667764 0.05616969 0.05590047 0.05581920 0.05596512 0.05633075 0.05664927 0.05685210 0.05712668 0.05725432 0.05726849 0.05740613 0.05752253 0.05775226 0.05810735 0.05842549 0.05872275 0.05897677 0.05913415 0.05914877 0.05931899 0.05945375 0.05962684 0.05989309 0.06015608 0.06045764 0.06050808 0.06035056 0.05980333
0.05784528 0.05699353 0.05628976 0.05544475 0.05502194 0.05471328 0.05468076 0.05479182 0.05511744 0.05528118 0.05555527 0.05588921 0.05589547 0.05603029 0.05617121 0.05640341 0.05680280 0.05710882 0.05752401 0.05789685 0.05813006 0.05825017 0.05835865 0.05837173 0.05856387 0.05869195 0.05890792 0.05910549 0.05909709 0.05927980 0.05900108 0.05850690
0.05742840 0.05664514 0.05578086 0.05512887 0.05464122 0.05432443 0.05426254 0.05437561 0.05456266 0.05495730 0.05499573 0.05525521 0.05524259 0.05542452 0.05569248 0.05593834 0.05627046 0.05684622 0.05735305 0.05778910 0.05811489 0.05830588 0.05845554 0.05833598 0.05850931 0.05863810 0.05872907 0.05898225 0.05906030 0.05891868 0.05869273 0.05809934
