32 32 0.051416 0.42482
0.05745395 0.05643050 0.05551617 0.05462033 0.05397706 0.05363437 0.05346378 0.05337700 0.05352300 0.05375966 0.05395166 0.05421601 0.05436562 0.05472326 0.05506382 0.05547855 0.05607133 0.05686278 0.05758700 0.05825074 0.05868415 0.05898559 0.05943919 0.05958550 0.05981554 0.05995542 0.05996674 0.05994765 0.05986178 0.05961181 0.05899608 0.05831964
0.05708128 0.05612983 0.05515428 0.05422737 0.05358145 0.05322410 0.05297007 0.05279097 0.05284611 0.05314036 0.05351567 0.05364379 0.05375640 0.05401797 0.05453046 0.05511505 0.05588730 0.05664393 0.05736343 0.05821007 0.05875725 0.05912197 0.05952895 0.05970380 0.05973227 0.05996464 0.05990834 0.05978665 0.05957982 0.05927329 0.05874130 0.05795378
0.05671969 0.05575115 0.05480030 0.05409477 0.05329067 0.05269966 0.05251154 0.05203076 0.05241999 0.05241653 0.05264044 0.05272053 0.05302937 0.05339422 0.05391755 0.05444707 0.05529415 0.05598945 0.05704642 0.05791066 0.05849564 0.05910786 0.05943579 0.05956629 0.05959100 0.05972040 0.05959531 0.05948934 0.05926722 0.05879924 0.05833658 0.05741096
0.05625660 0.05534942 0.05434538 0.05362205 0.05277860 0.05232699 0.05205995 0.05191631 0.05176154 0.05177706 0.05188107 0.05199281 0.05227474 0.05262387 0.05313914 0.05394447 0.05477713 0.05572193 0.05670033 0.05780479 0.05833610 0.05888971 0.05917796 0.05931613 0.05935764 0.05939135 0.05927994 0.05909950 0.05887621 0.05837086 0.05785733 0.05714141
0.05612670 0.05523482 0.05438239 0.05346774 0.05280436 0.05229002 0.05186071 0.05161189 0.05144959 0.05141636 0.05148877 0.05153708 0.05179513 0.05216005 0.05274146 0.05350270 0.05447500 0.05548348 0.05647500 0.05739235 0.05830964 0.05869270 0.05915705 0.05932466 0.05936473 0.05928759 0.05917600 0.05898882 0.05866381 0.05820743 0.05763092 0.05685778
0.05739885 0.05655455 0.05568760 0.05475676 0.05414291 0.05364093 0.05308354 0.05281531 0.05258243 0.05239185 0.05237811 0.05249807 0.05268395 0.05310264 0.05368944 0.05444879 0.05544479 0.05644130 0.05745230 0.05848594 0.05924687 0.05989403 0.06030659 0.06048224 0.06050259 0.06045428 0.06032446 0.06003486 0.05972234 0.05932120 0.05879416 0.05818562
0.06192252 0.06106373 0.06031377 0.05945012 0.05866726 0.05805325 0.05757615 0.05712910 0.05679828 0.05656244 0.05659054 0.05662649 0.05680701 0.05721913 0.05780744 0.05853518 0.05956669 0.06050343 0.06159290 0.06257811 0.06344042 0.06403950 0.06440537 0.06478105 0.06475278 0.06477560 0.06450297 0.06434921 0.06398444 0.06375929 0.06325634 0.06258766
0.07176901 0.07112608 0.07034729 0.06956670 0.06871257 0.06802467 0.06741228 0.06706052 0.06664529 0.06629004 0.06625522 0.06614288 0.06632254 0.06667025 0.06721429 0.06812970 0.06889412 0.06985194 0.07093849 0.07190439 0.07283468 0.07340431 0.07378522 0.07414000 0.07431432 0.07410367 0.07420623 0.07401568 0.07391609 0.07336064 0.07300876 0.07207081
0.08919210 0.08806592 0.08789086 0.08689612 0.08621365 0.08555984 0.08477179 0.08419424 0.08392048 0.08343312 0.08318497 0.08318149 0.08315415 0.08352170 0.08395027 0.08475453 0.08531163 0.08649928 0.08711607 0.08828674 0.08921873 0.08996916 0.09045220 0.09079338 0.09088632 0.09121568 0.09095253 0.09094588 0.09065121 0.09029963 0.09007215 0.08982655
0.11527833 0.11541209 0.11377400 0.11351182 0.11318448 0.11224396 0.11145808 0.11105047 0.11113187 0.10991691 0.10949084 0.10961577 0.10897876 0.11030518 0.11008825 0.11074982 0.11100628 0.11247365 0.11336664 0.11439911 0.11528700 0.11579769 0.11624476 0.11699327 0.11715614 0.11728384 0.11727853 0.11718027 0.11741484 0.11689640 0.11644794 0.11639882
0.15366927 0.15182249 0.15221754 0.15198261 0.15033808 0.15005548 0.14926952 0.14881802 0.14789605 0.14817189 0.14680953 0.14798242 0.14664330 0.14747540 0.14714191 0.14730804 0.14891319 0.14990094 0.15093029 0.15128707 0.15163046 0.15284348 0.15288057 0.15361895 0.15402010 0.15443182 0.15380326 0.15427659 0.15438538 0.15399092 0.15447522 0.15303639
0.20182559 0.20137241 0.20079091 0.20123487 0.20112266 0.19868420 0.19869773 0.19738085 0.19725070 0.19674172 0.19559210 0.19541949 0.19485107 0.19693420 0.19624134 0.19860959 0.19682711 0.19884871 0.19956785 0.19929230 0.20064179 0.20083414 0.19993354 0.20347460 0.20267249 0.20188475 0.20278931 0.20280815 0.20386268 0.20261151 0.20366158 0.20243579
0.26066115 0.25996218 0.25830781 0.25946602 0.25699341 0.25589154 0.25550090 0.25587561 0.25537058 0.25487338 0.25433868 0.25481224 0.25248767 0.25454353 0.25633559 0.25571060 0.25623575 0.25535189 0.25663260 0.25742304 0.25769257 0.25996945 0.25814818 0.25989936 0.25787602 0.26036371 0.25994646 0.25957319 0.26047470 0.26055251 0.25963888 0.26066430
0.32005462 0.32265042 0.32295645 0.31762384 0.32241397 0.31483600 0.31851828 0.31770902 0.31791499 0.31741032 0.31511526 0.31817196 0.31684518 0.31769049 0.31691724 0.31835518 0.31721301 0.31513565 0.32046079 0.32175303 0.32029670 0.32105330 0.32089697 0.32465994 0.32306100 0.32120089 0.32238233 0.32436997 0.32197911 0.32299631 0.32330660 0.32046603
0.37969812 0.38211987 0.38307701 0.38322658 0.37966424 0.37683917 0.37678313 0.37940035 0.37870273 0.37446931 0.37632451 0.37517406 0.37974408 0.38145353 0.38385315 0.37709884 0.38031701 0.37997046 0.37811355 0.38159879 0.38007950 0.37893809 0.38298123 0.38285922 0.38367100 0.38299728 0.38685053 0.38301851 0.38346656 0.38339245 0.38455781 0.38527595
0.42901242 0.43165021 0.43002697 0.43053862 0.43064982 0.42834595 0.42858072 0.42829772 0.42701812 0.42870225 0.42804917 0.42385420 0.42945579 0.43007150 0.43073062 0.42850067 0.42682497 0.43114095 0.42694263 0.42527656 0.43369191 0.43465845 0.43286353 0.43653844 0.43153789 0.43175922 0.43578380 0.43940915 0.43844105 0.43252651 0.42880236 0.43084623
0.46564508 0.45940996 0.46767259 0.45993350 0.46196209 0.46180443 0.45862904 0.45634426 0.45793333 0.45807261 0.45891915 0.45803258 0.45728619 0.45758482 0.46056890 0.46407125 0.46102022 0.46232481 0.45824830 0.45840062 0.46569375 0.46465459 0.46152734 0.46953234 0.46640732 0.46637243 0.46511873 0.46795769 0.46340004 0.46822220 0.46670232 0.46304045
0.46921098 0.47134139 0.46859208 0.46765716 0.46662809 0.46417690 0.46509055 0.46463481 0.46454726 0.46510060 0.46603443 0.46672562 0.46694483 0.46775366 0.46725364 0.46868818 0.46999924 0.47060934 0.46975175 0.47193009 0.47228392 0.47237193 0.47406022 0.47514557 0.47536169 0.47576739 0.47544873 0.47623265 0.47392704 0.47403893 0.47397801 0.47079470
0.45339882 0.45367002 0.45275749 0.44807358 0.44628123 0.44171396 0.44225770 0.44594883 0.44496726 0.44702712 0.44671678 0.44716028 0.44895937 0.45495325 0.45281795 0.45386238 0.45378691 0.45048592 0.45754050 0.45808040 0.45500647 0.46348142 0.45806767 0.45225743 0.46443588 0.45777921 0.45363733 0.45576466 0.46062582 0.46109204 0.46016689 0.45571444
0.41864919 0.41465545 0.41673055 0.41291995 0.40606941 0.41149255 0.40566310 0.40535930 0.40796290 0.40517519 0.40740056 0.41282467 0.41656923 0.41724403 0.41812375 0.41238414 0.41970368 0.41191469 0.42322476 0.41619834 0.41853384 0.41826873 0.41589174 0.42248070 0.41975272 0.42679867 0.42436777 0.41953594 0.42300470 0.42029579 0.41809657 0.41677391
0.36579325 0.35967027 0.35813693 0.35882628 0.35252967 0.35289577 0.35510700 0.35546037 0.35829854 0.35675202 0.35672832 0.35468343 0.35807901 0.35865163 0.36488528 0.36087948 0.35941045 0.36155578 0.36012147 0.36515174 0.36476966 0.36258082 0.36428932 0.36585609 0.36539891 0.36763097 0.36837221 0.36662577 0.36821162 0.36897770 0.36583004 0.36503864
0.30083359 0.30080660 0.29634516 0.29258875 0.29251461 0.29466365 0.29262310 0.29216758 0.29106982 0.29168353 0.29415792 0.29518556 0.29725553 0.29903467 0.29865619 0.29927997 0.29824883 0.30024840 0.29747205 0.29905140 0.30347614 0.30126729 0.30174613 0.30332076 0.30551260 0.30581922 0.30493872 0.30706543 0.30345714 0.30300932 0.30102293 0.30391194
0.23849981 0.23741861 0.23573995 0.23460808 0.23403047 0.23172471 0.23092888 0.23196878 0.23182856 0.23337197 0.23441668 0.23611254 0.23417959 0.23768041 0.23674759 0.23713234 0.23832638 0.23888300 0.23767718 0.23973319 0.24027256 0.24076007 0.24246043 0.24308816 0.24259514 0.24286674 0.24354838 0.24143520 0.24106190 0.24406459 0.24425087 0.23924045
0.18434559 0.18333798 0.18131174 0.18046554 0.17871855 0.17854686 0.17686817 0.17897516 0.17911541 0.18005594 0.18041830 0.18046052 0.18074760 0.18235591 0.18176439 0.18142648 0.18255630 0.18291520 0.18375917 0.18400033 0.18470138 0.18565035 0.18572932 0.18710030 0.18618132 0.18826334 0.18766063 0.18905161 0.18879902 0.18840841 0.18629255 0.18541274
0.14052084 0.13921347 0.13768228 0.13637717 0.13529562 0.13391896 0.13442161 0.13407778 0.13442902 0.13486277 0.13588469 0.13663297 0.13701522 0.13754432 0.13783149 0.13808629 0.13768312 0.13857455 0.13864876 0.13903292 0.14007517 0.13978720 0.14145066 0.14152375 0.14216893 0.14222558 0.14325075 0.14391060 0.14355805 0.14329552 0.14303465 0.14132005
0.10709837 0.10582775 0.10441625 0.10272656 0.10231552 0.10144740 0.10155430 0.10171768 0.10212430 0.10252950 0.10316252 0.10313567 0.10402189 0.10432024 0.10471092 0.10411241 0.10471220 0.10477051 0.10519150 0.10565295 0.10600863 0.10622532 0.10732905 0.10796756 0.10843561 0.10900044 0.10996785 0.11001137 0.11048194 0.11005096 0.10935606 0.10857194
0.08416579 0.08297117 0.08189415 0.08058144 0.07993756 0.07937751 0.07924657 0.07939808 0.07993499 0.08032251 0.08067463 0.08124021 0.08115668 0.08160545 0.08159335 0.08161234 0.08183179 0.08213251 0.08257498 0.08271919 0.08341344 0.08371172 0.08428052 0.08478506 0.08502430 0.08570438 0.08636638 0.08685687 0.08712367 0.08688210 0.08566167 0.08526360
0.07011255 0.06888110 0.06782320 0.06678797 0.06588197 0.06541533 0.06542273 0.06564964 0.06602585 0.06654360 0.06692946 0.06712273 0.06743326 0.06742208 0.06756382 0.06764297 0.06794081 0.06812674 0.06836126 0.06889617 0.06930010 0.06962866 0.06997332 0.07038480 0.07095228 0.07130300 0.07182554 0.07215325 0.07240905 0.07230059 0.07186884 0.07112429
0.06237345 0.06120691 0.06022694 0.05912051 0.05849378 0.05802781 0.05799245 0.05819641 0.05848306 0.05911219 0.05934351 0.05960032 0.05984792 0.05989886 0.05997753 0.06012943 0.06038700 0.06066441 0.06098237 0.06136972 0.06175382 0.06204856 0.06244983 0.06279900 0.06320172 0.06357744 0.06392442 0.06430332 0.06438330 0.06441424 0.06400132 0.06316815
0.05894833 0.05792114 0.05689414 0.05592403 0.05530961 0.05494201 0.05488396 0.05503235 0.05542982 0.05577463 0.05601039 0.05634900 0.05657639 0.05664550 0.05684323 0.05700297 0.05730624 0.05771044 0.05812722 0.05855481 0.05893473 0.05931419 0.05954277 0.05988840 0.06020978 0.06044744 0.06080140 0.06101422 0.06116148 0.06102349 0.06062502 0.05987428
0.05792560 0.05684873 0.05599190 0.05491421 0.05444068 0.05407940 0.05396210 0.05410974 0.05451047 0.05466095 0.05496838 0.05536867 0.05542705 0.05561483 0.05586779 0.05618193 0.05667621 0.05707238 0.05761147 0.05810368 0.05851801 0.05882795 0.05912434 0.05934898 0.05960649 0.05984849 0.06008907 0.06022278 0.06007306 0.06006533 0.05955798 0.05882617
0.05764225 0.05664574 0.05565087 0.05481838 0.05417633 0.05378914 0.05367764 0.05376985 0.05394798 0.05440443 0.05448954 0.05473733 0.05481758 0.05511900 0.05548966 0.05584554 0.05636324 0.05696167 0.05758331 0.05822275 0.05871475 0.05909543 0.05938661 0.05945105 0.05972030 0.05990364 0.05999918 0.06015804 0.06016381 0.05982498 0.05936423 0.05854356
