32 32 0.053143 0.895
0.05565751 0.05510892 0.05468883 0.05421305 0.05399732 0.05407298 0.05417740 0.05426068 0.05453404 0.05487839 0.05507795 0.05531812 0.05544442 0.05571705 0.05590146 0.05633368 0.05674872 0.05737460 0.05791638 0.05835396 0.05852961 0.05844034 0.05848581 0.05822692 0.05803237 0.05777617 0.05751423 0.05727202 0.05714781 0.05694575 0.05655357 0.05616625
0.05546195 0.05495911 0.05446139 0.05403749 0.05377508 0.05372614 0.05371982 0.05375490 0.05396551 0.05432718 0.05469052 0.05478376 0.05477894 0.05495174 0.05533607 0.05578038 0.05640863 0.05695520 0.05749594 0.05812323 0.05838481 0.05842046 0.05841847 0.05818703 0.05785254 0.05771796 0.05741744 0.05717108 0.05687908 0.05668880 0.05638790 0.05590451
0.05519391 0.05468427 0.05423666 0.05393627 0.05362713 0.05336796 0.05342506 0.05314274 0.05361473 0.05368217 0.05386392 0.05381048 0.05408512 0.05426357 0.05463691 0.05510960 0.05573311 0.05626376 0.05707734 0.05766544 0.05798113 0.05817943 0.05813493 0.05787143 0.05759229 0.05742129 0.05703408 0.05684586 0.05662746 0.05629531 0.05608516 0.05548308
0.05490689 0.05450819 0.05399646 0.05370212 0.05329706 0.05326950 0.05315681 0.05317026 0.05316715 0.05318849 0.05328927 0.05326973 0.05343440 0.05359376 0.05404688 0.05455499 0.05521826 0.05592914 0.05663243 0.05744892 0.05766977 0.05782513 0.05776181 0.05754451 0.05727866 0.05702564 0.05669686 0.05649915 0.05632103 0.05598602 0.05568235 0.05534543
0.05550557 0.05513113 0.05480600 0.05436695 0.05413353 0.05394599 0.05383343 0.05374493 0.05369179 0.05366561 0.05366236 0.05359510 0.05372098 0.05384894 0.05422343 0.05476830 0.05548472 0.05624765 0.05690545 0.05753655 0.05803241 0.05809169 0.05815402 0.05791949 0.05761447 0.05739590 0.05708103 0.05690673 0.05657089 0.05634501 0.05608459 0.05573999
0.05924564 0.05895476 0.05863184 0.05828343 0.05810556 0.05800624 0.05776173 0.05768341 0.05746923 0.05727784 0.05719358 0.05717452 0.05719053 0.05733823 0.05769660 0.05816309 0.05884420 0.05959192 0.06024843 0.06090653 0.06127891 0.06154543 0.06152210 0.06136971 0.06106851 0.06075120 0.06050567 0.06018983 0.05995819 0.05981740 0.05962870 0.05951736
0.06984547 0.06949872 0.06929877 0.06905536 0.06872613 0.06855503 0.06833665 0.06805783 0.06782652 0.06767498 0.06754667 0.06744359 0.06745266 0.06755379 0.06794613 0.06840786 0.06917040 0.06965090 0.07043465 0.07099464 0.07147913 0.07160695 0.07148323 0.07157069 0.07116649 0.07098790 0.07052425 0.07037298 0.07012899 0.07024173 0.07009637 0.06984357
0.09140591 0.09149725 0.09136401 0.09106835 0.09072530 0.09048450 0.09013908 0.09024577 0.08982241 0.08931696 0.08939696 0.08902500 0.08905804 0.08921287 0.08955850 0.09029347 0.09054254 0.09100822 0.09178161 0.09229757 0.09280272 0.09294205 0.09264821 0.09266112 0.09244674 0.09190471 0.09196114 0.09182424 0.09174488 0.09143366 0.09164366 0.09099641
0.12905363 0.12876367 0.12917469 0.12859793 0.12851366 0.12851779 0.12799562 0.12761345 0.12769545 0.12697703 0.12664372 0.12662364 0.12639386 0.12653965 0.12657878 0.12724839 0.12713314 0.12821715 0.12813291 0.12880642 0.12942374 0.12968101 0.12950556 0.12935234 0.12877293 0.12913319 0.12886917 0.12866861 0.12827452 0.12826193 0.12862865 0.12923310
0.18526482 0.18679539 0.18501874 0.18588414 0.18665167 0.18601247 0.18554074 0.18554698 0.18643632 0.18433809 0.18374145 0.18410907 0.18237052 0.18497588 0.18367071 0.18415076 0.18331932 0.18535561 0.18547692 0.18653768 0.18702325 0.18667121 0.18616584 0.18665959 0.18649554 0.18600614 0.18567327 0.18545319 0.18618447 0.18572586 0.18544619 0.18636023
0.26723104 0.26475371 0.26689491 0.26801149 0.26565050 0.26683619 0.26637882 0.26651632 0.26522312 0.26638272 0.26383899 0.26637168 0.26358743 0.26490631 0.26360570 0.26304502 0.26563305 0.26622550 0.26729633 0.26673428 0.26586226 0.26708513 0.26573491 0.26613558 0.26610914 0.26610898 0.26420333 0.26503887 0.26569566 0.26509395 0.26680721 0.26469740
0.36984631 0.36990778 0.37053062 0.37299020 0.37466893 0.37063617 0.37168974 0.36988601 0.37066878 0.36973863 0.36746314 0.36773208 0.36594928 0.37053717 0.36869755 0.37289630 0.36816448 0.37161517 0.37194908 0.36998113 0.37139358 0.37031006 0.36652279 0.37392706 0.37024739 0.36743899 0.36923714 0.36875242 0.37101693 0.36873776 0.37171096 0.36969854
0.49470146 0.49498773 0.49224128 0.49715636 0.49340205 0.49230205 0.49155901 0.49339557 0.49372960 0.49247655 0.49278649 0.49434698 0.48814019 0.49304076 0.49656428 0.49490507 0.49413031 0.49081611 0.49357674 0.49415953 0.49283802 0.49660679 0.49045735 0.49345547 0.48651670 0.49143075 0.48993117 0.48913730 0.49062306 0.49192241 0.48975513 0.49245696
0.62205384 0.62655630 0.62960242 0.61934131 0.63211952 0.61704370 0.62672755 0.62303856 0.62512203 0.62613309 0.62106202 0.62757689 0.62628815 0.62555285 0.62258889 0.62631433 0.62423570 0.61626445 0.62846328 0.63004099 0.62549763 0.62513930 0.62116868 0.62972701 0.62436987 0.61935544 0.62085781 0.62471973 0.62255937 0.62334117 0.62573622 0.61941519
0.74618239 0.75346031 0.75979433 0.76150762 0.75441289 0.74965473 0.75001083 0.75525438 0.75628953 0.74596328 0.74964473 0.74768572 0.75977101 0.76071674 0.76768998 0.74695743 0.75510020 0.75244490 0.74905252 0.75725555 0.74852881 0.74599520 0.75418290 0.75169183 0.75169819 0.74696341 0.75622565 0.74851541 0.74942613 0.74964094 0.75539269 0.75719059
0.85175904 0.86062880 0.85648955 0.86278431 0.86291531 0.85501724 0.85912608 0.85906265 0.85668365 0.85977487 0.85979524 0.85061157 0.86231144 0.86327415 0.86330067 0.85656295 0.85533614 0.85875962 0.84895104 0.84593519 0.85832191 0.86370628 0.85453803 0.86803379 0.85020094 0.84479828 0.85920237 0.86818242 0.86485857 0.85775943 0.84605177 0.85148187
0.93133209 0.92185864 0.94014119 0.92586408 0.92799871 0.92968673 0.92368897 0.91762917 0.92330391 0.92370239 0.92675712 0.92359170 0.92112897 0.91793764 0.92667235 0.93102424 0.92443103 0.92628974 0.91300439 0.91877679 0.92727970 0.92420972 0.91523430 0.93455535 0.92365015 0.92101181 0.92106918 0.92754051 0.91920749 0.93083783 0.92853046 0.91892851
0.94088358 0.94795478 0.94485945 0.94467437 0.94297741 0.93773585 0.93944878 0.93967584 0.93628864 0.93897586 0.94017898 0.94103749 0.94102441 0.94309237 0.93927441 0.94327174 0.94371309 0.94486915 0.93800060 0.94234967 0.94140949 0.93997672 0.94018496 0.94125719 0.94191572 0.94255129 0.94277615 0.94610167 0.94149417 0.94432951 0.94814297 0.94112950
0.91206992 0.91179683 0.91186131 0.90496076 0.90035430 0.89372438 0.89474322 0.90295418 0.90063964 0.90429305 0.90169906 0.90227200 0.90083952 0.91308300 0.90726276 0.91090990 0.90776180 0.90029038 0.91488498 0.91808989 0.90651292 0.91939022 0.90784879 0.89935620 0.91919294 0.90513681 0.89624581 0.90522365 0.91189268 0.91420635 0.91822889 0.91387476
0.83610766 0.83232329 0.83855144 0.83156180 0.81867162 0.82926279 0.81547069 0.81997010 0.82117770 0.81116197 0.81591005 0.82777663 0.83362951 0.83908381 0.83703849 0.82293851 0.84330131 0.82065434 0.84675255 0.82624305 0.83226454 0.82547556 0.82261422 0.83450779 0.82596806 0.84432960 0.83771607 0.83136283 0.83703950 0.83269272 0.82923063 0.82986022
0.72974155 0.71511634 0.71593675 0.71820428 0.70417634 0.70874628 0.71211568 0.71517883 0.71970150 0.71380747 0.71374591 0.70438458 0.71226770 0.71521893 0.72886520 0.71781960 0.71237477 0.71623062 0.71126483 0.71994695 0.71521221 0.70858588 0.71233954 0.71774436 0.71240067 0.72017861 0.72024372 0.71569342 0.72176020 0.72733563 0.72242154 0.72218486
0.58949603 0.59185420 0.58544052 0.57629137 0.57775183 0.58351916 0.58048553 0.57913207 0.57492596 0.57372433 0.57857782 0.58037146 0.58422929 0.58639413 0.58581669 0.58610667 0.58245828 0.58534601 0.57797765 0.57947515 0.58879560 0.58352954 0.58220965 0.58540251 0.59017409 0.59015941 0.58713896 0.59329088 0.58641839 0.58802586 0.58396870 0.59309531
0.45547966 0.45429210 0.45416520 0.45277216 0.45389489 0.44920203 0.44740442 0.44861826 0.44702777 0.45055138 0.45095428 0.45385686 0.44861394 0.45589463 0.45359628 0.45401840 0.45584521 0.45551417 0.45201321 0.45579872 0.45546353 0.45598082 0.45810205 0.45815251 0.45609425 0.45631122 0.45774218 0.45337238 0.45229687 0.46128879 0.46396322 0.45469677
0.33842967 0.33858010 0.33609229 0.33625819 0.33334262 0.33387190 0.33001330 0.33479214 0.33400074 0.33505367 0.33492031 0.33410559 0.33398835 0.33706713 0.33554507 0.33390029 0.33623972 0.33608095 0.33755000 0.33681262 0.33721424 0.33813688 0.33711678 0.33943686 0.33634141 0.34007446 0.33890297 0.34187223 0.34145860 0.34179511 0.33851704 0.33850932
0.24257873 0.24194532 0.24056520 0.23942393 0.23832019 0.23563727 0.23723341 0.23587430 0.23634217 0.23647356 0.23749835 0.23895565 0.23913983 0.23984309 0.24026575 0.24055267 0.23924957 0.24058136 0.24017424 0.24016704 0.24123723 0.23978320 0.24237079 0.24166628 0.24233666 0.24155871 0.24309814 0.24443378 0.24384340 0.24375050 0.24440974 0.24239548
0.16869368 0.16790593 0.16683173 0.16450531 0.16504003 0.16376491 0.16425498 0.16444986 0.16498011 0.16514194 0.16588142 0.16523879 0.16669722 0.16724222 0.16775668 0.16620957 0.16731365 0.16702719 0.16716833 0.16755682 0.16764298 0.16708340 0.16854247 0.16898403 0.16910064 0.16944277 0.17083664 0.17024910 0.17121412 0.17081128 0.17017892 0.17027915
0.11752076 0.11669401 0.11598997 0.11487028 0.11462633 0.11415710 0.11411256 0.11440301 0.11515007 0.11568509 0.11601664 0.11643512 0.11631032 0.11681931 0.11669412 0.11660186 0.11681216 0.11693556 0.11740335 0.11701601 0.11775335 0.11767265 0.11797466 0.11811993 0.11769224 0.11816872 0.11883238 0.11938028 0.11982462 0.11942040 0.11823298 0.11820551
0.08552916 0.08470089 0.08398920 0.08334033 0.08263789 0.08220881 0.08263886 0.08306983 0.08362240 0.08421168 0.08479544 0.08478920 0.08517000 0.08506071 0.08524887 0.08523106 0.08549984 0.08551851 0.08557589 0.08600222 0.08616683 0.08607427 0.08604317 0.08598628 0.08620540 0.08604643 0.08640541 0.08640564 0.08682913 0.08669198 0.08650665 0.08615786
0.06739967 0.06674330 0.06619884 0.06549608 0.06520090 0.06503881 0.06530886 0.06575808 0.06621341 0.06690509 0.06721441 0.06755766 0.06779856 0.06782391 0.06789609 0.06790859 0.06808927 0.06824484 0.06841370 0.06856780 0.06867721 0.06859987 0.06858503 0.06851406 0.06845220 0.06835983 0.06835210 0.06853434 0.06856737 0.06867866 0.06848680 0.06798744
0.05916182 0.05849872 0.05801216 0.05746887 0.05727020 0.05724147 0.05750611 0.05786456 0.05847179 0.05890948 0.05925266 0.05955603 0.05976287 0.05976535 0.05992331 0.06001910 0.06027165 0.06059765 0.06088189 0.06106611 0.06118241 0.06118546 0.06100883 0.06089490 0.06070462 0.06053240 0.06047149 0.06046786 0.06048586 0.06034167 0.06013007 0.05970495
0.05637496 0.05575095 0.05529853 0.05474743 0.05469183 0.05465705 0.05484356 0.05524148 0.05573870 0.05609445 0.05646981 0.05687211 0.05690968 0.05706974 0.05725441 0.05750750 0.05792343 0.05822843 0.05862105 0.05889951 0.05901323 0.05895644 0.05879743 0.05849306 0.05836531 0.05813873 0.05800578 0.05790659 0.05763739 0.05760994 0.05731801 0.05686528
0.05576146 0.05523981 0.05473333 0.05432533 0.05411655 0.05410348 0.05429976 0.05463110 0.05498798 0.05552084 0.05558524 0.05592506 0.05597946 0.05616823 0.05648865 0.05675332 0.05717773 0.05767166 0.05809981 0.05853065 0.05871041 0.05873905 0.05859988 0.05814740 0.05800972 0.05778732 0.05756319 0.05744405 0.05735343 0.05706518 0.05678054 0.05626695
