32 32 0.050596 1.3399
0.05287651 0.05251713 0.05232317 0.05203173 0.05187095 0.05183577 0.05194394 0.05187323 0.05202603 0.05226973 0.05239590 0.05266368 0.05289424 0.05334498 0.05378770 0.05438993 0.05504771 0.05579675 0.05641198 0.05685095 0.05694391 0.05676655 0.05664897 0.05619524 0.05582750 0.05534219 0.05485074 0.05443744 0.05418049 0.05388124 0.05352465 0.05325969
0.05256376 0.05223466 0.05194652 0.05166882 0.05149188 0.05148466 0.05145747 0.05130079 0.05144131 0.05165498 0.05196848 0.05210002 0.05223349 0.05257656 0.05319584 0.05385620 0.05469755 0.05535670 0.05593402 0.05650876 0.05672146 0.05659249 0.05643555 0.05599045 0.05543963 0.05506112 0.05458582 0.05416495 0.05379081 0.05352827 0.05320936 0.05287515
0.05221832 0.05191967 0.05165220 0.05152605 0.05130367 0.05106553 0.05107929 0.05068224 0.05101718 0.05102785 0.05112367 0.05117586 0.05151203 0.05192097 0.05246700 0.05309125 0.05395916 0.05455440 0.05546329 0.05598880 0.05618541 0.05626078 0.05604145 0.05556287 0.05506110 0.05467379 0.05412068 0.05373416 0.05340638 0.05308135 0.05286793 0.05250036
0.05205349 0.05178551 0.05154206 0.05138614 0.05103763 0.05098731 0.05088897 0.05076179 0.05063421 0.05059569 0.05062217 0.05066978 0.05091721 0.05137265 0.05186907 0.05270814 0.05350354 0.05431987 0.05506397 0.05582859 0.05594250 0.05595041 0.05567148 0.05525532 0.05474753 0.05433073 0.05382822 0.05347966 0.05318530 0.05285645 0.05259255 0.05233382
0.05344484 0.05314853 0.05301705 0.05268508 0.05252069 0.05235141 0.05214809 0.05194839 0.05175829 0.05160697 0.05158732 0.05155878 0.05183255 0.05219372 0.05281764 0.05362756 0.05453191 0.05541192 0.05612420 0.05672534 0.05709372 0.05698555 0.05681494 0.05638181 0.05587190 0.05537701 0.05496662 0.05441837 0.05422928 0.05400114 0.05376486 0.05350367
0.05953985 0.05932629 0.05915532 0.05884200 0.05873688 0.05857706 0.05824631 0.05796110 0.05762433 0.05728879 0.05725732 0.05739882 0.05755134 0.05799576 0.05863728 0.05937444 0.06031065 0.06123409 0.06192418 0.06258073 0.06283366 0.06292542 0.06264601 0.06235683 0.06177517 0.06123940 0.06084885 0.06045155 0.06003073 0.05979182 0.05970081 0.05975689
0.07565939 0.07536026 0.07512959 0.07502023 0.07454545 0.07440779 0.07395752 0.07349528 0.07316376 0.07300508 0.07281779 0.07292407 0.07317113 0.07361077 0.07436568 0.07521681 0.07619747 0.07677029 0.07770564 0.07822120 0.07857910 0.07851278 0.07813715 0.07812966 0.07740762 0.07709820 0.07630467 0.07612813 0.07578016 0.07595827 0.07584015 0.07555615
0.10789183 0.10808969 0.10798634 0.10751206 0.10696438 0.10656366 0.10596981 0.10605349 0.10541364 0.10473438 0.10504621 0.10477709 0.10517514 0.10571778 0.10656114 0.10786647 0.10823853 0.10874640 0.10969782 0.11013545 0.11054928 0.11048803 0.10990253 0.10974780 0.10939927 0.10856814 0.10862648 0.10840909 0.10819222 0.10781415 0.10815545 0.10736474
0.16383211 0.16345243 0.16367920 0.16276547 0.16247842 0.16236640 0.16142889 0.16082401 0.16096574 0.16006981 0.15982344 0.16012457 0.16033103 0.16088873 0.16138881 0.16260077 0.16256683 0.16405136 0.16369189 0.16447730 0.16509909 0.16528383 0.16481826 0.16449865 0.16353783 0.16404769 0.16406189 0.16346224 0.16282237 0.16282455 0.16329518 0.16414977
0.24677022 0.24898745 0.24608952 0.24716774 0.24809762 0.24682018 0.24603130 0.24594220 0.24730266 0.24441455 0.24380954 0.24472743 0.24290047 0.24727490 0.24581471 0.24686794 0.24582742 0.24876558 0.24872189 0.25019429 0.25061785 0.24992041 0.24899406 0.24959220 0.24945980 0.24871778 0.24822237 0.24791672 0.24898243 0.24822952 0.24762995 0.24882839
0.36799306 0.36372320 0.36670575 0.36791581 0.36385681 0.36566522 0.36479282 0.36500718 0.36308059 0.36532926 0.36172970 0.36596598 0.36262706 0.36500834 0.36372672 0.36326169 0.36740534 0.36819590 0.36958209 0.36872061 0.36723242 0.36897788 0.36679361 0.36739035 0.36734578 0.36743455 0.36464053 0.36582558 0.36698058 0.36582135 0.36806977 0.36453021
0.51961014 0.51877981 0.52026418 0.52277549 0.52507296 0.51889651 0.51991038 0.51715654 0.51885438 0.51716015 0.51409824 0.51565229 0.51308951 0.52099507 0.51896329 0.52523245 0.51851927 0.52362955 0.52404882 0.52103433 0.52287350 0.52130081 0.51557953 0.52715416 0.52126051 0.51723483 0.52030558 0.51948547 0.52252508 0.51915495 0.52314124 0.51948527
0.70389045 0.70449584 0.69876321 0.70616582 0.70033108 0.69832752 0.69554647 0.69832675 0.70008013 0.69747109 0.70006404 0.70345732 0.69343554 0.70247703 0.70775851 0.70645032 0.70384939 0.69817012 0.70370072 0.70453288 0.70189732 0.70789022 0.69813219 0.70369536 0.69205082 0.70031963 0.69837565 0.69767926 0.69904972 0.70169114 0.69695336 0.69975887
0.89455690 0.89675631 0.90175442 0.88601527 0.90521952 0.88270195 0.89769734 0.88833617 0.89321465 0.89739750 0.89014059 0.90015207 0.90101162 0.89759296 0.89238628 0.89981747 0.89832375 0.88283185 0.90304038 0.90506674 0.89845546 0.89741740 0.88917731 0.90468888 0.89648950 0.88952492 0.89141235 0.89692739 0.89718966 0.89566698 0.89986247 0.88846577
1.07593445 1.08618111 1.09840442 1.10019154 1.08810914 1.08105978 1.08084573 1.08713397 1.09173862 1.07520445 1.08080733 1.07951081 1.10101618 1.09968528 1.11445705 1.07513240 1.09042517 1.08499782 1.08175905 1.09608973 1.07809063 1.07682640 1.09037378 1.08629706 1.08618429 1.07662999 1.09290725 1.08214781 1.08288914 1.08240735 1.09289259 1.09304527
1.23388155 1.24935627 1.23792960 1.25217138 1.25047846 1.23049418 1.24359524 1.24326585 1.24048772 1.24609002 1.24813471 1.23501268 1.25428367 1.25665828 1.25683407 1.24342077 1.24497031 1.24477956 1.22928897 1.22707766 1.24011594 1.25478955 1.23715867 1.26539550 1.23353761 1.21973741 1.24910332 1.26335152 1.25617457 1.24916768 1.22606905 1.23074762
1.35935529 1.34290079 1.37501476 1.34928856 1.34937811 1.35451266 1.34332951 1.33186350 1.34409680 1.34581713 1.35348069 1.34904266 1.34452321 1.33863272 1.35535736 1.36028137 1.34850165 1.35124036 1.32993956 1.33987092 1.34974703 1.34617293 1.33340069 1.36413607 1.34785542 1.34025198 1.34322736 1.35547036 1.34139377 1.35764801 1.35338810 1.33239971
1.38181632 1.38924370 1.38330674 1.38277110 1.38085963 1.37300462 1.37425048 1.37387044 1.36789133 1.37410801 1.37602406 1.37820762 1.37924203 1.38460577 1.37744402 1.38387348 1.38397597 1.38600018 1.37370270 1.37936816 1.37808125 1.37710581 1.37665771 1.37590741 1.37961359 1.38048314 1.37997805 1.38386719 1.37877339 1.38409791 1.39047527 1.37464077
1.34184801 1.33827844 1.33875065 1.32761403 1.32003877 1.31070644 1.31399947 1.32810146 1.32475446 1.33103382 1.32741545 1.33001696 1.32300067 1.34149246 1.33434496 1.34148405 1.33475883 1.32542307 1.34500452 1.35265668 1.33208625 1.34573334 1.33294144 1.32613740 1.35386027 1.33027316 1.31551845 1.33237332 1.33751625 1.34043482 1.35054059 1.34469537
1.22905302 1.22724480 1.23588788 1.22539117 1.20925962 1.22121341 1.19945825 1.21450898 1.21077909 1.19384162 1.20137621 1.22157327 1.22844127 1.24376667 1.23624199 1.21591447 1.25465748 1.21335026 1.25418113 1.21886368 1.22970102 1.21530408 1.21562992 1.23233553 1.21724034 1.24866168 1.23704506 1.22975829 1.23284645 1.22713705 1.21921737 1.22026409
1.08173134 1.05436018 1.05935048 1.06176616 1.04032792 1.05166203 1.05440964 1.06375596 1.07098329 1.05871483 1.06056781 1.04027569 1.05567009 1.06479377 1.08828501 1.06864465 1.05768417 1.06374740 1.05451782 1.06616813 1.05517204 1.04489229 1.05210165 1.06504269 1.05104937 1.06744642 1.06412181 1.05414581 1.06477087 1.07522341 1.06721947 1.06508786
0.87136230 0.87570451 0.86885384 0.85126582 0.85496168 0.86508243 0.86331209 0.86149034 0.85370370 0.84958830 0.85819797 0.86226888 0.86898240 0.87135779 0.87236689 0.87223341 0.86517615 0.86862515 0.85624421 0.85723631 0.87318898 0.86634431 0.86241157 0.86806202 0.87600882 0.87484765 0.86769588 0.87775684 0.86634414 0.86982839 0.86087934 0.87511534
0.67076179 0.66815389 0.67165304 0.66891636 0.67359115 0.66641896 0.66406295 0.66507168 0.66139374 0.66884031 0.66802151 0.67299156 0.66465759 0.67699166 0.67423444 0.67522582 0.67759803 0.67564773 0.67000794 0.67659625 0.67503260 0.67645836 0.67828793 0.67796262 0.67389957 0.67361998 0.67517888 0.66752922 0.66395167 0.67881861 0.68363594 0.66901045
0.49460820 0.49617821 0.49312937 0.49511134 0.49075220 0.49249532 0.48644767 0.49452668 0.49238760 0.49377897 0.49344873 0.49208825 0.49188813 0.49680254 0.49513620 0.49182753 0.49646463 0.49539374 0.49800729 0.49627777 0.49654443 0.49769278 0.49559546 0.49905275 0.49363181 0.49830341 0.49630188 0.50016680 0.49826028 0.49889454 0.49341356 0.49415581
0.34871245 0.34865293 0.34761596 0.34684991 0.34609175 0.34190069 0.34507588 0.34219647 0.34290323 0.34251794 0.34386861 0.34635319 0.34656749 0.34781784 0.34863018 0.34919487 0.34745549 0.34910362 0.34866958 0.34838413 0.34966739 0.34721490 0.35117738 0.34958739 0.35027756 0.34833936 0.34989041 0.35139366 0.34985447 0.34916058 0.35021360 0.34758612
0.23476083 0.23447739 0.23371759 0.23087539 0.23245945 0.23066661 0.23153618 0.23160523 0.23213299 0.23154340 0.23240490 0.23111345 0.23358273 0.23462765 0.23561761 0.23325906 0.23534294 0.23487284 0.23499376 0.23558213 0.23571878 0.23448854 0.23668144 0.23713234 0.23690051 0.23701272 0.23845318 0.23667697 0.23770607 0.23697703 0.23596526 0.23666851
0.15504632 0.15448096 0.15411405 0.15309816 0.15315309 0.15261558 0.15241185 0.15252723 0.15301945 0.15347134 0.15368057 0.15389731 0.15369419 0.15469790 0.15474538 0.15475512 0.15535695 0.15559831 0.15645918 0.15572905 0.15695834 0.15677779 0.15713242 0.15716346 0.15624061 0.15653379 0.15708690 0.15736409 0.15768910 0.15682645 0.15528328 0.15545994
0.10420385 0.10363897 0.10325091 0.10268819 0.10195779 0.10127072 0.10169715 0.10198001 0.10222347 0.10260182 0.10326113 0.10300226 0.10353526 0.10345708 0.10401784 0.10421996 0.10486556 0.10501913 0.10517986 0.10588708 0.10618078 0.10597517 0.10594980 0.10569107 0.10591932 0.10523111 0.10549658 0.10501132 0.10545113 0.10506336 0.10482399 0.10464800
0.07461407 0.07423515 0.07386986 0.07335045 0.07304924 0.07279924 0.07291631 0.07309056 0.07333772 0.07378643 0.07397019 0.07432085 0.07464891 0.07489274 0.07530965 0.07543705 0.07596963 0.07631026 0.07662287 0.07683744 0.07704428 0.07692641 0.07690163 0.07675807 0.07650537 0.07610856 0.07582500 0.07578370 0.07557192 0.07563072 0.07548973 0.07508288
0.06032726 0.05992227 0.05963095 0.05923538 0.05911832 0.05908216 0.05909845 0.05920561 0.05955778 0.05985599 0.06006885 0.06036892 0.06060398 0.06079387 0.06121693 0.06156951 0.06201543 0.06262697 0.06305008 0.06333829 0.06348177 0.06354284 0.06315324 0.06296358 0.06259734 0.06213760 0.06183107 0.06159057 0.06139677 0.06125196 0.06109931 0.06069194
0.05485624 0.05452538 0.05423813 0.05385130 0.05383724 0.05375714 0.05380842 0.05397897 0.05428627 0.05441197 0.05471822 0.05504155 0.05519764 0.05554873 0.05597265 0.05646925 0.05711792 0.05762093 0.05811597 0.05846463 0.05857921 0.05843136 0.05823228 0.05782167 0.05746971 0.05699095 0.05664172 0.05634376 0.05595316 0.05581537 0.05552705 0.05521224
0.05331339 0.05297092 0.05265305 0.05243344 0.05226430 0.05226108 0.05228016 0.05244983 0.05261406 0.05298843 0.05304525 0.05336154 0.05350335 0.05392532 0.05442171 0.05493307 0.05554095 0.05623006 0.05676603 0.05719797 0.05737374 0.05729637 0.05703440 0.05648221 0.05609982 0.05565052 0.05520725 0.05492224 0.05465696 0.05433426 0.05407059 0.05364734
