32 32 0.052287 1.2863
0.05456693 0.05405288 0.05379337 0.05359049 0.05357685 0.05383023 0.05424293 0.05452108 0.05500825 0.05545925 0.05578264 0.05604170 0.05615378 0.05643931 0.05666214 0.05697879 0.05731086 0.05782479 0.05825451 0.05856856 0.05861319 0.05849971 0.05842511 0.05813968 0.05784551 0.05752169 0.05714776 0.05676341 0.05645523 0.05609157 0.05557715 0.05512022
0.05409638 0.05362171 0.05328467 0.05307436 0.05304273 0.05333895 0.05363145 0.05382465 0.05427741 0.05475019 0.05522003 0.05537885 0.05548804 0.05566797 0.05608224 0.05650414 0.05706590 0.05755619 0.05797028 0.05851129 0.05866928 0.05861083 0.05854461 0.05820706 0.05774921 0.05745280 0.05698279 0.05655906 0.05610365 0.05567142 0.05514907 0.05459591
0.05357129 0.05309365 0.05280179 0.05275536 0.05268457 0.05270737 0.05308839 0.05304525 0.05373477 0.05394344 0.05428759 0.05436486 0.05468151 0.05502436 0.05540415 0.05584961 0.05650572 0.05691501 0.05772743 0.05823278 0.05843987 0.05858440 0.05845043 0.05805031 0.05761893 0.05727366 0.05668641 0.05621604 0.05572533 0.05515747 0.05464722 0.05405045
0.05320647 0.05278162 0.05248760 0.05238757 0.05228659 0.05252176 0.05272866 0.05296122 0.05321863 0.05347943 0.05369850 0.05383290 0.05413129 0.05440569 0.05483858 0.05554585 0.05616910 0.05686938 0.05752289 0.05829046 0.05843873 0.05853132 0.05838250 0.05800246 0.05756386 0.05710001 0.05652206 0.05597844 0.05548392 0.05486780 0.05426903 0.05373925
0.05432872 0.05387244 0.05365162 0.05349381 0.05350371 0.05363898 0.05381119 0.05400043 0.05417765 0.05434745 0.05458466 0.05470260 0.05495694 0.05526372 0.05583105 0.05645080 0.05722657 0.05801579 0.05869019 0.05928208 0.05974697 0.05967011 0.05966917 0.05926541 0.05876610 0.05823860 0.05765389 0.05692311 0.05639146 0.05582790 0.05522239 0.05465296
0.06002778 0.05966634 0.05948570 0.05933217 0.05941344 0.05960119 0.05965031 0.05980851 0.05984348 0.05986869 0.06009710 0.06027810 0.06054085 0.06093356 0.06147022 0.06207668 0.06290008 0.06370319 0.06435467 0.06506885 0.06539745 0.06560015 0.06543498 0.06508837 0.06457175 0.06396553 0.06339569 0.06262761 0.06194740 0.06135904 0.06084182 0.06044147
0.07556049 0.07505209 0.07489919 0.07491620 0.07469824 0.07491880 0.07493484 0.07491765 0.07501313 0.07518914 0.07522916 0.07546197 0.07574828 0.07611210 0.07675844 0.07746364 0.07836185 0.07890378 0.07978771 0.08034179 0.08078369 0.08084394 0.08058864 0.08057881 0.07986110 0.07939922 0.07842785 0.07787139 0.07715763 0.07685980 0.07632925 0.07571980
0.10661440 0.10672960 0.10662165 0.10636459 0.10616731 0.10616989 0.10606306 0.10662238 0.10635454 0.10604882 0.10661311 0.10643834 0.10683835 0.10737805 0.10809187 0.10921840 0.10950166 0.10996163 0.11085976 0.11136654 0.11186267 0.11189211 0.11149709 0.11140747 0.11090278 0.10986678 0.10966794 0.10906153 0.10844993 0.10758485 0.10746160 0.10637797
0.16066167 0.16026660 0.16055156 0.15987913 0.15998198 0.16029850 0.15989856 0.15968480 0.16024591 0.15972076 0.15974373 0.16020419 0.16044413 0.16092951 0.16130072 0.16237802 0.16222375 0.16357117 0.16320506 0.16401860 0.16477109 0.16504812 0.16468608 0.16435658 0.16334189 0.16357007 0.16315940 0.16222743 0.16112556 0.16064347 0.16066606 0.16111993
0.24072581 0.24284568 0.24027652 0.24153236 0.24284815 0.24205555 0.24174277 0.24216221 0.24392507 0.24142467 0.24106421 0.24208391 0.24029247 0.24459865 0.24306287 0.24392156 0.24268691 0.24556809 0.24549509 0.24698672 0.24747685 0.24695221 0.24609188 0.24659838 0.24626738 0.24532029 0.24447941 0.24371658 0.24424025 0.24300322 0.24199946 0.24286248
0.35774511 0.35366158 0.35674469 0.35827267 0.35469075 0.35695285 0.35658224 0.35726241 0.35579141 0.35841524 0.35513940 0.35937881 0.35623847 0.35843083 0.35704899 0.35647443 0.36031914 0.36089574 0.36226931 0.36152995 0.36017116 0.36187815 0.35983867 0.36033668 0.36009957 0.35988137 0.35678399 0.35743828 0.35797675 0.35640249 0.35822032 0.35447583
0.50397407 0.50328315 0.50479260 0.50768605 0.51034974 0.50477036 0.50621184 0.50405156 0.50615154 0.50485539 0.50218197 0.50386051 0.50146760 0.50900965 0.50690021 0.51282788 0.50616674 0.51099249 0.51134917 0.50847620 0.51032800 0.50886256 0.50340104 0.51433920 0.50856898 0.50433872 0.50680632 0.50553078 0.50803120 0.50422604 0.50770732 0.50397439
0.68160216 0.68218893 0.67696527 0.68431956 0.67904709 0.67755130 0.67543201 0.67852480 0.68059709 0.67854587 0.68127738 0.68467838 0.67519691 0.68380172 0.68877562 0.68736067 0.68479102 0.67922586 0.68443219 0.68524344 0.68278110 0.68860161 0.67922430 0.68438818 0.67309795 0.68067695 0.67833884 0.67712909 0.67804677 0.68001300 0.67521953 0.67784600
0.86479645 0.86734252 0.87225327 0.85739121 0.87605757 0.85467133 0.86942880 0.86127169 0.86623613 0.87048831 0.86388172 0.87381085 0.87459955 0.87149487 0.86649303 0.87331044 0.87155654 0.85677869 0.87604619 0.87802280 0.87167029 0.87075872 0.86301440 0.87771508 0.86961815 0.86253351 0.86402723 0.86902496 0.86821978 0.86671022 0.87030485 0.85931191
1.03931123 1.04911485 1.06070375 1.06249405 1.05125231 1.04476283 1.04496947 1.05157459 1.05620295 1.04088783 1.04673887 1.04568586 1.06632593 1.06521186 1.07898310 1.04179449 1.05598896 1.05064224 1.04722205 1.06089683 1.04387459 1.04260568 1.05554188 1.05159792 1.05136834 1.04219513 1.05735298 1.04647920 1.04689401 1.04613527 1.05566532 1.05583250
1.19093348 1.20504039 1.19474765 1.20778406 1.20633530 1.18815066 1.20047778 1.20066471 1.19839427 1.20417809 1.20647343 1.19431014 1.21275481 1.21480632 1.21495761 1.20223904 1.20314007 1.20304636 1.18803630 1.18573995 1.19863883 1.21229918 1.19567977 1.22277887 1.19188278 1.17931688 1.20637343 1.21928665 1.21268775 1.20536782 1.18331089 1.18875712
1.30960998 1.29409818 1.32401599 1.29991944 1.30017897 1.30495327 1.29497252 1.28480775 1.29667802 1.29868792 1.30608855 1.30229428 1.29834102 1.29306991 1.30800436 1.31265075 1.30118424 1.30345234 1.28303370 1.29213602 1.30178045 1.29831413 1.28621096 1.31515243 1.29976189 1.29335570 1.29549229 1.30665033 1.29335870 1.30861065 1.30437853 1.28461119
1.32913691 1.33680424 1.33104617 1.33067531 1.32846543 1.32082231 1.32299780 1.32317969 1.31894257 1.32430559 1.32680747 1.32915959 1.33019987 1.33482472 1.32804624 1.33371849 1.33340107 1.33485280 1.32220423 1.32799524 1.32632319 1.32504292 1.32508411 1.32517743 1.32807848 1.32924365 1.32947761 1.33365453 1.32773102 1.33226626 1.33854611 1.32329932
1.29005467 1.28680784 1.28713976 1.27668708 1.27002410 1.26055298 1.26390015 1.27759285 1.27513643 1.28142318 1.27830930 1.28105617 1.27485725 1.29233344 1.28495892 1.29106920 1.28385656 1.27411267 1.29345863 1.29928958 1.27986362 1.29379857 1.28092054 1.27369100 1.30171000 1.27864486 1.26450103 1.28090466 1.28656458 1.28950892 1.29847257 1.29287928
1.18104098 1.17874974 1.18694793 1.17683938 1.16127740 1.17314988 1.15285452 1.16689068 1.16460467 1.14913802 1.15647078 1.17594164 1.18254241 1.19652564 1.18914656 1.16864482 1.20444072 1.16455382 1.20338043 1.16922471 1.17939687 1.16602889 1.16584209 1.18211455 1.16821044 1.19687574 1.18744914 1.18029249 1.18426976 1.17902205 1.17185754 1.17270406
1.03796372 1.01242680 1.01655117 1.01889352 0.99841028 1.00901755 1.01229228 1.02108883 1.02871397 1.01770899 1.01961291 1.00097899 1.01539946 1.02327022 1.04483243 1.02556960 1.01458551 1.01957826 1.01040160 1.02106623 1.01092416 1.00112557 1.00774369 1.01976844 1.00760971 1.02285531 1.02065085 1.01197103 1.02222932 1.03217585 1.02473143 1.02287770
0.83626395 0.84013890 0.83316874 0.81653706 0.82007091 0.82985601 0.82812427 0.82678676 0.81999031 0.81680653 0.82522003 0.82905127 0.83529456 0.83727092 0.83746594 0.83664533 0.82924419 0.83184216 0.81962800 0.82030570 0.83492615 0.82820915 0.82485308 0.83033771 0.83813915 0.83759291 0.83168868 0.84154613 0.83123025 0.83462985 0.82661136 0.84013220
0.64394841 0.64132080 0.64414497 0.64156053 0.64568592 0.63904142 0.63705449 0.63857944 0.63570979 0.64293944 0.64260685 0.64743196 0.63931689 0.65059744 0.64736880 0.64755527 0.64909973 0.64654571 0.64061553 0.64635305 0.64474083 0.64592841 0.64798518 0.64801302 0.64464584 0.64493097 0.64696036 0.64039344 0.63767060 0.65172976 0.65640128 0.64251987
0.47531048 0.47648280 0.47331641 0.47493021 0.47082146 0.47255939 0.46716308 0.47512400 0.47366749 0.47538951 0.47533829 0.47413970 0.47382865 0.47807346 0.47592852 0.47211456 0.47579126 0.47411840 0.47600851 0.47400365 0.47409081 0.47518817 0.47339153 0.47692588 0.47212295 0.47734609 0.47585631 0.48005300 0.47883719 0.47962269 0.47455900 0.47510547
0.33594538 0.33555037 0.33428619 0.33336524 0.33265889 0.32877959 0.33206774 0.32980417 0.33091480 0.33091948 0.33248948 0.33493723 0.33499348 0.33581582 0.33609739 0.33601968 0.33368076 0.33461336 0.33366913 0.33305307 0.33409138 0.33182156 0.33568766 0.33451335 0.33556037 0.33421580 0.33630335 0.33817327 0.33715216 0.33671592 0.33778142 0.33511954
0.22734453 0.22672783 0.22572378 0.22286854 0.22435692 0.22288727 0.22394537 0.22443168 0.22529726 0.22524495 0.22630197 0.22517494 0.22738897 0.22806177 0.22847376 0.22565162 0.22706046 0.22597910 0.22564658 0.22588989 0.22584919 0.22471506 0.22694719 0.22765048 0.22782047 0.22836704 0.23029683 0.22909756 0.23039987 0.22985879 0.22891321 0.22930918
0.15140539 0.15062419 0.15006765 0.14896061 0.14903581 0.14870512 0.14884498 0.14933612 0.15030640 0.15107881 0.15147686 0.15180062 0.15151672 0.15213618 0.15169918 0.15118465 0.15120191 0.15084297 0.15129301 0.15025314 0.15131742 0.15113519 0.15163974 0.15191269 0.15138587 0.15204655 0.15292261 0.15369120 0.15431153 0.15360962 0.15209236 0.15211867
0.10319824 0.10240554 0.10179255 0.10122619 0.10059510 0.10013287 0.10088303 0.10153792 0.10219663 0.10289693 0.10366140 0.10358140 0.10396636 0.10356783 0.10370256 0.10338320 0.10350423 0.10313398 0.10290338 0.10332510 0.10348106 0.10325785 0.10332256 0.10333966 0.10379500 0.10356181 0.10421913 0.10410002 0.10470712 0.10446531 0.10420765 0.10385130
0.07525316 0.07464099 0.07412071 0.07358455 0.07338062 0.07337927 0.07382521 0.07439448 0.07500603 0.07578676 0.07614599 0.07654410 0.07670036 0.07665599 0.07665237 0.07632163 0.07632226 0.07621741 0.07616605 0.07614661 0.07622573 0.07611826 0.07617864 0.07624137 0.07628514 0.07622545 0.07629300 0.07651165 0.07650593 0.07662072 0.07641013 0.07585502
0.06176262 0.06120371 0.06078454 0.06045991 0.06039429 0.06053569 0.06090541 0.06142432 0.06212011 0.06269527 0.06308575 0.06337933 0.06356126 0.06346360 0.06347782 0.06339144 0.06337546 0.06357055 0.06370168 0.06376515 0.06383667 0.06382970 0.06360642 0.06359655 0.06348310 0.06329906 0.06327073 0.06324484 0.06321554 0.06308710 0.06288744 0.06232347
0.05661684 0.05610929 0.05574846 0.05537403 0.05549557 0.05568889 0.05608549 0.05658551 0.05722616 0.05760750 0.05806316 0.05847077 0.05844884 0.05855032 0.05865221 0.05875310 0.05900006 0.05917313 0.05937805 0.05954178 0.05957074 0.05947466 0.05934722 0.05907571 0.05893296 0.05870252 0.05856960 0.05841482 0.05807724 0.05798755 0.05758799 0.05710183
0.05506753 0.05459187 0.05420527 0.05401682 0.05400668 0.05422912 0.05462763 0.05511967 0.05565231 0.05626170 0.05644511 0.05678846 0.05683467 0.05701236 0.05726541 0.05741491 0.05757526 0.05807413 0.05838600 0.05865255 0.05877475 0.05873040 0.05853166 0.05808891 0.05790527 0.05763953 0.05734757 0.05718463 0.05694491 0.05655733 0.05612863 0.05558044
