32 32 0.051009 0.98257
0.05357035 0.05298361 0.05259240 0.05215823 0.05197453 0.05197044 0.05215714 0.05221993 0.05247588 0.05273973 0.05286038 0.05300938 0.05300632 0.05328128 0.05344541 0.05380411 0.05415154 0.05478636 0.05534349 0.05582574 0.05605110 0.05611461 0.05631403 0.05624902 0.05616643 0.05601295 0.05579655 0.05556466 0.05535840 0.05508185 0.05460021 0.05408993
0.05331059 0.05280291 0.05235168 0.05193089 0.05179539 0.05176788 0.05180039 0.05183767 0.05196618 0.05224409 0.05255530 0.05250578 0.05244659 0.05253406 0.05287386 0.05326075 0.05387936 0.05442664 0.05497769 0.05561942 0.05599037 0.05612196 0.05628064 0.05620009 0.05598668 0.05587970 0.05565264 0.05535288 0.05504554 0.05473164 0.05432866 0.05382518
0.05294589 0.05251076 0.05209356 0.05188022 0.05163550 0.05142902 0.05153880 0.05124297 0.05163886 0.05164568 0.05171275 0.05161999 0.05173357 0.05187168 0.05217273 0.05255358 0.05316097 0.05362231 0.05451472 0.05516743 0.05552179 0.05592349 0.05601622 0.05591299 0.05572109 0.05561386 0.05524646 0.05499027 0.05467731 0.05424848 0.05393350 0.05325536
0.05258876 0.05212683 0.05180578 0.05162129 0.05129225 0.05135107 0.05127430 0.05127678 0.05119799 0.05115569 0.05113568 0.05100865 0.05104532 0.05119206 0.05147716 0.05205641 0.05258351 0.05330893 0.05404356 0.05494281 0.05523150 0.05558198 0.05565683 0.05559642 0.05539421 0.05520932 0.05488823 0.05456570 0.05429069 0.05386158 0.05343456 0.05301857
0.05317060 0.05280588 0.05263047 0.05237538 0.05221075 0.05211143 0.05201743 0.05191396 0.05179363 0.05165400 0.05154224 0.05136541 0.05136299 0.05144550 0.05174941 0.05223036 0.05293106 0.05371230 0.05445282 0.05513881 0.05579568 0.05600988 0.05618574 0.05612020 0.05591739 0.05566268 0.05534938 0.05504728 0.05458066 0.05423025 0.05385796 0.05341105
0.05726155 0.05702088 0.05685713 0.05667133 0.05659320 0.05649946 0.05632486 0.05620092 0.05591519 0.05563209 0.05538431 0.05526463 0.05518879 0.05529288 0.05558066 0.05602533 0.05674196 0.05749659 0.05816005 0.05901622 0.05950894 0.05996081 0.06009919 0.06009734 0.05989285 0.05956161 0.05923161 0.05877698 0.05840058 0.05808494 0.05772765 0.05758179
0.06894919 0.06871431 0.06862805 0.06857901 0.06831106 0.06826314 0.06801396 0.06767573 0.06738521 0.06706237 0.06683017 0.06660484 0.06651080 0.06656236 0.06691604 0.06741576 0.06814435 0.06873711 0.06960398 0.07030540 0.07095291 0.07126367 0.07131367 0.07157252 0.07120750 0.07102715 0.07040956 0.07013349 0.06973163 0.06962112 0.06932248 0.06895676
0.09281823 0.09301017 0.09301927 0.09286047 0.09260402 0.09244663 0.09207006 0.09214075 0.09155369 0.09088315 0.09080544 0.09033030 0.09028506 0.09042981 0.09078057 0.09158107 0.09184136 0.09237692 0.09329004 0.09393564 0.09461912 0.09496698 0.09484243 0.09506147 0.09487168 0.09425684 0.09424780 0.09398874 0.09359971 0.09303077 0.09314378 0.09237302
0.13442990 0.13419778 0.13467835 0.13426109 0.13430671 0.13435233 0.13373583 0.13331199 0.13324073 0.13231790 0.13182329 0.13167568 0.13141369 0.13153527 0.13160372 0.13233734 0.13227906 0.13348744 0.13341631 0.13439261 0.13519175 0.13569618 0.13568841 0.13568886 0.13511901 0.13545853 0.13516484 0.13473706 0.13403102 0.13377487 0.13400722 0.13454775
0.19629653 0.19821212 0.19629388 0.19747138 0.19837104 0.19768858 0.19715221 0.19705257 0.19782966 0.19540627 0.19461740 0.19492148 0.19299681 0.19591552 0.19448376 0.19507839 0.19425738 0.19655071 0.19680255 0.19814221 0.19888730 0.19867368 0.19833598 0.19904981 0.19894733 0.19839439 0.19795562 0.19749114 0.19802447 0.19722992 0.19672958 0.19763598
0.28676913 0.28391207 0.28656197 0.28789776 0.28531133 0.28665967 0.28606105 0.28607596 0.28445084 0.28572617 0.28262904 0.28537953 0.28230391 0.28378788 0.28244952 0.28193813 0.28493097 0.28569252 0.28707850 0.28660338 0.28584124 0.28744313 0.28612503 0.28676402 0.28682211 0.28681858 0.28458909 0.28528624 0.28574170 0.28480575 0.28650192 0.28397146
0.39976014 0.39975952 0.40084649 0.40345659 0.40533046 0.40077421 0.40181425 0.39958442 0.40034240 0.39902809 0.39636892 0.39668379 0.39465590 0.39985881 0.39799966 0.40272109 0.39772191 0.40163415 0.40220962 0.40025006 0.40204406 0.40108136 0.39710705 0.40561091 0.40155228 0.39841236 0.40036015 0.39954079 0.40175209 0.39896886 0.40202569 0.39958327
0.53706811 0.53751511 0.53425652 0.53981336 0.53563643 0.53427277 0.53303118 0.53485285 0.53519648 0.53341929 0.53391457 0.53565920 0.52863816 0.53439624 0.53836527 0.53691035 0.53607378 0.53245057 0.53591719 0.53679751 0.53545782 0.53992887 0.53326457 0.53692118 0.52911576 0.53467493 0.53294335 0.53191195 0.53322006 0.53449519 0.53171099 0.53444129
0.67711585 0.68135667 0.68488251 0.67347422 0.68757992 0.67070902 0.68132673 0.67640316 0.67870968 0.68006070 0.67429681 0.68141560 0.68049885 0.67942920 0.67617833 0.68084739 0.67902398 0.66990108 0.68394084 0.68583855 0.68106742 0.68080655 0.67620415 0.68629503 0.68043548 0.67496372 0.67646778 0.68056267 0.67837507 0.67867798 0.68124053 0.67388141
0.81257162 0.82039285 0.82796033 0.82933563 0.82130314 0.81590545 0.81586131 0.82106619 0.82246539 0.81063365 0.81458149 0.81273059 0.82668295 0.82753400 0.83601699 0.81205134 0.82209630 0.81913919 0.81589226 0.82536219 0.81518473 0.81294200 0.82237800 0.81976263 0.81980664 0.81409487 0.82474290 0.81622323 0.81703404 0.81692147 0.82333608 0.82487833
0.92793540 0.93777727 0.93222303 0.93961185 0.93929794 0.92860259 0.93438158 0.93399775 0.93126957 0.93467840 0.93481085 0.92489158 0.93827224 0.93984437 0.94032191 0.93270467 0.93221398 0.93521076 0.92510242 0.92145046 0.93482753 0.94188952 0.93125349 0.94713676 0.92730031 0.92040050 0.93744212 0.94692048 0.94314807 0.93574847 0.92198700 0.92706273
1.01483818 1.00438883 1.02462973 1.00801987 1.00970722 1.01148136 1.00412177 0.99702550 1.00353448 1.00392151 1.00754672 1.00463794 1.00178051 0.99828096 1.00936551 1.01413034 1.00713790 1.00931190 0.99502285 1.00128363 1.01015429 1.00705301 0.99772725 1.01834664 1.00709982 1.00370871 1.00435057 1.01173733 1.00240999 1.01467381 1.01204328 0.99988483
1.02538202 1.03277034 1.02832761 1.02812563 1.02558696 1.01896564 1.02089077 1.02073827 1.01571086 1.01943562 1.02137694 1.02254111 1.02305909 1.02633400 1.02236072 1.02699978 1.02832615 1.02956438 1.02115996 1.02663711 1.02490017 1.02371370 1.02379764 1.02559215 1.02609614 1.02698321 1.02729911 1.03104830 1.02609407 1.02901089 1.03357387 1.02440672
0.99250049 0.99142239 0.99119873 0.98290720 0.97719690 0.96954399 0.97105432 0.98028660 0.97777148 0.98153857 0.97906210 0.98005269 0.97841390 0.99214837 0.98652105 0.99128254 0.98771214 0.97969025 0.99586588 0.99968625 0.98623139 0.99965903 0.98744818 0.97934159 1.00092115 0.98509505 0.97513901 0.98559963 0.99236591 0.99480739 0.99958736 0.99473414
0.90778181 0.90389940 0.91034071 0.90229128 0.88806662 0.89918530 0.88348435 0.88938192 0.89027529 0.87877803 0.88410462 0.89797791 0.90416447 0.91189949 0.90923799 0.89426792 0.91766572 0.89240997 0.92161045 0.89791650 0.90442634 0.89651982 0.89383453 0.90697409 0.89754418 0.91758987 0.91140943 0.90454699 0.91008455 0.90533956 0.90092689 0.90135718
0.79166705 0.77474540 0.77578758 0.77784003 0.76234574 0.76758300 0.77094858 0.77483231 0.77989165 0.77307611 0.77338953 0.76288268 0.77207519 0.77618110 0.79149060 0.77968079 0.77355503 0.77774124 0.77203817 0.78104751 0.77538385 0.76798901 0.77228049 0.77885310 0.77257684 0.78170684 0.78158547 0.77621609 0.78327911 0.78959445 0.78395918 0.78313768
0.63748242 0.63983883 0.63288113 0.62216318 0.62385000 0.63019146 0.62721083 0.62584491 0.62112771 0.61954979 0.62520943 0.62755180 0.63211883 0.63467501 0.63450971 0.63495425 0.63087135 0.63382435 0.62551671 0.62687634 0.63704033 0.63133905 0.62969832 0.63341448 0.63888239 0.63889747 0.63561974 0.64255242 0.63497427 0.63680960 0.63182556 0.64151390
0.49059994 0.48880641 0.48891258 0.48710028 0.48862788 0.48346367 0.48166928 0.48291634 0.48104770 0.48528985 0.48561495 0.48909058 0.48355433 0.49183290 0.48959147 0.49021712 0.49214458 0.49152553 0.48751616 0.49160075 0.49092681 0.49150754 0.49370781 0.49391382 0.49178597 0.49220408 0.49389854 0.48917635 0.48795785 0.49763247 0.50043186 0.49007338
0.36252982 0.36258433 0.35970967 0.35993864 0.35671021 0.35740868 0.35328902 0.35860187 0.35773712 0.35892902 0.35887979 0.35811280 0.35812718 0.36165578 0.36017755 0.35838041 0.36108729 0.36062492 0.36208824 0.36106841 0.36135405 0.36230602 0.36122870 0.36390896 0.36069134 0.36497134 0.36383959 0.36711356 0.36663175 0.36686121 0.36308373 0.36288718
0.25776620 0.25692547 0.25531384 0.25407840 0.25287945 0.24994449 0.25196358 0.25044025 0.25099855 0.25106359 0.25226088 0.25401309 0.25427552 0.25515802 0.25570409 0.25603972 0.25457305 0.25583681 0.25527442 0.25512493 0.25622857 0.25459523 0.25758885 0.25693082 0.25785937 0.25722968 0.25905036 0.26057065 0.25985972 0.25961895 0.26013257 0.25769103
0.17703128 0.17603952 0.17479380 0.17231811 0.17290087 0.17158484 0.17213674 0.17237818 0.17294139 0.17302465 0.17388084 0.17312223 0.17483049 0.17547621 0.17609138 0.17441579 0.17560006 0.17516177 0.17521333 0.17551487 0.17558301 0.17503094 0.17673777 0.17742410 0.17775771 0.17838230 0.18000757 0.17943910 0.18047899 0.17992994 0.17905169 0.17889120
0.12119332 0.12019063 0.11927923 0.11805167 0.11782278 0.11735581 0.11732898 0.11765697 0.11836653 0.11891604 0.11923385 0.11962648 0.11941959 0.12011882 0.12002060 0.11989533 0.12008900 0.12014919 0.12057367 0.12006967 0.12092443 0.12092510 0.12139596 0.12176766 0.12157068 0.12229155 0.12315607 0.12381452 0.12434659 0.12375607 0.12229427 0.12208417
0.08628882 0.08528197 0.08450195 0.08368434 0.08295142 0.08247909 0.08291649 0.08336148 0.08384260 0.08440612 0.08496586 0.08497450 0.08537105 0.08521791 0.08545270 0.08541066 0.08565559 0.08566966 0.08568215 0.08611480 0.08625689 0.08633913 0.08647699 0.08662887 0.08709677 0.08715591 0.08772577 0.08780329 0.08824620 0.08799240 0.08766189 0.08711478
0.06648189 0.06572329 0.06503792 0.06430644 0.06395200 0.06377784 0.06401273 0.06442392 0.06482658 0.06544722 0.06572781 0.06606515 0.06627363 0.06631818 0.06639991 0.06637568 0.06654835 0.06669179 0.06681766 0.06699100 0.06718756 0.06721607 0.06738289 0.06754529 0.06768097 0.06781736 0.06793372 0.06821946 0.06822563 0.06825840 0.06794065 0.06727934
0.05751035 0.05676213 0.05616335 0.05561224 0.05536316 0.05532813 0.05551861 0.05584590 0.05639513 0.05677734 0.05707180 0.05731405 0.05751300 0.05752610 0.05766148 0.05772825 0.05792414 0.05827045 0.05854983 0.05876470 0.05895008 0.05911143 0.05909161 0.05917658 0.05920084 0.05919791 0.05925685 0.05924850 0.05928810 0.05907553 0.05879656 0.05817778
0.05441623 0.05373345 0.05322142 0.05265131 0.05256921 0.05259076 0.05276755 0.05307493 0.05355998 0.05379057 0.05408025 0.05446552 0.05441212 0.05457015 0.05469361 0.05494919 0.05534232 0.05564800 0.05603079 0.05635332 0.05654335 0.05656413 0.05663428 0.05653247 0.05655177 0.05648788 0.05645893 0.05638418 0.05608958 0.05601879 0.05558476 0.05502180
0.05372269 0.05314145 0.05261082 0.05221951 0.05202696 0.05201072 0.05219875 0.05248598 0.05279312 0.05325797 0.05333076 0.05349431 0.05352145 0.05368615 0.05392180 0.05416379 0.05462328 0.05503970 0.05552534 0.05594292 0.05623413 0.05635090 0.05639162 0.05616802 0.05612938 0.05602547 0.05590925 0.05578662 0.05563543 0.05529657 0.05490095 0.05429857
