32 32 0.050971 0.44149
0.05779474 0.05679438 0.05588298 0.05488484 0.05408825 0.05348937 0.05319827 0.05292806 0.05295450 0.05317286 0.05339201 0.05370412 0.05400592 0.05444383 0.05504406 0.05565053 0.05635101 0.05717868 0.05793325 0.05857234 0.05895432 0.05914647 0.05945418 0.05946166 0.05961682 0.05968085 0.05968448 0.05972991 0.05973232 0.05961531 0.05916372 0.05858604
0.05743934 0.05652070 0.05551023 0.05452060 0.05375821 0.05314070 0.05271198 0.05234542 0.05235002 0.05259658 0.05294497 0.05322283 0.05345389 0.05388612 0.05453125 0.05527073 0.05614693 0.05693780 0.05765021 0.05847879 0.05898100 0.05923325 0.05952864 0.05956819 0.05950483 0.05961528 0.05960409 0.05955067 0.05942051 0.05927078 0.05888293 0.05817132
0.05703252 0.05612053 0.05514273 0.05432199 0.05342887 0.05267381 0.05227688 0.05167936 0.05191474 0.05191950 0.05215287 0.05231125 0.05280154 0.05330901 0.05399803 0.05468087 0.05559194 0.05628003 0.05735258 0.05816797 0.05867997 0.05914544 0.05936007 0.05935488 0.05932227 0.05940586 0.05927849 0.05922164 0.05909821 0.05878737 0.05845653 0.05764413
0.05655067 0.05570449 0.05471904 0.05389543 0.05290161 0.05230719 0.05181118 0.05147944 0.05129281 0.05139076 0.05145751 0.05167363 0.05211555 0.05270916 0.05329057 0.05421565 0.05509403 0.05606367 0.05698703 0.05804106 0.05845902 0.05888096 0.05904753 0.05907198 0.05902903 0.05903271 0.05888682 0.05880781 0.05870078 0.05829933 0.05792491 0.05733110
0.05640321 0.05552922 0.05466089 0.05373823 0.05289403 0.05221175 0.05163332 0.05124711 0.05100953 0.05097098 0.05110466 0.05129075 0.05173535 0.05223895 0.05295877 0.05385492 0.05486127 0.05585269 0.05680648 0.05764728 0.05838339 0.05866528 0.05898586 0.05904912 0.05898314 0.05893203 0.05881076 0.05877325 0.05844217 0.05812601 0.05766472 0.05700992
0.05768365 0.05693798 0.05603544 0.05510012 0.05434429 0.05363038 0.05295931 0.05253125 0.05222342 0.05210251 0.05213166 0.05235173 0.05276731 0.05334102 0.05404765 0.05491465 0.05591885 0.05688516 0.05780142 0.05874040 0.05937206 0.05988318 0.06017046 0.06028632 0.06022043 0.06011544 0.06000313 0.05972775 0.05951676 0.05929855 0.05883837 0.05837382
0.06239854 0.06155635 0.06085172 0.05998031 0.05904448 0.05828131 0.05764010 0.05707627 0.05669287 0.05645317 0.05660574 0.05679018 0.05715257 0.05772197 0.05843424 0.05927640 0.06029757 0.06121686 0.06220003 0.06303470 0.06376636 0.06422457 0.06445484 0.06474475 0.06463709 0.06463140 0.06438356 0.06424668 0.06394587 0.06384926 0.06348174 0.06291265
0.07264761 0.07208836 0.07128540 0.07046321 0.06950269 0.06869586 0.06791688 0.06749109 0.06699749 0.06665321 0.06678094 0.06676710 0.06713430 0.06765848 0.06837581 0.06937457 0.07011006 0.07098385 0.07198281 0.07280161 0.07358763 0.07407320 0.07426051 0.07448937 0.07461987 0.07439374 0.07447248 0.07434406 0.07426361 0.07383200 0.07365462 0.07276242
0.09086246 0.08978480 0.08963368 0.08855338 0.08774362 0.08693999 0.08597565 0.08532449 0.08502956 0.08453250 0.08441862 0.08458742 0.08480644 0.08528801 0.08585457 0.08676370 0.08725945 0.08841049 0.08892155 0.08992625 0.09072147 0.09131496 0.09166687 0.09190207 0.09187704 0.09217282 0.09198285 0.09199116 0.09173991 0.09150728 0.09142249 0.09129633
0.11801987 0.11825897 0.11664879 0.11631980 0.11583269 0.11478881 0.11382858 0.11327359 0.11334597 0.11211759 0.11182506 0.11220899 0.11164004 0.11326656 0.11312917 0.11388153 0.11405790 0.11554489 0.11631876 0.11722074 0.11795117 0.11833470 0.11860733 0.11927771 0.11936329 0.11944208 0.11942538 0.11934811 0.11965428 0.11926145 0.11891390 0.11903997
0.15806985 0.15630173 0.15671956 0.15645639 0.15461483 0.15414477 0.15318011 0.15260998 0.15158983 0.15190161 0.15065834 0.15208643 0.15091594 0.15193344 0.15176355 0.15197688 0.15365155 0.15446799 0.15558498 0.15569397 0.15588486 0.15694982 0.15683619 0.15748680 0.15781725 0.15819291 0.15749637 0.15801685 0.15822546 0.15789762 0.15856394 0.15724388
0.20828763 0.20790349 0.20737480 0.20772021 0.20750565 0.20469958 0.20461943 0.20308291 0.20286071 0.20241844 0.20132258 0.20139271 0.20098309 0.20338897 0.20283976 0.20536392 0.20353099 0.20557557 0.20619857 0.20573676 0.20696688 0.20699054 0.20589241 0.20953461 0.20851274 0.20763839 0.20857361 0.20859791 0.20980857 0.20858705 0.20989522 0.20872680
0.26966228 0.26901701 0.26729045 0.26844339 0.26567874 0.26427761 0.26365937 0.26385540 0.26325700 0.26274621 0.26240532 0.26309409 0.26085650 0.26325259 0.26530670 0.26471503 0.26531276 0.26434990 0.26556615 0.26626986 0.26638203 0.26857985 0.26652559 0.26825681 0.26599760 0.26851621 0.26805991 0.26770121 0.26873218 0.26896480 0.26815930 0.26946539
0.33158598 0.33431338 0.33462793 0.32895067 0.33362958 0.32548650 0.32909409 0.32802301 0.32811709 0.32764753 0.32536098 0.32876041 0.32771624 0.32870861 0.32810605 0.32974971 0.32862903 0.32644682 0.33191425 0.33317790 0.33150417 0.33212773 0.33176409 0.33558148 0.33381911 0.33179221 0.33299235 0.33511274 0.33279287 0.33398309 0.33452957 0.33171481
0.39360883 0.39625303 0.39725687 0.39720320 0.39315008 0.38986977 0.38949242 0.39188115 0.39114493 0.38668961 0.38875170 0.38778679 0.39284524 0.39487046 0.39768392 0.39062364 0.39404841 0.39373272 0.39177050 0.39529439 0.39354108 0.39222776 0.39633947 0.39607096 0.39677966 0.39594832 0.39998520 0.39607619 0.39666495 0.39678558 0.39827958 0.39923581
0.44472908 0.44773086 0.44604956 0.44622293 0.44600575 0.44323505 0.44305472 0.44250535 0.44100485 0.44275594 0.44220867 0.43813427 0.44401604 0.44502481 0.44577442 0.44375813 0.44224508 0.44667352 0.44222274 0.44039569 0.44901145 0.45003719 0.44802781 0.45193755 0.44628399 0.44618570 0.45077333 0.45461519 0.45377870 0.44785825 0.44408446 0.44663165
0.48294942 0.47637170 0.48514362 0.47658750 0.47817669 0.47763253 0.47394111 0.47130426 0.47281242 0.47295675 0.47398192 0.47321461 0.47277210 0.47339663 0.47668178 0.48049485 0.47747462 0.47889075 0.47451747 0.47472475 0.48221297 0.48103330 0.47769385 0.48601209 0.48239674 0.48229106 0.48113645 0.48404410 0.47944362 0.48517508 0.48356139 0.48005972
0.48626041 0.48852768 0.48564459 0.48435576 0.48278513 0.47979726 0.48043269 0.47967854 0.47946927 0.47975833 0.48106215 0.48210531 0.48243808 0.48351881 0.48331175 0.48502805 0.48657002 0.48723034 0.48645200 0.48860049 0.48883733 0.48889512 0.49034596 0.49143006 0.49150615 0.49184325 0.49148532 0.49246050 0.49039575 0.49075253 0.49124170 0.48799816
0.46988886 0.47001944 0.46886076 0.46379720 0.46161818 0.45634395 0.45656153 0.46004125 0.45881798 0.46102611 0.46074856 0.46139228 0.46350411 0.46987650 0.46801397 0.46935185 0.46936903 0.46628647 0.47353687 0.47419252 0.47067182 0.47920685 0.47349358 0.46736982 0.47995667 0.47278329 0.46876998 0.47094875 0.47620603 0.47685723 0.47648059 0.47202381
0.43339055 0.42923290 0.43117393 0.42692240 0.41934693 0.42461654 0.41829326 0.41775447 0.42022939 0.41729792 0.41968255 0.42547168 0.42960342 0.43069003 0.43183654 0.42598796 0.43391050 0.42577375 0.43768457 0.43022294 0.43251849 0.43204311 0.42945273 0.43609342 0.43304505 0.44041010 0.43789813 0.43302655 0.43696911 0.43440821 0.43242165 0.43127769
0.37830677 0.37184085 0.37013304 0.37054923 0.36355488 0.36370611 0.36564918 0.36579063 0.36855473 0.36689203 0.36696458 0.36496545 0.36873679 0.36955387 0.37633846 0.37230280 0.37099458 0.37335336 0.37188634 0.37704840 0.37643464 0.37401303 0.37558388 0.37708107 0.37636771 0.37863297 0.37943445 0.37782134 0.37974254 0.38085965 0.37788818 0.37729728
0.31058784 0.31058207 0.30586516 0.30166072 0.30122112 0.30316326 0.30075709 0.30005012 0.29879086 0.29934683 0.30193851 0.30311812 0.30548254 0.30752071 0.30736486 0.30828062 0.30739034 0.30957481 0.30669844 0.30837549 0.31278777 0.31023892 0.31048349 0.31195112 0.31408133 0.31432927 0.31341743 0.31582305 0.31230884 0.31214278 0.31037554 0.31363907
0.24570954 0.24455455 0.24276909 0.24136967 0.24048688 0.23786672 0.23669240 0.23757280 0.23727840 0.23882750 0.23994773 0.24178060 0.23999429 0.24382176 0.24307926 0.24371763 0.24518107 0.24580196 0.24458234 0.24668302 0.24709080 0.24738208 0.24890163 0.24929796 0.24861685 0.24883175 0.24957926 0.24751590 0.24738724 0.25080126 0.25126427 0.24628213
0.18940516 0.18838755 0.18620723 0.18517466 0.18311625 0.18271091 0.18066536 0.18267021 0.18268550 0.18352940 0.18392997 0.18404658 0.18457213 0.18649931 0.18606601 0.18593347 0.18723819 0.18773901 0.18868403 0.18883756 0.18941413 0.19019629 0.19003283 0.19120558 0.19009363 0.19212486 0.19150625 0.19311162 0.19306655 0.19292673 0.19105042 0.19036731
0.14388007 0.14262984 0.14094132 0.13944905 0.13810101 0.13647022 0.13673230 0.13618711 0.13635646 0.13681245 0.13778290 0.13865199 0.13917423 0.13994731 0.14047325 0.14098914 0.14063592 0.14179268 0.14185099 0.14224122 0.14315880 0.14266803 0.14413172 0.14400618 0.14457209 0.14448471 0.14551134 0.14629760 0.14609885 0.14611516 0.14611208 0.14454370
0.10921753 0.10794721 0.10647110 0.10454779 0.10399065 0.10284306 0.10270831 0.10267350 0.10295703 0.10331538 0.10393049 0.10400273 0.10500981 0.10557123 0.10616409 0.10583504 0.10657320 0.10676746 0.10725367 0.10768148 0.10796190 0.10802366 0.10886134 0.10928516 0.10959845 0.11009021 0.11103421 0.11123757 0.11188640 0.11164288 0.11117850 0.11059068
0.08551621 0.08428881 0.08312457 0.08168200 0.08081630 0.08001827 0.07965572 0.07961523 0.07999569 0.08038121 0.08072387 0.08134158 0.08152015 0.08206557 0.08227672 0.08254570 0.08293048 0.08334660 0.08386968 0.08394255 0.08455724 0.08470626 0.08508066 0.08536553 0.08542897 0.08604359 0.08667070 0.08730403 0.08776448 0.08769408 0.08669405 0.08646832
0.07091617 0.06973470 0.06858523 0.06741880 0.06628580 0.06565909 0.06538469 0.06545262 0.06570353 0.06611733 0.06648600 0.06680600 0.06723574 0.06745191 0.06778731 0.06805732 0.06852449 0.06887570 0.06921396 0.06969543 0.07000349 0.07018750 0.07036064 0.07056702 0.07093442 0.07124518 0.07171973 0.07217830 0.07254393 0.07267869 0.07242496 0.07183215
0.06287200 0.06176003 0.06070833 0.05953620 0.05871471 0.05800734 0.05776404 0.05779264 0.05792762 0.05844937 0.05872589 0.05907437 0.05942374 0.05969081 0.05996779 0.06031352 0.06074467 0.06116498 0.06156346 0.06194009 0.06224682 0.06239586 0.06261730 0.06279760 0.06303214 0.06329929 0.06367629 0.06409599 0.06437540 0.06454792 0.06429216 0.06367021
0.05939841 0.05836556 0.05731698 0.05627524 0.05544431 0.05490595 0.05459261 0.05455250 0.05480406 0.05509640 0.05534895 0.05575048 0.05607623 0.05633478 0.05670916 0.05709012 0.05754728 0.05809527 0.05858907 0.05899292 0.05934850 0.05954989 0.05962855 0.05982501 0.05999019 0.06019172 0.06048426 0.06077725 0.06103503 0.06105238 0.06077134 0.06023136
0.05834914 0.05728425 0.05640018 0.05521959 0.05455647 0.05398907 0.05364669 0.05362093 0.05388615 0.05395875 0.05425074 0.05474174 0.05494507 0.05534115 0.05576001 0.05624915 0.05690110 0.05739653 0.05801706 0.05852561 0.05885961 0.05901214 0.05919644 0.05921900 0.05943002 0.05956949 0.05978612 0.05997820 0.06002085 0.06010206 0.05975077 0.05915746
0.05804089 0.05707687 0.05602833 0.05507176 0.05428793 0.05370413 0.05338316 0.05330527 0.05337413 0.05375945 0.05386395 0.05420797 0.05444635 0.05487108 0.05539173 0.05593173 0.05642562 0.05730152 0.05799822 0.05859208 0.05900570 0.05924374 0.05944256 0.05930423 0.05951314 0.05963798 0.05972386 0.05992038 0.06006397 0.05982996 0.05953044 0.05885778
