32 32 0.052293 1.0089
0.05527807 0.05459870 0.05406325 0.05352213 0.05323929 0.05320016 0.05333322 0.05337420 0.05367730 0.05407450 0.05437181 0.05465962 0.05494115 0.05522525 0.05559082 0.05604412 0.05651907 0.05710788 0.05761981 0.05800910 0.05813043 0.05803799 0.05811081 0.05789038 0.05774022 0.05760332 0.05738668 0.05720784 0.05707860 0.05680143 0.05637241 0.05588930
0.05507540 0.05445951 0.05385637 0.05336646 0.05302141 0.05292529 0.05293939 0.05295882 0.05312591 0.05352236 0.05397009 0.05411697 0.05422495 0.05451778 0.05499644 0.05548458 0.05615007 0.05673505 0.05718664 0.05781438 0.05805088 0.05808157 0.05814319 0.05794303 0.05768687 0.05759489 0.05736001 0.05714188 0.05687426 0.05661060 0.05619829 0.05562148
0.05481376 0.05417589 0.05362047 0.05327163 0.05288556 0.05255424 0.05258973 0.05229258 0.05276600 0.05282446 0.05308021 0.05313397 0.05344836 0.05382976 0.05429710 0.05475744 0.05547098 0.05594024 0.05681627 0.05741305 0.05770195 0.05795496 0.05795152 0.05775860 0.05753204 0.05741363 0.05707479 0.05686563 0.05661232 0.05622223 0.05590933 0.05524315
0.05449309 0.05396998 0.05340246 0.05302616 0.05250422 0.05242898 0.05237109 0.05230782 0.05230134 0.05237429 0.05248962 0.05256956 0.05282327 0.05314034 0.05361310 0.05428811 0.05498810 0.05573990 0.05645930 0.05728913 0.05750426 0.05772491 0.05769220 0.05752457 0.05730839 0.05711774 0.05679936 0.05662073 0.05634850 0.05592982 0.05552327 0.05505355
0.05520189 0.05470020 0.05426245 0.05376358 0.05346659 0.05321931 0.05308670 0.05299089 0.05292728 0.05292276 0.05296680 0.05304667 0.05325551 0.05352840 0.05406775 0.05470020 0.05552303 0.05631689 0.05704013 0.05769286 0.05821363 0.05830346 0.05845301 0.05823098 0.05801293 0.05772696 0.05745025 0.05723743 0.05683744 0.05646613 0.05605675 0.05556276
0.05950346 0.05908733 0.05866806 0.05823939 0.05802317 0.05787165 0.05756025 0.05741158 0.05722532 0.05708824 0.05705437 0.05715738 0.05731483 0.05763708 0.05816297 0.05876116 0.05957300 0.06040642 0.06108925 0.06183449 0.06222947 0.06255769 0.06257510 0.06244460 0.06220122 0.06188794 0.06161056 0.06120698 0.06086167 0.06052609 0.06018277 0.05994017
0.07158047 0.07110450 0.07079810 0.07052545 0.07009187 0.06992984 0.06960026 0.06928757 0.06905906 0.06892839 0.06887051 0.06892222 0.06908003 0.06937689 0.06993817 0.07061787 0.07150203 0.07210441 0.07296103 0.07362539 0.07412796 0.07433176 0.07423809 0.07441484 0.07400764 0.07381496 0.07320242 0.07298615 0.07262135 0.07253394 0.07218427 0.07177210
0.09610562 0.09610996 0.09591888 0.09553642 0.09506729 0.09476340 0.09437466 0.09446037 0.09397040 0.09344662 0.09366493 0.09339128 0.09360569 0.09400983 0.09460073 0.09557816 0.09594955 0.09653625 0.09740745 0.09799635 0.09858963 0.09876507 0.09850903 0.09862981 0.09838905 0.09777659 0.09778108 0.09755619 0.09721321 0.09670494 0.09670976 0.09583506
0.13891819 0.13838185 0.13872343 0.13804855 0.13790029 0.13782559 0.13716084 0.13670665 0.13679476 0.13605018 0.13578510 0.13593508 0.13596590 0.13628215 0.13658314 0.13752764 0.13750981 0.13879750 0.13872004 0.13949911 0.14025455 0.14064307 0.14050112 0.14039806 0.13976938 0.14007172 0.13989542 0.13945950 0.13880693 0.13854681 0.13873584 0.13923124
0.20241415 0.20411646 0.20198603 0.20289495 0.20366707 0.20285788 0.20224996 0.20221006 0.20316561 0.20083622 0.20024233 0.20079500 0.19923934 0.20237688 0.20114778 0.20192716 0.20111122 0.20352827 0.20375326 0.20500151 0.20558193 0.20527517 0.20479993 0.20541377 0.20525508 0.20472912 0.20427653 0.20387805 0.20447177 0.20368367 0.20311866 0.20393024
0.29518450 0.29211067 0.29454678 0.29571747 0.29281625 0.29417119 0.29353497 0.29359526 0.29204549 0.29353673 0.29059786 0.29364459 0.29077662 0.29251117 0.29134669 0.29097481 0.29411801 0.29488809 0.29626263 0.29566635 0.29475048 0.29624693 0.29477634 0.29532983 0.29532978 0.29538631 0.29312280 0.29390307 0.29444572 0.29349061 0.29517198 0.29248813
0.41110213 0.41090029 0.41184448 0.41428370 0.41606767 0.41139280 0.41234365 0.41009338 0.41094998 0.40975155 0.40721308 0.40784483 0.40597252 0.41151462 0.40978499 0.41472638 0.40965525 0.41371533 0.41418686 0.41208602 0.41379472 0.41264639 0.40838624 0.41709493 0.41288531 0.40970419 0.41172194 0.41100613 0.41336415 0.41052702 0.41364767 0.41104880
0.55188990 0.55225406 0.54874758 0.55429411 0.54986856 0.54838493 0.54697399 0.54884618 0.54929583 0.54754929 0.54829946 0.55034568 0.54325636 0.54939859 0.55357971 0.55224754 0.55130264 0.54758154 0.55113368 0.55190189 0.55039100 0.55485498 0.54781413 0.55156149 0.54340930 0.54924602 0.54753493 0.54662281 0.54800741 0.54944590 0.54653529 0.54925336
0.69570681 0.69979144 0.70331892 0.69145491 0.70581460 0.68840830 0.69929753 0.69402964 0.69646145 0.69798810 0.69223404 0.69965109 0.69896210 0.69788912 0.69462041 0.69955996 0.69786211 0.68833148 0.70267419 0.70452144 0.69949834 0.69904501 0.69403952 0.70448160 0.69838589 0.69282387 0.69444783 0.69874803 0.69687935 0.69716300 0.69988503 0.69231732
0.83441791 0.84248337 0.85035314 0.85164987 0.84319232 0.83758308 0.83739262 0.84252720 0.84401823 0.83192080 0.83597987 0.83425966 0.84879378 0.84957996 0.85872448 0.83382194 0.84425210 0.84111111 0.83783247 0.84754170 0.83666977 0.83429909 0.84390856 0.84108989 0.84109591 0.83511308 0.84630535 0.83775253 0.83873286 0.83873955 0.84558310 0.84718758
0.95266541 0.96309392 0.95712292 0.96472043 0.96437798 0.95291262 0.95898351 0.95844413 0.95557112 0.95903616 0.95936801 0.94931182 0.96305489 0.96491888 0.96547349 0.95758741 0.95729607 0.96005304 0.94926550 0.94591511 0.95907277 0.96640717 0.95524007 0.97173630 0.95111580 0.94372533 0.96179892 0.97223873 0.96809363 0.96074659 0.94635985 0.95184068
1.04195155 1.03143481 1.05261107 1.03510152 1.03643627 1.03820559 1.03054559 1.02306850 1.02974924 1.03018006 1.03401052 1.03109737 1.02827846 1.02448837 1.03630510 1.04105645 1.03394659 1.03626187 1.02119800 1.02773392 1.03649213 1.03316057 1.02341461 1.04467297 1.03293579 1.02946303 1.03051049 1.03814326 1.02878965 1.04160311 1.03900751 1.02610386
1.05324169 1.06063435 1.05610051 1.05579397 1.05305759 1.04602988 1.04785537 1.04760286 1.04181739 1.04612086 1.04817262 1.04944148 1.05014508 1.05364256 1.04975373 1.05457753 1.05595322 1.05717754 1.04826082 1.05377139 1.05184099 1.05036823 1.05022383 1.05175576 1.05218302 1.05330226 1.05391631 1.05727466 1.05287099 1.05631098 1.06123458 1.05128214
1.01928168 1.01813270 1.01785968 1.00932262 1.00346103 0.99511539 0.99643581 1.00614003 1.00354205 1.00741444 1.00502383 1.00622055 1.00439440 1.01862125 1.01305461 1.01812868 1.01441275 1.00617127 1.02249469 1.02655915 1.01224035 1.02558641 1.01301411 1.00484589 1.02649543 1.01065720 0.99997943 1.01136702 1.01825415 1.02106177 1.02630348 1.02162032
0.93204392 0.92839240 0.93524644 0.92654639 0.91184357 0.92307058 0.90675235 0.91316002 0.91378790 0.90177503 0.90755887 0.92201195 0.92843110 0.93679735 0.93404198 0.91882184 0.94294680 0.91718459 0.94671990 0.92219454 0.92894930 0.92012595 0.91736929 0.93064331 0.92077059 0.94159098 0.93505728 0.92840915 0.93418910 0.92941494 0.92493890 0.92558193
0.81335683 0.79571469 0.79687667 0.79877579 0.78268024 0.78812215 0.79141637 0.79556720 0.80077489 0.79378654 0.79433979 0.78350628 0.79328035 0.79800804 0.81391597 0.80169295 0.79532332 0.79977298 0.79366698 0.80263690 0.79629954 0.78845238 0.79278284 0.79945995 0.79269285 0.80210816 0.80202588 0.79651998 0.80395887 0.81061082 0.80503415 0.80426008
0.65486387 0.65723773 0.65025828 0.63900328 0.64054612 0.64704525 0.64398487 0.64257335 0.63780481 0.63622623 0.64226826 0.64494311 0.64992758 0.65271246 0.65282183 0.65335107 0.64911686 0.65206986 0.64335226 0.64445963 0.65481312 0.64878079 0.64678381 0.65041078 0.65593307 0.65593361 0.65239488 0.65955372 0.65191024 0.65391999 0.64886794 0.65891662
0.50407737 0.50216856 0.50236239 0.50038387 0.50187565 0.49649274 0.49453560 0.49583486 0.49402918 0.49855151 0.49912045 0.50293029 0.49750623 0.50627679 0.50420208 0.50495021 0.50691346 0.50623950 0.50201364 0.50604527 0.50507477 0.50547399 0.50742764 0.50740519 0.50502792 0.50536849 0.50705988 0.50226034 0.50095296 0.51106499 0.51403326 0.50344335
0.37260368 0.37265366 0.36967054 0.36983625 0.36641231 0.36705837 0.36274735 0.36826341 0.36743325 0.36887786 0.36904804 0.36853076 0.36885980 0.37265380 0.37136847 0.36969090 0.37246623 0.37195210 0.37338481 0.37211856 0.37217851 0.37288968 0.37155649 0.37407940 0.37062201 0.37488294 0.37363718 0.37703683 0.37649628 0.37687485 0.37303934 0.37287117
0.26501663 0.26414629 0.26247401 0.26112521 0.25985384 0.25674638 0.25874692 0.25720576 0.25787441 0.25818846 0.25958816 0.26167997 0.26217190 0.26332282 0.26405803 0.26452679 0.26314988 0.26438666 0.26376640 0.26339630 0.26425684 0.26239908 0.26516686 0.26429397 0.26509080 0.26427977 0.26608836 0.26763463 0.26689588 0.26673915 0.26734828 0.26493890
0.18212092 0.18107753 0.17977732 0.17710207 0.17763491 0.17618468 0.17677291 0.17703704 0.17776842 0.17798093 0.17907293 0.17862953 0.18057299 0.18149190 0.18230666 0.18072442 0.18202585 0.18151726 0.18143599 0.18159962 0.18147375 0.18061127 0.18214842 0.18265119 0.18282754 0.18334628 0.18494568 0.18429808 0.18534616 0.18488281 0.18407345 0.18402301
0.12473535 0.12367923 0.12276005 0.12139174 0.12109536 0.12052889 0.12048179 0.12083502 0.12168441 0.12240495 0.12292093 0.12360688 0.12366592 0.12456773 0.12466326 0.12464442 0.12490406 0.12490265 0.12526242 0.12455334 0.12524825 0.12501660 0.12526530 0.12547469 0.12509350 0.12569689 0.12657000 0.12718113 0.12770863 0.12717845 0.12579256 0.12561090
0.08883636 0.08779514 0.08690583 0.08605711 0.08523470 0.08467662 0.08511061 0.08561692 0.08620849 0.08693168 0.08777403 0.08795069 0.08856988 0.08866674 0.08906254 0.08913020 0.08945475 0.08936404 0.08931664 0.08959838 0.08963341 0.08939170 0.08932523 0.08929499 0.08961042 0.08956357 0.09008417 0.09017297 0.09061840 0.09045683 0.09014781 0.08966068
0.06851109 0.06765883 0.06693930 0.06610333 0.06565808 0.06545421 0.06569845 0.06612800 0.06662611 0.06749907 0.06790842 0.06845170 0.06884925 0.06914077 0.06939940 0.06945540 0.06964696 0.06974576 0.06979286 0.06981584 0.06981501 0.06962681 0.06961315 0.06961450 0.06962587 0.06963992 0.06974576 0.07000290 0.07004577 0.07014363 0.06989635 0.06923885
0.05922595 0.05844903 0.05776397 0.05708671 0.05682941 0.05676554 0.05692221 0.05729539 0.05792579 0.05844647 0.05892155 0.05939399 0.05974470 0.05992733 0.06024729 0.06040071 0.06063906 0.06095228 0.06113980 0.06123021 0.06125749 0.06122104 0.06102143 0.06093782 0.06084747 0.06074047 0.06079214 0.06085630 0.06090768 0.06078588 0.06045301 0.05989287
0.05606178 0.05531570 0.05479569 0.05406998 0.05393826 0.05385303 0.05403917 0.05438572 0.05493787 0.05532964 0.05585844 0.05630857 0.05649699 0.05679825 0.05711053 0.05741891 0.05785856 0.05812298 0.05842716 0.05862671 0.05866390 0.05851716 0.05842153 0.05819223 0.05811847 0.05798766 0.05794211 0.05789259 0.05766063 0.05760010 0.05723411 0.05671090
0.05538000 0.05472291 0.05409346 0.05359122 0.05333252 0.05325645 0.05339722 0.05371387 0.05408545 0.05468507 0.05488589 0.05526553 0.05546538 0.05579454 0.05616808 0.05653182 0.05686615 0.05743289 0.05783017 0.05813225 0.05829009 0.05828726 0.05819456 0.05775268 0.05769602 0.05755392 0.05742003 0.05736641 0.05724224 0.05696383 0.05659771 0.05599995
