32 32 0.082152 0.028011
0.09621814 0.09479326 0.09341087 0.09206539 0.09080854 0.08992229 0.08918461 0.08839206 0.08803522 0.08774607 0.08775883 0.08794260 0.08813451 0.08874298 0.08961207 0.09057350 0.09179226 0.09325246 0.09466418 0.09602005 0.09700317 0.09782410 0.09859340 0.09912957 0.09957808 0.09973982 0.09980831 0.09970028 0.09954785 0.09920076 0.09834202 0.09745637
0.09568873 0.09430191 0.09283899 0.09155554 0.09024626 0.08922931 0.08831396 0.08749150 0.08714537 0.08695640 0.08712492 0.08710973 0.08731370 0.08784379 0.08874866 0.08991808 0.09130486 0.09272959 0.09399710 0.09551017 0.09664592 0.09748154 0.09832057 0.09884912 0.09908047 0.09937045 0.09942352 0.09936722 0.09906973 0.09864985 0.09789164 0.09679658
0.09498270 0.09358221 0.09215739 0.09096027 0.08955430 0.08836158 0.08757990 0.08649512 0.08635133 0.08593108 0.08589957 0.08588309 0.08622512 0.08691225 0.08782974 0.08886256 0.09023641 0.09155437 0.09320769 0.09464183 0.09572621 0.09688405 0.09764123 0.09808640 0.09838640 0.09875327 0.09866037 0.09858117 0.09834396 0.09774637 0.09723000 0.09605587
0.09403756 0.09271361 0.09127916 0.09004449 0.08876514 0.08753657 0.08661819 0.08582985 0.08526720 0.08481853 0.08475509 0.08480090 0.08513159 0.08565541 0.08651035 0.08793819 0.08934838 0.09071517 0.09219428 0.09386187 0.09490230 0.09593734 0.09674976 0.09715977 0.09747006 0.09777432 0.09778705 0.09777164 0.09746300 0.09687098 0.09615934 0.09524235
0.09319846 0.09193406 0.09057052 0.08909818 0.08785749 0.08677645 0.08575240 0.08489924 0.08429730 0.08390251 0.08376648 0.08370896 0.08410569 0.08467401 0.08565932 0.08681324 0.08820369 0.08972331 0.09121237 0.09260382 0.09398433 0.09490155 0.09571942 0.09624972 0.09663366 0.09675280 0.09686364 0.09677949 0.09650308 0.09594357 0.09519997 0.09421271
0.09237893 0.09115285 0.08981316 0.08850962 0.08725004 0.08616613 0.08504363 0.08415435 0.08355673 0.08305317 0.08286529 0.08295426 0.08326087 0.08389500 0.08482693 0.08598162 0.08742319 0.08883575 0.09020339 0.09174917 0.09298823 0.09401484 0.09486426 0.09527773 0.09571993 0.09595313 0.09597162 0.09568051 0.09554744 0.09511014 0.09435344 0.09354567
0.09185186 0.09062097 0.08945718 0.08811095 0.08682438 0.08560808 0.08455261 0.08366459 0.08294535 0.08236166 0.08232984 0.08237786 0.08269431 0.08336094 0.08424363 0.08530840 0.08675379 0.08825283 0.08970369 0.09106961 0.09231609 0.09335774 0.09420361 0.09475333 0.09513056 0.09532842 0.09534951 0.09519392 0.09479380 0.09442461 0.09373691 0.09284149
0.09165609 0.09055511 0.08926687 0.08805184 0.08668982 0.08550268 0.08442147 0.08358679 0.08288564 0.08241708 0.08215195 0.08221975 0.08254340 0.08314853 0.08402394 0.08529176 0.08651543 0.08801172 0.08937936 0.09079553 0.09207533 0.09310458 0.09385721 0.09459360 0.09490496 0.09498121 0.09512936 0.09495482 0.09473937 0.09414810 0.09353588 0.09243317
0.09208094 0.09035730 0.08971670 0.08830798 0.08712823 0.08583081 0.08470319 0.08387352 0.08321961 0.08270231 0.08247157 0.08252506 0.08278233 0.08340323 0.08432666 0.08548983 0.08668256 0.08813441 0.08946717 0.09084177 0.09210727 0.09321916 0.09405317 0.09470570 0.09505068 0.09536232 0.09512528 0.09517244 0.09497669 0.09443762 0.09377890 0.09292750
0.09271267 0.09167939 0.09038882 0.08903348 0.08780604 0.08651949 0.08541381 0.08460380 0.08397975 0.08342179 0.08323868 0.08328901 0.08346161 0.08410475 0.08504622 0.08616148 0.08734229 0.08875500 0.09026796 0.09148155 0.09268126 0.09385615 0.09465392 0.09529609 0.09558316 0.09592621 0.09596846 0.09581818 0.09556895 0.09507384 0.09446611 0.09370367
0.09395176 0.09280810 0.09156504 0.09024309 0.08904530 0.08770794 0.08664702 0.08578629 0.08507187 0.08489062 0.08443486 0.08453203 0.08476766 0.08538848 0.08623273 0.08727752 0.08858385 0.09003122 0.09114438 0.09255046 0.09379988 0.09482842 0.09564494 0.09633932 0.09670258 0.09691428 0.09704873 0.09695226 0.09662672 0.09624387 0.09570058 0.09488928
0.09552561 0.09441282 0.09300804 0.09179542 0.09045562 0.08914597 0.08819729 0.08733849 0.08675030 0.08634601 0.08614198 0.08623222 0.08641945 0.08712820 0.08796025 0.08913085 0.09018282 0.09149666 0.09282632 0.09410914 0.09523485 0.09633812 0.09738299 0.09785216 0.09825029 0.09852408 0.09851224 0.09847105 0.09811170 0.09784193 0.09724719 0.09652985
0.09746595 0.09626594 0.09492001 0.09340994 0.09214386 0.09096928 0.09002824 0.08926009 0.08865070 0.08828702 0.08812534 0.08825437 0.08853160 0.08920817 0.08991568 0.09109956 0.09219259 0.09343725 0.09484523 0.09608467 0.09725130 0.09829441 0.09910142 0.09974821 0.10018280 0.10045540 0.10051380 0.10040142 0.10018105 0.09981922 0.09928878 0.09847997
0.09952687 0.09835670 0.09696016 0.09547385 0.09419917 0.09275922 0.09194223 0.09123372 0.09063904 0.09032999 0.09019293 0.09047619 0.09080656 0.09139566 0.09223584 0.09328196 0.09451983 0.09556731 0.09715970 0.09836817 0.09953839 0.10056512 0.10130934 0.10213446 0.10247325 0.10272499 0.10277942 0.10271176 0.10230188 0.10201914 0.10140792 0.10065008
0.10159133 0.10028430 0.09875058 0.09731889 0.09590639 0.09461109 0.09368958 0.09308038 0.09259118 0.09223651 0.09231892 0.09246257 0.09300036 0.09361528 0.09468246 0.09547287 0.09687875 0.09817454 0.09938806 0.10084191 0.10188330 0.10283357 0.10377270 0.10435512 0.10479892 0.10504351 0.10521533 0.10500872 0.10480028 0.10434864 0.10370630 0.10285806
0.10347087 0.10198900 0.10043867 0.09880977 0.09750135 0.09634349 0.09525683 0.09463225 0.09420675 0.09412152 0.09407158 0.09435877 0.09492684 0.09555306 0.09665762 0.09759872 0.09878165 0.10032575 0.10145987 0.10272285 0.10427498 0.10525863 0.10602841 0.10669277 0.10688890 0.10756352 0.10735012 0.10734956 0.10712304 0.10635606 0.10564412 0.10480011
0.10508601 0.10305641 0.10187192 0.09991380 0.09852680 0.09727857 0.09634759 0.09555419 0.09531639 0.09527621 0.09530539 0.09570923 0.09626426 0.09697353 0.09794186 0.09925174 0.10046319 0.10187885 0.10306367 0.10435539 0.10600582 0.10685336 0.10743959 0.10853675 0.10863452 0.10899291 0.10893496 0.10888514 0.10856714 0.10835350 0.10741157 0.10644849
0.10554409 0.10397487 0.10210166 0.10038504 0.09890600 0.09760886 0.09673481 0.09608363 0.09581924 0.09576494 0.09601263 0.09641923 0.09698219 0.09782659 0.09870145 0.09993700 0.10124966 0.10265916 0.10426469 0.10565504 0.10670210 0.10783927 0.10872416 0.10904191 0.10973582 0.10995838 0.10990067 0.10985686 0.10964932 0.10925552 0.10842091 0.10723379
0.10562120 0.10393489 0.10192239 0.10011065 0.09858942 0.09734906 0.09632108 0.09587266 0.09558124 0.09561949 0.09590264 0.09646014 0.09697397 0.09770691 0.09870712 0.09988358 0.10144915 0.10252664 0.10428729 0.10528474 0.10666071 0.10818202 0.10863101 0.10886193 0.10995504 0.10996676 0.11007363 0.11016308 0.11007625 0.10946751 0.10854857 0.10724229
0.10497901 0.10312218 0.10168579 0.09935315 0.09767695 0.09650486 0.09561737 0.09483925 0.09486402 0.09512035 0.09519023 0.09573414 0.09641472 0.09717690 0.09823241 0.09902279 0.10029123 0.10166207 0.10357086 0.10460761 0.10577714 0.10683082 0.10761611 0.10843115 0.10896220 0.10935907 0.10969677 0.10947979 0.10944030 0.10881496 0.10795863 0.10655891
0.10397799 0.10184141 0.09989142 0.09803857 0.09632649 0.09521825 0.09439841 0.09388767 0.09381419 0.09377159 0.09401820 0.09446241 0.09500392 0.09571142 0.09715792 0.09769548 0.09880803 0.10023152 0.10153874 0.10307995 0.10432269 0.10517542 0.10602617 0.10670001 0.10731682 0.10782848 0.10812041 0.10830813 0.10827058 0.10763693 0.10683068 0.10538309
0.10220033 0.10041678 0.09851265 0.09623924 0.09493039 0.09382924 0.09294659 0.09249065 0.09231980 0.09241472 0.09272024 0.09308623 0.09361247 0.09431767 0.09500524 0.09601917 0.09707545 0.09846939 0.09953532 0.10108376 0.10226753 0.10307496 0.10396848 0.10461002 0.10530978 0.10591707 0.10621000 0.10649548 0.10631096 0.10582821 0.10525650 0.10379520
0.10036830 0.09876396 0.09709602 0.09482737 0.09354349 0.09230897 0.09152374 0.09111251 0.09101557 0.09110394 0.09139547 0.09177342 0.09199044 0.09272517 0.09329097 0.09418055 0.09525921 0.09652458 0.09765493 0.09902709 0.10007552 0.10101439 0.10182912 0.10257260 0.10312232 0.10362515 0.10415828 0.10433610 0.10439542 0.10419430 0.10355217 0.10201696
0.09887076 0.09718751 0.09531475 0.09373730 0.09221152 0.09116652 0.09043837 0.09003710 0.08993352 0.09000751 0.09020337 0.09048430 0.09077482 0.09124336 0.09180309 0.09260382 0.09362131 0.09480176 0.09590497 0.09700583 0.09812188 0.09905328 0.09979021 0.10048106 0.10129395 0.10180883 0.10224713 0.10259877 0.10252845 0.10235966 0.10148056 0.10032117
0.09762324 0.09585129 0.09419018 0.09258264 0.09138472 0.09036641 0.08962139 0.08939616 0.08908377 0.08896013 0.08954642 0.08949359 0.08985577 0.09022895 0.09084090 0.09162456 0.09231686 0.09357494 0.09460064 0.09565818 0.09671179 0.09746756 0.09831393 0.09889371 0.09948783 0.10007899 0.10058673 0.10092989 0.10098306 0.10073088 0.10008625 0.09894445
0.09665542 0.09508232 0.09339751 0.09210993 0.09071299 0.08973676 0.08918834 0.08880835 0.08861662 0.08876513 0.08884320 0.08894185 0.08929967 0.08959064 0.09028781 0.09089660 0.09181661 0.09274127 0.09395302 0.09484862 0.09568713 0.09649547 0.09727420 0.09787517 0.09840718 0.09900255 0.09938322 0.09987631 0.09995971 0.09978093 0.09918644 0.09804594
0.09599032 0.09453365 0.09323392 0.09168970 0.09053091 0.08960142 0.08901293 0.08861024 0.08870219 0.08847998 0.08847964 0.08884300 0.08891517 0.08939153 0.08988685 0.09065811 0.09144828 0.09254694 0.09352757 0.09455110 0.09542971 0.09619292 0.09680261 0.09738196 0.09792409 0.09844036 0.09875561 0.09914773 0.09915675 0.09907405 0.09782858 0.09726205
0.09596646 0.09447158 0.09312051 0.09170993 0.09050280 0.08975601 0.08911565 0.08883758 0.08862937 0.08868664 0.08856277 0.08874973 0.08904879 0.08941001 0.08995976 0.09066076 0.09154374 0.09264524 0.09366828 0.09468166 0.09560584 0.09630306 0.09688442 0.09737755 0.09785774 0.09835062 0.09861309 0.09898610 0.09892261 0.09881010 0.09817919 0.09722060
0.09616610 0.09463912 0.09335091 0.09183791 0.09078494 0.08987142 0.08928490 0.08895977 0.08872090 0.08885277 0.08879944 0.08894030 0.08926864 0.08954902 0.09006582 0.09092826 0.09187274 0.09295322 0.09401733 0.09511783 0.09597900 0.09664851 0.09730907 0.09777251 0.09820798 0.09853220 0.09877912 0.09904717 0.09902514 0.09886241 0.09822070 0.09717871
0.09625179 0.09480570 0.09343140 0.09212599 0.09097396 0.09013350 0.08949876 0.08912134 0.08900593 0.08882145 0.08882302 0.08908856 0.08932986 0.08966925 0.09043099 0.09116059 0.09218955 0.09335298 0.09447856 0.09557380 0.09654580 0.09730900 0.09787306 0.09835424 0.09874544 0.09899329 0.09928472 0.09935745 0.09949558 0.09914193 0.09843742 0.09746932
0.09639741 0.09500689 0.09362436 0.09212445 0.09111839 0.09017524 0.08961577 0.08916580 0.08903514 0.08875196 0.08873964 0.08905388 0.08913187 0.08965109 0.09032600 0.09126020 0.09250633 0.09358727 0.09488202 0.09608211 0.09705707 0.09769716 0.09846009 0.09882365 0.09927407 0.09952110 0.09970962 0.09976768 0.09952013 0.09932981 0.09860133 0.09759370
0.09639579 0.09503808 0.09354725 0.09224190 0.09104795 0.09018204 0.08951065 0.08896433 0.08865020 0.08859830 0.08834227 0.08858468 0.08880217 0.08930396 0.09006231 0.09111098 0.09208311 0.09357102 0.09489324 0.09619466 0.09727277 0.09812583 0.09880415 0.09912116 0.09954287 0.09977902 0.09988658 0.09996239 0.09995133 0.09936842 0.09876791 0.09765249
