32 32 0.052207 0.80221
0.05472444 0.05426594 0.05394199 0.05357939 0.05336300 0.05338184 0.05349203 0.05351394 0.05372940 0.05401290 0.05418861 0.05444824 0.05460691 0.05496075 0.05524058 0.05571773 0.05620472 0.05682649 0.05737215 0.05776882 0.05787993 0.05777600 0.05771386 0.05738275 0.05710319 0.05679187 0.05646065 0.05614369 0.05599315 0.05575406 0.05542812 0.05505613
0.05447882 0.05409398 0.05372248 0.05331361 0.05316547 0.05310103 0.05309111 0.05304105 0.05315886 0.05344141 0.05379380 0.05385125 0.05389437 0.05412097 0.05457212 0.05506094 0.05575362 0.05634181 0.05683670 0.05746666 0.05769650 0.05769995 0.05767927 0.05735233 0.05692437 0.05673109 0.05632453 0.05598094 0.05573332 0.05549732 0.05521736 0.05482829
0.05420504 0.05383287 0.05350029 0.05334350 0.05302197 0.05278305 0.05279816 0.05242871 0.05281939 0.05276609 0.05288371 0.05291201 0.05308856 0.05334869 0.05382778 0.05430309 0.05496766 0.05548842 0.05640441 0.05698905 0.05729704 0.05747553 0.05740250 0.05706091 0.05669055 0.05640783 0.05599288 0.05566774 0.05542000 0.05510031 0.05494783 0.05444009
0.05390529 0.05360950 0.05329219 0.05307673 0.05268094 0.05273122 0.05257841 0.05248646 0.05235817 0.05225643 0.05225940 0.05220732 0.05233337 0.05258637 0.05298176 0.05361158 0.05433262 0.05512258 0.05587256 0.05673568 0.05693964 0.05711918 0.05701110 0.05672794 0.05636042 0.05604061 0.05565290 0.05529967 0.05509446 0.05474562 0.05449461 0.05422182
0.05438770 0.05416913 0.05390042 0.05359859 0.05343321 0.05327090 0.05308881 0.05290105 0.05273606 0.05258601 0.05245820 0.05235596 0.05238479 0.05258941 0.05298495 0.05359490 0.05436528 0.05520378 0.05596648 0.05662824 0.05717439 0.05721816 0.05728268 0.05702479 0.05661905 0.05625168 0.05589978 0.05558889 0.05522802 0.05498963 0.05474258 0.05449544
0.05758527 0.05740173 0.05728230 0.05706618 0.05693527 0.05680374 0.05647824 0.05622933 0.05594695 0.05561734 0.05541060 0.05532010 0.05526369 0.05542134 0.05582767 0.05635612 0.05714565 0.05792585 0.05867953 0.05944073 0.05983019 0.06015262 0.06013900 0.05995964 0.05958677 0.05917932 0.05880755 0.05839095 0.05811174 0.05790860 0.05777356 0.05777343
0.06688336 0.06670758 0.06665829 0.06656007 0.06625729 0.06610902 0.06580331 0.06539785 0.06501512 0.06467610 0.06442843 0.06424040 0.06418077 0.06430620 0.06468953 0.06523222 0.06604325 0.06666709 0.06751753 0.06817233 0.06870865 0.06890669 0.06885102 0.06888875 0.06842260 0.06815079 0.06760819 0.06731370 0.06701968 0.06703219 0.06693451 0.06678567
0.08598000 0.08620339 0.08620496 0.08604106 0.08577132 0.08553612 0.08513935 0.08506621 0.08452421 0.08387596 0.08375204 0.08331652 0.08324454 0.08340230 0.08379811 0.08454709 0.08489689 0.08548725 0.08632888 0.08693499 0.08752008 0.08771906 0.08750015 0.08745388 0.08722850 0.08662297 0.08654626 0.08626269 0.08609697 0.08577535 0.08596499 0.08543775
0.11944627 0.11925398 0.11981178 0.11942100 0.11941351 0.11935611 0.11878139 0.11832068 0.11818933 0.11736209 0.11689042 0.11673709 0.11643871 0.11656979 0.11666892 0.11734360 0.11738055 0.11844576 0.11845794 0.11923906 0.11995308 0.12027942 0.12016825 0.12004445 0.11949159 0.11964689 0.11943053 0.11899714 0.11850286 0.11845320 0.11880266 0.11941760
0.16936299 0.17100673 0.16957797 0.17043858 0.17110908 0.17057903 0.17006090 0.16995159 0.17046463 0.16848625 0.16777570 0.16800073 0.16639479 0.16867759 0.16751049 0.16799503 0.16738586 0.16925634 0.16956424 0.17059636 0.17112303 0.17091410 0.17058107 0.17104315 0.17079755 0.17028258 0.16988105 0.16954219 0.17006439 0.16956881 0.16938284 0.17026753
0.24251175 0.24040430 0.24257152 0.24364526 0.24169094 0.24268611 0.24222076 0.24218581 0.24088461 0.24182436 0.23934841 0.24157910 0.23888386 0.24004698 0.23891313 0.23847822 0.24081307 0.24144441 0.24250258 0.24209355 0.24148029 0.24264772 0.24152297 0.24190183 0.24184064 0.24177234 0.23996298 0.24053479 0.24095659 0.24038398 0.24189817 0.24014057
0.33415778 0.33442789 0.33504475 0.33743923 0.33890596 0.33538497 0.33633986 0.33462319 0.33514403 0.33431748 0.33219736 0.33224053 0.33064332 0.33465293 0.33296683 0.33674075 0.33256163 0.33569906 0.33604035 0.33440989 0.33582047 0.33493501 0.33168458 0.33822131 0.33496092 0.33238365 0.33378493 0.33321826 0.33511845 0.33298321 0.33559152 0.33392035
0.44589962 0.44626729 0.44409103 0.44848309 0.44522593 0.44432292 0.44385195 0.44540617 0.44551600 0.44447484 0.44442181 0.44568444 0.44022022 0.44446301 0.44756179 0.44603650 0.44557661 0.44273349 0.44503481 0.44564548 0.44467862 0.44802338 0.44279327 0.44540104 0.43932612 0.44352511 0.44199700 0.44104487 0.44231935 0.44322786 0.44141252 0.44397456
0.55990832 0.56447871 0.56719229 0.55828553 0.56959930 0.55629274 0.56482903 0.56211414 0.56371977 0.56421220 0.55970973 0.56544253 0.56402567 0.56366894 0.56106426 0.56422434 0.56217311 0.55554134 0.56622234 0.56772304 0.56377009 0.56365412 0.56054419 0.56783140 0.56309310 0.55847370 0.55968386 0.56296193 0.56034943 0.56125764 0.56316433 0.55777357
0.67186228 0.67842859 0.68389283 0.68552378 0.67948776 0.67527711 0.67586265 0.68062472 0.68113164 0.67228053 0.67558323 0.67370107 0.68395584 0.68509958 0.69092685 0.67326919 0.68024929 0.67809816 0.67484634 0.68197946 0.67500674 0.67254524 0.67983121 0.67765955 0.67765310 0.67372159 0.68148155 0.67426718 0.67497566 0.67509804 0.67969100 0.68150512
0.76712675 0.77482995 0.77203606 0.77689436 0.77728951 0.77093043 0.77434724 0.77434382 0.77225840 0.77505748 0.77474029 0.76655372 0.77665941 0.77768130 0.77758305 0.77177551 0.77016455 0.77419842 0.76471777 0.76244986 0.77443360 0.77853097 0.77099120 0.78185735 0.76677506 0.76206358 0.77438012 0.78209535 0.77882523 0.77174034 0.76183636 0.76731030
0.83903100 0.83023106 0.84651644 0.83420227 0.83615049 0.83820093 0.83291430 0.82798231 0.83259863 0.83285938 0.83538920 0.83222019 0.83030033 0.82758940 0.83516906 0.83934702 0.83322192 0.83501308 0.82352912 0.82794144 0.83646751 0.83373032 0.82606023 0.84227081 0.83311676 0.83057836 0.83028679 0.83591597 0.82848607 0.83844434 0.83644558 0.82871530
0.84842380 0.85375546 0.85180733 0.85167025 0.85039934 0.84661356 0.84763419 0.84777320 0.84497019 0.84704187 0.84823464 0.84889203 0.84876445 0.85009352 0.84726549 0.85036973 0.85107359 0.85174219 0.84664179 0.85003432 0.84992648 0.84871256 0.84893617 0.84967200 0.85028243 0.85075597 0.85027332 0.85276168 0.84921849 0.85178338 0.85442219 0.84861791
0.82282138 0.82303687 0.82308079 0.81724162 0.81346294 0.80727574 0.80791973 0.81502845 0.81289646 0.81600603 0.81398912 0.81407852 0.81340964 0.82447700 0.81933025 0.82207439 0.81963516 0.81316155 0.82577668 0.82802498 0.81869157 0.83059250 0.82024818 0.81177827 0.82966986 0.81787618 0.81067783 0.81711273 0.82361535 0.82583629 0.82862508 0.82448911
0.75593709 0.75215288 0.75788285 0.75149588 0.73977058 0.74951142 0.73729633 0.74048975 0.74212527 0.73319788 0.73771875 0.74790493 0.75335405 0.75774087 0.75618472 0.74355402 0.76127872 0.74141968 0.76509986 0.74686490 0.75200866 0.74669703 0.74343013 0.75450624 0.74707823 0.76313089 0.75729311 0.75123961 0.75674840 0.75291581 0.75020523 0.75048207
0.66028856 0.64759676 0.64798009 0.65012035 0.63753911 0.64107529 0.64427006 0.64643680 0.65053499 0.64540760 0.64497093 0.63727851 0.64409964 0.64624830 0.65826284 0.64867230 0.64426670 0.64777801 0.64354203 0.65157365 0.64771253 0.64193096 0.64511315 0.64954351 0.64534897 0.65189736 0.65233823 0.64852664 0.65389042 0.65860658 0.65422000 0.65416624
0.53502499 0.53700071 0.53089506 0.52307899 0.52404902 0.52904132 0.52591479 0.52452180 0.52071404 0.51981942 0.52402892 0.52549666 0.52892149 0.53111146 0.53048164 0.53090418 0.52787670 0.53061981 0.52409824 0.52563406 0.53383913 0.52900392 0.52806373 0.53087614 0.53519191 0.53529352 0.53291510 0.53845532 0.53237232 0.53372636 0.53037210 0.53854613
0.41484069 0.41375102 0.41329057 0.41201980 0.41264112 0.40827391 0.40648267 0.40752975 0.40603487 0.40891181 0.40936031 0.41193842 0.40733561 0.41392887 0.41187188 0.41235818 0.41418268 0.41403200 0.41093010 0.41432866 0.41402710 0.41439329 0.41647673 0.41659438 0.41487988 0.41522038 0.41664950 0.41286108 0.41225961 0.42020483 0.42253710 0.41426777
0.30968020 0.30966380 0.30726937 0.30716571 0.30444465 0.30468819 0.30109444 0.30514097 0.30435794 0.30525975 0.30508764 0.30439018 0.30441600 0.30729272 0.30600731 0.30481135 0.30695211 0.30683686 0.30812617 0.30746035 0.30779942 0.30862440 0.30776859 0.30984670 0.30719568 0.31075581 0.30975103 0.31264667 0.31250825 0.31283445 0.30993202 0.30985957
0.22349426 0.22282090 0.22140543 0.22020972 0.21898985 0.21648142 0.21774937 0.21640838 0.21667448 0.21668255 0.21769736 0.21902707 0.21932471 0.22015280 0.22062821 0.22101009 0.21987317 0.22114187 0.22075191 0.22072288 0.22163730 0.22032143 0.22263342 0.22201530 0.22268669 0.22211965 0.22369370 0.22503286 0.22464825 0.22467230 0.22528295 0.22339762
0.15698453 0.15615955 0.15505195 0.15290513 0.15316002 0.15188399 0.15217850 0.15225187 0.15265784 0.15274203 0.15349154 0.15305862 0.15442775 0.15501639 0.15570091 0.15447383 0.15544986 0.15524045 0.15534742 0.15561857 0.15562166 0.15508783 0.15631657 0.15672925 0.15689810 0.15732556 0.15865554 0.15829390 0.15926609 0.15900561 0.15846869 0.15851617
0.11083505 0.11003869 0.10930667 0.10812592 0.10784766 0.10729514 0.10718528 0.10736232 0.10798160 0.10847501 0.10879196 0.10929794 0.10925638 0.10995310 0.10998994 0.11000564 0.11025061 0.11038143 0.11074883 0.11034645 0.11087956 0.11074505 0.11094823 0.11106472 0.11069065 0.11120928 0.11192292 0.11249340 0.11303197 0.11266100 0.11155912 0.11156209
0.08197409 0.08114199 0.08044760 0.07974098 0.07904215 0.07856238 0.07890899 0.07924699 0.07972988 0.08027900 0.08082410 0.08099283 0.08146654 0.08152716 0.08182709 0.08192000 0.08221212 0.08225266 0.08229114 0.08255523 0.08259800 0.08241615 0.08229657 0.08221051 0.08241756 0.08230518 0.08268620 0.08276918 0.08318130 0.08311938 0.08292013 0.08258698
0.06554383 0.06493220 0.06437440 0.06368609 0.06333326 0.06316576 0.06334680 0.06370319 0.06409381 0.06479153 0.06515478 0.06556743 0.06588527 0.06606951 0.06631455 0.06641126 0.06663067 0.06680009 0.06690934 0.06696475 0.06695835 0.06676648 0.06667047 0.06653959 0.06645979 0.06636958 0.06638652 0.06658083 0.06658392 0.06674721 0.06658763 0.06606889
0.05803743 0.05745800 0.05696019 0.05644892 0.05623239 0.05623258 0.05636020 0.05666610 0.05720512 0.05764733 0.05801159 0.05840883 0.05871666 0.05886536 0.05916277 0.05935736 0.05961306 0.05995990 0.06018237 0.06029216 0.06030299 0.06022028 0.05990974 0.05974854 0.05952209 0.05930273 0.05923952 0.05920963 0.05922248 0.05915481 0.05895355 0.05854188
0.05547258 0.05490441 0.05454405 0.05397137 0.05394587 0.05391761 0.05401958 0.05437129 0.05484515 0.05513595 0.05556372 0.05601808 0.05613654 0.05641732 0.05673050 0.05706412 0.05753637 0.05782702 0.05817102 0.05837967 0.05838725 0.05819023 0.05800339 0.05770510 0.05744683 0.05716470 0.05700648 0.05686522 0.05657530 0.05658552 0.05629400 0.05592755
0.05485817 0.05440705 0.05397196 0.05363912 0.05344130 0.05341660 0.05355835 0.05383280 0.05416404 0.05466332 0.05481449 0.05510553 0.05522487 0.05556463 0.05592507 0.05626134 0.05668823 0.05724201 0.05766822 0.05799189 0.05811254 0.05803758 0.05788129 0.05736384 0.05710129 0.05682340 0.05659023 0.05637366 0.05622992 0.05599551 0.05570290 0.05529850
