32 32 0.052512 0.70719
0.05547662 0.05503927 0.05476670 0.05435122 0.05412143 0.05403012 0.05409049 0.05408034 0.05427221 0.05447089 0.05458830 0.05475491 0.05482040 0.05509513 0.05528114 0.05557168 0.05590092 0.05642991 0.05683207 0.05713499 0.05714796 0.05702284 0.05701632 0.05677916 0.05665150 0.05648052 0.05630952 0.05629827 0.05622251 0.05617955 0.05597101 0.05574177
0.05532042 0.05497667 0.05460039 0.05423608 0.05396913 0.05385298 0.05376179 0.05362797 0.05368917 0.05391934 0.05425778 0.05423826 0.05421309 0.05434860 0.05467383 0.05507205 0.05560653 0.05606542 0.05642636 0.05690603 0.05707220 0.05698676 0.05698209 0.05674496 0.05645795 0.05639938 0.05622024 0.05609644 0.05600294 0.05597125 0.05583929 0.05554356
0.05509147 0.05475147 0.05442506 0.05417940 0.05380701 0.05349073 0.05346131 0.05298021 0.05333686 0.05325679 0.05335091 0.05327726 0.05346957 0.05367259 0.05400838 0.05436733 0.05492575 0.05529599 0.05602414 0.05646302 0.05660061 0.05678900 0.05671161 0.05645592 0.05620466 0.05612574 0.05585516 0.05578438 0.05572133 0.05560798 0.05555294 0.05520565
0.05480546 0.05447896 0.05417055 0.05393746 0.05348821 0.05330990 0.05306837 0.05290684 0.05275953 0.05272411 0.05266464 0.05259761 0.05271119 0.05285519 0.05320693 0.05371518 0.05431969 0.05495899 0.05551240 0.05621333 0.05629223 0.05641993 0.05629089 0.05614351 0.05588150 0.05571502 0.05552220 0.05540627 0.05538356 0.05526146 0.05517771 0.05503875
0.05513914 0.05487583 0.05462263 0.05421293 0.05391601 0.05361604 0.05334733 0.05308054 0.05285562 0.05269784 0.05260810 0.05251234 0.05259771 0.05272307 0.05310176 0.05360755 0.05425834 0.05491336 0.05549638 0.05601556 0.05643671 0.05639856 0.05650691 0.05625496 0.05604654 0.05578262 0.05566421 0.05562696 0.05547683 0.05541056 0.05534543 0.05519240
0.05785889 0.05768170 0.05742061 0.05703651 0.05681718 0.05650696 0.05607951 0.05577294 0.05549224 0.05519598 0.05498439 0.05490904 0.05493269 0.05511926 0.05547253 0.05594495 0.05658777 0.05723821 0.05776981 0.05840296 0.05871134 0.05891017 0.05890546 0.05876123 0.05853125 0.05830649 0.05815155 0.05791427 0.05793032 0.05793388 0.05791410 0.05798127
0.06603326 0.06579826 0.06567314 0.06540655 0.06493382 0.06457784 0.06416915 0.06370520 0.06330367 0.06298660 0.06284275 0.06273869 0.06274242 0.06290571 0.06327219 0.06373346 0.06446785 0.06496121 0.06564039 0.06613037 0.06655623 0.06666932 0.06659333 0.06667629 0.06633525 0.06626071 0.06591364 0.06587282 0.06577560 0.06600538 0.06604150 0.06592881
0.08304151 0.08316993 0.08302630 0.08268368 0.08220038 0.08178475 0.08125149 0.08110308 0.08053858 0.07996761 0.07991734 0.07962672 0.07967085 0.07989187 0.08025423 0.08098250 0.08125240 0.08172728 0.08239908 0.08284786 0.08331309 0.08348086 0.08323154 0.08330384 0.08314580 0.08270788 0.08286345 0.08280416 0.08284580 0.08272573 0.08302777 0.08258246
0.11285178 0.11246612 0.11286466 0.11230107 0.11208126 0.11178354 0.11107976 0.11061228 0.11042998 0.10973292 0.10939432 0.10934765 0.10920132 0.10940593 0.10955740 0.11016332 0.11016341 0.11109203 0.11103328 0.11170271 0.11221637 0.11247206 0.11239452 0.11233430 0.11193859 0.11228632 0.11210230 0.11202191 0.11182566 0.11191642 0.11229202 0.11288302
0.15724171 0.15859300 0.15713588 0.15766260 0.15807885 0.15732832 0.15672762 0.15651160 0.15702100 0.15523754 0.15469847 0.15505414 0.15366779 0.15584786 0.15492135 0.15536697 0.15479078 0.15638580 0.15661460 0.15740783 0.15783248 0.15764813 0.15730171 0.15780383 0.15768168 0.15738215 0.15720256 0.15709104 0.15774565 0.15745498 0.15734436 0.15815273
0.22236414 0.22031864 0.22206958 0.22281019 0.22087212 0.22150338 0.22092065 0.22082116 0.21967869 0.22065662 0.21849194 0.22060793 0.21842369 0.21958506 0.21859022 0.21825251 0.22025983 0.22079019 0.22168173 0.22116823 0.22053005 0.22152658 0.22053053 0.22092920 0.22097599 0.22109732 0.21963631 0.22035762 0.22088636 0.22048500 0.22189248 0.22030600
0.30380273 0.30394894 0.30419805 0.30618121 0.30722142 0.30386399 0.30471833 0.30312292 0.30358163 0.30298168 0.30125155 0.30137199 0.30022293 0.30384787 0.30240820 0.30584568 0.30209007 0.30480110 0.30494673 0.30340324 0.30459343 0.30370762 0.30078701 0.30653284 0.30389856 0.30172634 0.30310036 0.30278188 0.30461294 0.30282507 0.30519923 0.30373254
0.40297763 0.40310477 0.40108440 0.40470938 0.40162526 0.40066306 0.40035608 0.40172579 0.40179601 0.40102414 0.40102406 0.40229541 0.39774995 0.40156356 0.40441716 0.40300807 0.40275284 0.40025757 0.40191857 0.40230068 0.40136304 0.40426815 0.39959712 0.40183901 0.39670756 0.40048290 0.39926201 0.39851547 0.39981519 0.40062808 0.39912870 0.40149409
0.50360290 0.50795150 0.51011686 0.50214255 0.51190915 0.49991820 0.50742080 0.50538866 0.50676904 0.50718165 0.50338477 0.50869962 0.50733046 0.50748346 0.50540437 0.50803066 0.50592121 0.50032127 0.50945668 0.51064325 0.50693646 0.50677774 0.50426526 0.51046410 0.50639005 0.50238208 0.50363137 0.50664869 0.50405493 0.50514133 0.50672951 0.50204961
0.60251096 0.60825827 0.61274881 0.61408994 0.60881484 0.60505206 0.60560159 0.61003087 0.61043578 0.60270966 0.60585922 0.60425356 0.61343550 0.61471915 0.61975707 0.60479966 0.61065474 0.60876532 0.60542502 0.61117080 0.60544011 0.60292265 0.60909613 0.60740955 0.60748885 0.60445046 0.61118718 0.60473245 0.60545560 0.60561378 0.60939208 0.61108349
0.68597972 0.69249548 0.69040912 0.69424349 0.69456865 0.68964133 0.69235902 0.69231428 0.69057751 0.69306565 0.69291722 0.68583834 0.69495692 0.69589049 0.69621085 0.69087002 0.68892583 0.69301284 0.68463132 0.68207216 0.69306427 0.69588908 0.68969981 0.69828209 0.68553241 0.68268424 0.69246371 0.69888465 0.69674356 0.68973706 0.68160661 0.68641642
0.74806530 0.73998134 0.75474876 0.74371766 0.74602424 0.74796787 0.74307486 0.73900123 0.74276785 0.74305941 0.74470641 0.74240238 0.74087362 0.73943014 0.74547243 0.74917646 0.74377104 0.74509295 0.73536207 0.73855796 0.74604073 0.74367144 0.73691954 0.75076169 0.74337108 0.74133629 0.74086314 0.74545365 0.73915907 0.74755501 0.74609701 0.73964605
0.75414270 0.75969953 0.75757877 0.75764298 0.75647375 0.75277962 0.75477433 0.75449885 0.75177496 0.75401117 0.75529901 0.75580581 0.75547957 0.75610497 0.75422515 0.75690172 0.75744365 0.75784986 0.75382392 0.75657793 0.75618512 0.75505550 0.75563435 0.75676883 0.75693571 0.75757243 0.75742386 0.75902882 0.75596904 0.75752969 0.75952278 0.75508513
0.73020680 0.73087347 0.73071418 0.72573315 0.72208799 0.71673510 0.71761849 0.72368725 0.72164776 0.72484654 0.72317918 0.72292680 0.72277119 0.73259354 0.72800986 0.73009062 0.72796000 0.72237431 0.73319375 0.73513756 0.72662983 0.73808862 0.72861849 0.72036925 0.73737903 0.72677919 0.72029241 0.72539201 0.73215233 0.73388933 0.73581586 0.73158357
0.67005477 0.66637341 0.67168678 0.66610877 0.65559525 0.66469425 0.65459168 0.65558898 0.65823545 0.65052912 0.65462781 0.66335450 0.66822348 0.67080134 0.67013967 0.65900748 0.67346126 0.65695622 0.67679637 0.66178485 0.66599568 0.66207560 0.65876895 0.66875047 0.66265504 0.67672783 0.67154410 0.66547811 0.67084943 0.66733880 0.66491451 0.66497702
0.58346509 0.57328913 0.57334620 0.57545174 0.56475396 0.56746979 0.57057236 0.57201971 0.57569702 0.57154296 0.57090704 0.56472833 0.57024196 0.57154064 0.58170112 0.57348820 0.56974221 0.57265055 0.56909265 0.57621260 0.57339908 0.56858077 0.57128218 0.57474214 0.57185570 0.57702891 0.57768297 0.57459695 0.57890218 0.58261184 0.57868343 0.57876156
0.47296645 0.47475983 0.46932828 0.46304029 0.46391775 0.46827155 0.46533597 0.46413414 0.46105430 0.46052962 0.46399150 0.46506081 0.46785813 0.46966949 0.46883115 0.46911107 0.46648221 0.46888472 0.46331522 0.46489785 0.47189373 0.46771846 0.46725847 0.46970528 0.47343684 0.47364212 0.47173937 0.47638864 0.47095192 0.47189845 0.46912776 0.47615401
0.36714254 0.36639912 0.36578798 0.36494830 0.36528696 0.36159725 0.36006158 0.36114364 0.35997927 0.36226663 0.36279984 0.36487047 0.36085484 0.36627598 0.36427945 0.36456843 0.36604822 0.36595086 0.36332966 0.36624738 0.36624479 0.36656442 0.36855674 0.36891285 0.36756131 0.36787544 0.36906650 0.36577533 0.36525072 0.37193161 0.37380915 0.36660379
0.27489079 0.27483754 0.27283925 0.27268007 0.27044606 0.27065906 0.26757726 0.27110269 0.27055288 0.27132940 0.27117034 0.27052016 0.27040964 0.27276230 0.27146135 0.27032994 0.27199267 0.27198157 0.27306757 0.27264129 0.27307435 0.27393306 0.27335319 0.27521463 0.27292932 0.27615500 0.27525305 0.27769666 0.27751776 0.27770546 0.27514712 0.27502495
0.19971706 0.19917581 0.19788335 0.19686745 0.19584017 0.19370998 0.19482600 0.19376562 0.19398818 0.19413605 0.19491174 0.19598038 0.19615591 0.19669186 0.19701660 0.19718912 0.19615199 0.19721351 0.19691993 0.19696807 0.19792845 0.19688995 0.19904790 0.19855830 0.19917557 0.19872380 0.20009438 0.20119833 0.20079068 0.20081927 0.20130277 0.19964378
0.14204900 0.14131614 0.14035789 0.13850056 0.13872034 0.13765341 0.13791528 0.13799420 0.13836246 0.13853400 0.13910267 0.13870457 0.13980662 0.14014671 0.14058199 0.13942377 0.14027976 0.14002734 0.14016628 0.14048234 0.14057384 0.14024415 0.14140190 0.14185265 0.14201697 0.14241971 0.14360087 0.14329855 0.14412076 0.14385270 0.14333516 0.14332020
0.10232871 0.10157711 0.10091556 0.09990264 0.09965157 0.09917288 0.09909553 0.09926412 0.09982376 0.10025003 0.10050954 0.10094235 0.10075439 0.10127540 0.10117383 0.10108910 0.10122936 0.10133660 0.10168871 0.10140160 0.10197224 0.10194543 0.10217985 0.10232618 0.10211616 0.10257069 0.10319415 0.10373683 0.10411347 0.10392377 0.10289794 0.10289845
0.07764057 0.07692104 0.07622538 0.07565235 0.07501152 0.07465055 0.07489850 0.07521999 0.07564408 0.07612610 0.07660041 0.07664112 0.07697694 0.07691427 0.07706907 0.07704514 0.07725614 0.07726223 0.07730453 0.07759547 0.07766765 0.07759895 0.07755490 0.07756047 0.07780509 0.07773541 0.07811687 0.07830423 0.07862774 0.07860877 0.07846634 0.07819260
0.06386990 0.06325285 0.06272372 0.06212152 0.06182177 0.06162911 0.06178396 0.06212863 0.06244022 0.06309447 0.06334449 0.06363574 0.06386478 0.06387317 0.06394880 0.06396947 0.06409922 0.06420708 0.06429869 0.06438660 0.06441398 0.06429699 0.06427816 0.06422120 0.06421252 0.06420625 0.06428950 0.06455625 0.06465373 0.06482116 0.06470148 0.06433845
0.05772515 0.05719162 0.05674462 0.05625275 0.05604631 0.05596759 0.05610772 0.05638284 0.05687241 0.05722274 0.05748686 0.05779533 0.05799168 0.05803683 0.05816929 0.05823544 0.05838451 0.05865951 0.05883425 0.05892982 0.05892488 0.05887251 0.05865196 0.05861481 0.05847759 0.05835514 0.05841872 0.05845478 0.05860619 0.05860486 0.05846408 0.05816220
0.05582709 0.05531662 0.05500883 0.05445895 0.05435597 0.05430250 0.05441644 0.05466814 0.05508435 0.05532240 0.05563338 0.05599837 0.05600187 0.05614601 0.05630467 0.05652635 0.05686142 0.05706826 0.05733995 0.05751530 0.05751239 0.05737012 0.05723203 0.05695511 0.05686853 0.05671867 0.05669310 0.05670453 0.05655479 0.05667182 0.05650220 0.05621053
0.05549306 0.05509156 0.05463217 0.05432363 0.05409928 0.05407764 0.05414951 0.05432961 0.05457522 0.05500338 0.05504185 0.05529752 0.05530640 0.05552308 0.05577577 0.05599336 0.05621124 0.05669194 0.05700693 0.05728575 0.05736649 0.05733721 0.05716486 0.05672769 0.05663780 0.05650643 0.05638484 0.05640786 0.05644470 0.05628995 0.05616326 0.05584592
