32 32 0.050169 1.407
0.05264017 0.05208455 0.05181064 0.05151185 0.05131992 0.05138256 0.05146859 0.05158321 0.05175335 0.05197829 0.05204156 0.05213630 0.05212041 0.05233985 0.05252956 0.05281127 0.05326785 0.05387725 0.05445803 0.05494503 0.05519158 0.05527757 0.05548455 0.05539671 0.05525379 0.05510022 0.05486346 0.05460317 0.05435576 0.05404504 0.05358527 0.05311313
0.05224306 0.05176715 0.05135595 0.05104206 0.05087616 0.05090613 0.05098286 0.05092983 0.05106711 0.05132824 0.05159040 0.05159912 0.05155112 0.05166160 0.05200690 0.05242770 0.05306628 0.05357938 0.05415056 0.05482246 0.05518794 0.05530491 0.05545990 0.05533255 0.05510278 0.05499097 0.05470526 0.05436241 0.05401909 0.05366078 0.05323819 0.05275288
0.05186380 0.05137006 0.05099572 0.05079346 0.05057708 0.05041178 0.05048606 0.05018438 0.05061449 0.05062376 0.05073692 0.05072956 0.05086059 0.05107819 0.05138613 0.05183198 0.05249279 0.05296323 0.05386890 0.05449977 0.05485698 0.05521501 0.05529321 0.05514841 0.05491338 0.05476597 0.05437311 0.05405278 0.05369859 0.05327082 0.05288401 0.05229266
0.05164542 0.05117528 0.05080081 0.05056412 0.05024501 0.05022590 0.05017474 0.05021791 0.05016909 0.05020262 0.05024652 0.05019665 0.05036294 0.05058375 0.05090438 0.05154629 0.05220650 0.05293832 0.05366182 0.05454067 0.05483861 0.05512625 0.05517257 0.05507375 0.05483557 0.05460273 0.05422970 0.05391243 0.05353813 0.05305273 0.05260167 0.05213140
0.05311576 0.05259482 0.05226031 0.05192614 0.05170600 0.05152827 0.05145606 0.05137762 0.05131204 0.05126843 0.05127912 0.05121738 0.05138145 0.05161704 0.05208114 0.05266991 0.05339507 0.05422448 0.05494239 0.05565263 0.05625910 0.05646145 0.05659660 0.05645965 0.05626249 0.05591257 0.05558374 0.05507863 0.05470618 0.05435339 0.05389325 0.05339486
0.05950146 0.05907804 0.05872441 0.05835197 0.05817911 0.05804582 0.05777240 0.05761473 0.05746768 0.05728543 0.05728601 0.05735644 0.05749281 0.05778464 0.05825725 0.05879538 0.05960873 0.06041110 0.06112736 0.06194304 0.06242910 0.06282350 0.06291467 0.06284440 0.06256716 0.06223324 0.06190895 0.06145447 0.06093968 0.06054996 0.06017790 0.05985594
0.07642110 0.07586185 0.07551127 0.07523288 0.07471176 0.07465008 0.07427709 0.07394467 0.07375001 0.07375010 0.07363869 0.07371393 0.07387527 0.07414287 0.07470454 0.07534450 0.07619711 0.07669906 0.07765588 0.07833561 0.07895691 0.07922331 0.07918022 0.07953105 0.07909614 0.07894559 0.07827634 0.07799498 0.07753346 0.07751594 0.07714209 0.07657258
0.11021709 0.11019893 0.10988409 0.10930370 0.10869963 0.10832078 0.10778513 0.10808938 0.10751560 0.10695573 0.10730851 0.10703579 0.10730232 0.10772728 0.10832723 0.10941331 0.10957822 0.11000566 0.11099756 0.11160499 0.11230056 0.11260493 0.11243957 0.11264458 0.11256580 0.11189343 0.11208107 0.11184179 0.11150247 0.11090642 0.11098120 0.10994679
0.16885109 0.16827696 0.16831882 0.16723494 0.16692722 0.16681235 0.16597651 0.16543847 0.16571492 0.16487669 0.16468361 0.16495763 0.16506319 0.16531989 0.16551655 0.16649986 0.16619078 0.16763010 0.16730684 0.16817258 0.16921592 0.16981626 0.16977658 0.16986484 0.16921515 0.16998276 0.17002716 0.16950981 0.16874448 0.16854287 0.16879150 0.16943098
0.25573213 0.25787776 0.25467406 0.25566988 0.25655446 0.25528483 0.25450616 0.25457279 0.25609761 0.25317550 0.25251429 0.25336542 0.25115748 0.25555740 0.25360136 0.25436445 0.25295242 0.25596689 0.25587178 0.25767212 0.25845810 0.25819634 0.25770949 0.25882278 0.25904718 0.25856686 0.25820815 0.25791616 0.25891022 0.25797409 0.25713523 0.25813926
0.38275702 0.37807238 0.38102644 0.38218166 0.37779360 0.37975409 0.37888997 0.37921697 0.37724988 0.37975611 0.37586781 0.38003204 0.37638064 0.37841709 0.37663414 0.37579677 0.37982625 0.38037578 0.38191680 0.38134225 0.38017659 0.38249558 0.38077760 0.38195462 0.38233632 0.38274646 0.38004059 0.38131230 0.38250069 0.38110719 0.38327603 0.37927571
0.54157503 0.54041108 0.54184421 0.54433503 0.54668252 0.54019411 0.54122420 0.53840866 0.54037671 0.53836689 0.53499487 0.53645463 0.53335095 0.54119094 0.53861176 0.54471126 0.53741522 0.54261379 0.54315700 0.54031035 0.54265714 0.54166021 0.53634098 0.54916444 0.54339661 0.53956859 0.54300019 0.54221590 0.54535722 0.54170909 0.54572554 0.54159533
0.73456076 0.73506619 0.72866825 0.73629617 0.73006997 0.72791733 0.72475017 0.72762954 0.72961946 0.72656131 0.72938250 0.73261782 0.72141255 0.73053594 0.73541570 0.73385450 0.73068996 0.72462011 0.73076630 0.73205857 0.72979031 0.73683081 0.72728523 0.73388769 0.72209426 0.73130223 0.72956539 0.72899261 0.73031904 0.73304972 0.72769842 0.73030642
0.93467486 0.93603801 0.94114117 0.92434236 0.94432772 0.92061272 0.93635661 0.92589037 0.93107638 0.93568898 0.92768071 0.93767995 0.93847176 0.93381885 0.92773714 0.93536953 0.93389092 0.91721205 0.93900578 0.94168429 0.93553720 0.93522737 0.92706160 0.94455235 0.93653695 0.92983151 0.93200296 0.93796081 0.93845836 0.93642943 0.94070868 0.92813828
1.12436327 1.13458685 1.14795418 1.14878767 1.13576916 1.12821312 1.12770581 1.13383683 1.13896076 1.12102976 1.12638826 1.12474247 1.14679438 1.14478597 1.16018014 1.11793670 1.13413926 1.12844458 1.12594950 1.14196471 1.12339846 1.12342080 1.13878406 1.13536164 1.13591450 1.12610210 1.14360502 1.13269314 1.13328178 1.13251444 1.14337833 1.14293234
1.29013448 1.30607040 1.29298061 1.30819544 1.30562395 1.28359275 1.29766611 1.29700396 1.29381481 1.29940790 1.30137013 1.28695708 1.30740708 1.30867905 1.30849550 1.29410172 1.29626754 1.29555377 1.28125269 1.27969381 1.29327491 1.31075016 1.29276959 1.32483452 1.29106906 1.27677670 1.30853859 1.32406801 1.31585843 1.30842370 1.28335158 1.28710798
1.42277349 1.40453176 1.43806047 1.40985321 1.40915682 1.41447275 1.40196749 1.38939079 1.40213706 1.40387812 1.41078484 1.40570757 1.40093016 1.39443596 1.41173127 1.41720960 1.40462180 1.40809115 1.38597479 1.39814392 1.40970103 1.40719976 1.39510299 1.42931918 1.41228089 1.40446591 1.40796403 1.42125030 1.40616034 1.42267511 1.41758626 1.39378581
1.44652588 1.45371409 1.44661090 1.44501089 1.44270477 1.43387991 1.43496118 1.43420491 1.42695863 1.43356855 1.43504566 1.43690670 1.43768233 1.44391197 1.43536418 1.44246533 1.44293809 1.44555688 1.43377861 1.44059021 1.44082421 1.44111262 1.44193891 1.44164974 1.44671584 1.44802940 1.44757621 1.45124659 1.44606296 1.45104273 1.45718839 1.43987014
1.40575972 1.40051184 1.40017586 1.38770427 1.37885359 1.36886543 1.37240083 1.38720285 1.38337516 1.38954105 1.38544036 1.38766286 1.37949600 1.39856643 1.39166624 1.39923717 1.39242689 1.38363726 1.40456152 1.41550113 1.39390245 1.40871859 1.39687406 1.39108720 1.41982122 1.39618656 1.38092780 1.39900100 1.40365875 1.40593946 1.41632197 1.41004302
1.28720418 1.28490275 1.29307182 1.28144517 1.26454650 1.27619316 1.25293611 1.26954365 1.26462020 1.24631293 1.25408253 1.27525205 1.28196777 1.29906941 1.29037447 1.26945903 1.31212989 1.26844898 1.31213138 1.27542149 1.28800303 1.27336939 1.27496273 1.29332006 1.27760220 1.31159102 1.29920181 1.29163849 1.29468804 1.28796254 1.27829361 1.27883168
1.13371689 1.10371112 1.10877690 1.11059296 1.08759354 1.09991280 1.10231672 1.11286493 1.12005377 1.10680060 1.10889206 1.08660438 1.10300887 1.11346438 1.13860947 1.11765719 1.10613271 1.11297806 1.10392615 1.11658700 1.10531032 1.09537154 1.10379891 1.11861034 1.10357701 1.12153683 1.11783369 1.10698642 1.11803817 1.12894013 1.11985950 1.11656867
0.91305096 0.91703394 0.90967272 0.89005890 0.89388326 0.90455132 0.90296250 0.90115289 0.89283991 0.88818554 0.89745930 0.90195298 0.90911234 0.91142390 0.91292451 0.91281254 0.90538585 0.90924061 0.89659165 0.89802593 0.91564025 0.90917885 0.90523740 0.91173393 0.92050978 0.91937096 0.91162888 0.92224937 0.91004321 0.91345633 0.90324757 0.91749300
0.70260936 0.69910008 0.70278849 0.69930170 0.70437918 0.69683464 0.69442643 0.69550315 0.69165400 0.69993408 0.69897286 0.70433759 0.69546702 0.70875230 0.70604418 0.70716379 0.70963225 0.70762012 0.70194290 0.70939872 0.70798245 0.71003620 0.71208951 0.71202971 0.70786922 0.70771712 0.70940804 0.70133861 0.69715446 0.71261036 0.71734571 0.70132504
0.51775033 0.51904518 0.51547016 0.51748171 0.51268705 0.51457445 0.50833190 0.51710083 0.51495663 0.51663282 0.51645626 0.51513415 0.51490468 0.51996034 0.51837722 0.51465310 0.51982051 0.51860220 0.52165765 0.51989208 0.52040602 0.52185761 0.51986995 0.52378035 0.51818588 0.52329847 0.52130939 0.52534204 0.52315186 0.52357706 0.51739957 0.51778053
0.36451826 0.36402523 0.36271588 0.36176497 0.36096607 0.35655833 0.36008005 0.35724637 0.35825784 0.35792397 0.35957754 0.36230432 0.36250393 0.36369003 0.36449601 0.36505975 0.36309343 0.36472873 0.36435102 0.36414553 0.36560091 0.36329359 0.36775755 0.36623700 0.36717384 0.36533533 0.36709401 0.36869313 0.36701427 0.36599359 0.36682327 0.36368891
0.24468806 0.24408322 0.24302494 0.23983631 0.24158064 0.23977320 0.24084962 0.24115579 0.24187312 0.24141273 0.24243634 0.24103256 0.24360258 0.24462006 0.24540330 0.24263468 0.24480232 0.24418249 0.24427513 0.24496907 0.24528246 0.24414443 0.24674337 0.24746140 0.24749675 0.24788417 0.24956751 0.24779889 0.24880267 0.24791906 0.24661618 0.24701419
0.16072291 0.15992163 0.15931018 0.15815227 0.15819514 0.15771109 0.15766312 0.15796685 0.15870012 0.15924627 0.15947271 0.15962812 0.15923659 0.16012214 0.15991095 0.15971735 0.16016801 0.16019693 0.16110618 0.16031795 0.16180605 0.16179891 0.16248571 0.16282136 0.16217172 0.16274181 0.16356848 0.16401350 0.16441582 0.16334634 0.16155291 0.16150856
0.10715599 0.10631020 0.10578716 0.10507990 0.10431117 0.10367359 0.10425462 0.10468747 0.10508770 0.10555922 0.10617862 0.10577662 0.10618264 0.10582362 0.10611511 0.10606058 0.10647837 0.10646597 0.10659181 0.10738727 0.10778419 0.10779875 0.10807124 0.10816083 0.10867348 0.10834328 0.10888633 0.10855207 0.10907620 0.10861823 0.10825033 0.10785150
0.07587408 0.07527918 0.07474451 0.07414273 0.07379433 0.07364787 0.07387362 0.07418383 0.07453282 0.07504038 0.07515570 0.07540649 0.07544419 0.07542837 0.07558922 0.07534834 0.07563223 0.07578208 0.07601021 0.07626821 0.07665852 0.07671413 0.07702396 0.07725125 0.07735137 0.07730417 0.07728138 0.07744161 0.07728617 0.07743543 0.07713302 0.07652691
0.06066365 0.06010925 0.05966185 0.05922861 0.05910069 0.05911309 0.05924073 0.05946743 0.05989014 0.06017477 0.06033224 0.06042370 0.06044413 0.06029755 0.06040574 0.06042350 0.06059518 0.06104660 0.06141250 0.06172220 0.06203457 0.06224503 0.06226518 0.06243114 0.06242037 0.06229136 0.06226843 0.06223448 0.06216387 0.06195901 0.06176112 0.06121131
0.05479708 0.05430628 0.05393462 0.05346089 0.05345394 0.05346323 0.05356774 0.05386064 0.05419938 0.05432462 0.05450629 0.05469155 0.05458882 0.05461397 0.05468517 0.05490204 0.05529705 0.05560550 0.05603944 0.05643210 0.05670276 0.05679390 0.05691882 0.05682018 0.05682831 0.05672004 0.05664086 0.05654772 0.05616428 0.05611220 0.05572658 0.05524917
0.05310525 0.05262420 0.05218021 0.05191578 0.05175629 0.05179538 0.05192162 0.05216733 0.05238737 0.05276443 0.05270534 0.05281991 0.05275741 0.05288829 0.05306884 0.05329028 0.05366782 0.05417484 0.05468859 0.05517898 0.05548408 0.05562162 0.05571822 0.05550461 0.05544242 0.05533531 0.05516130 0.05496781 0.05482406 0.05449853 0.05416188 0.05358997
