32 32 0.051629 0.7418
0.05338653 0.05309068 0.05298911 0.05289162 0.05282366 0.05301512 0.05318743 0.05327882 0.05359512 0.05386730 0.05394040 0.05411855 0.05411040 0.05429925 0.05445690 0.05471677 0.05504299 0.05548723 0.05592442 0.05624778 0.05633623 0.05616898 0.05611083 0.05576196 0.05542165 0.05508258 0.05470633 0.05442855 0.05424412 0.05406605 0.05379290 0.05354618
0.05315838 0.05297722 0.05279327 0.05265018 0.05261774 0.05270992 0.05283211 0.05283588 0.05302332 0.05328337 0.05355902 0.05356058 0.05347443 0.05352168 0.05379417 0.05408020 0.05456824 0.05502462 0.05535800 0.05589980 0.05602258 0.05597632 0.05590544 0.05556458 0.05510898 0.05492996 0.05448569 0.05415790 0.05391208 0.05374839 0.05357786 0.05332695
0.05282027 0.05265485 0.05253299 0.05255160 0.05241774 0.05231919 0.05245013 0.05214657 0.05255943 0.05257558 0.05263754 0.05253642 0.05264983 0.05274170 0.05300306 0.05331224 0.05377333 0.05410017 0.05481391 0.05528620 0.05540378 0.05560496 0.05546672 0.05510012 0.05467888 0.05441918 0.05398427 0.05371563 0.05351231 0.05327644 0.05324177 0.05289124
0.05243779 0.05231217 0.05222249 0.05216351 0.05191862 0.05199557 0.05202654 0.05202715 0.05196606 0.05193537 0.05190171 0.05173138 0.05179384 0.05187505 0.05209528 0.05254502 0.05304186 0.05361738 0.05419632 0.05488770 0.05497011 0.05505804 0.05488330 0.05456529 0.05418389 0.05384598 0.05341744 0.05322628 0.05302032 0.05281244 0.05268216 0.05257363
0.05269195 0.05265215 0.05258545 0.05243647 0.05237177 0.05233220 0.05224891 0.05215737 0.05205247 0.05189916 0.05178934 0.05162851 0.05166657 0.05166473 0.05190635 0.05230682 0.05288493 0.05351329 0.05408834 0.05455681 0.05498753 0.05490150 0.05491926 0.05457213 0.05414413 0.05379594 0.05347979 0.05327325 0.05299446 0.05285194 0.05275987 0.05262085
0.05546256 0.05544922 0.05542762 0.05532873 0.05533750 0.05525696 0.05504431 0.05489564 0.05471706 0.05447376 0.05421561 0.05408754 0.05401897 0.05411781 0.05434066 0.05471407 0.05529411 0.05589469 0.05637969 0.05700165 0.05723636 0.05741883 0.05731805 0.05704551 0.05667681 0.05628926 0.05598330 0.05562784 0.05548699 0.05539223 0.05536045 0.05550060
0.06394349 0.06388629 0.06393315 0.06392494 0.06373368 0.06369759 0.06345522 0.06315938 0.06284389 0.06257780 0.06237481 0.06219549 0.06210665 0.06220646 0.06241398 0.06281705 0.06349909 0.06394172 0.06457465 0.06503595 0.06539819 0.06545333 0.06528050 0.06524782 0.06476796 0.06448876 0.06398847 0.06382355 0.06362538 0.06375931 0.06376760 0.06370507
0.08160274 0.08189353 0.08196378 0.08184344 0.08168692 0.08152276 0.08119973 0.08120909 0.08075316 0.08023929 0.08011644 0.07975908 0.07974284 0.07984858 0.08016746 0.08072503 0.08104210 0.08146931 0.08212191 0.08254387 0.08292537 0.08302313 0.08266402 0.08253098 0.08226875 0.08170858 0.08165384 0.08147629 0.08138059 0.08116704 0.08141957 0.08100789
0.11273044 0.11251319 0.11308828 0.11276738 0.11281363 0.11281868 0.11234555 0.11201169 0.11194178 0.11125838 0.11087629 0.11079811 0.11057183 0.11067861 0.11079958 0.11137731 0.11134265 0.11225346 0.11214723 0.11281978 0.11322768 0.11340432 0.11318385 0.11295647 0.11236064 0.11251846 0.11234384 0.11200369 0.11166004 0.11166352 0.11203237 0.11268542
0.15916735 0.16069415 0.15929245 0.16017521 0.16083762 0.16040111 0.16000924 0.15997635 0.16062541 0.15879687 0.15826121 0.15853827 0.15714040 0.15931108 0.15828313 0.15870862 0.15812962 0.15974514 0.15993493 0.16070928 0.16111322 0.16077241 0.16025523 0.16059799 0.16029815 0.15977683 0.15945072 0.15918281 0.15974911 0.15934199 0.15915631 0.16002505
0.22731536 0.22529500 0.22732362 0.22834488 0.22656726 0.22754294 0.22719175 0.22727579 0.22620300 0.22704967 0.22500237 0.22717522 0.22480086 0.22601287 0.22498029 0.22457628 0.22675258 0.22726959 0.22822648 0.22757924 0.22683138 0.22774653 0.22654838 0.22677351 0.22664661 0.22657362 0.22486085 0.22547980 0.22589790 0.22537958 0.22679229 0.22509614
0.31265933 0.31289710 0.31347555 0.31567645 0.31712963 0.31386448 0.31499820 0.31349307 0.31405927 0.31349248 0.31167290 0.31182736 0.31056446 0.31438203 0.31285793 0.31650120 0.31254530 0.31536291 0.31554483 0.31386509 0.31500073 0.31395203 0.31075079 0.31658265 0.31359612 0.31114333 0.31243747 0.31193051 0.31373797 0.31171313 0.31414727 0.31251988
0.41668430 0.41692482 0.41494940 0.41907480 0.41609843 0.41540305 0.41525732 0.41690164 0.41709480 0.41635778 0.41636099 0.41769483 0.41286379 0.41691977 0.41992172 0.41847273 0.41816653 0.41540881 0.41732802 0.41769438 0.41659164 0.41946948 0.41444673 0.41662206 0.41103921 0.41479780 0.41334706 0.41240681 0.41361301 0.41434834 0.41266429 0.41499380
0.52239716 0.52694073 0.52943748 0.52127532 0.53196368 0.51963309 0.52786809 0.52581528 0.52743105 0.52793760 0.52399564 0.52949018 0.52816810 0.52816023 0.52596833 0.52876984 0.52667107 0.52069599 0.53028490 0.53151397 0.52753659 0.52721861 0.52435935 0.53073519 0.52625359 0.52185650 0.52294755 0.52596323 0.52321978 0.52411279 0.52570448 0.52071342
0.62651302 0.63251713 0.63756485 0.63933302 0.63399482 0.63031363 0.63122991 0.63611781 0.63662338 0.62863684 0.63192767 0.63026076 0.63994083 0.64108460 0.64636222 0.63062245 0.63677219 0.63472937 0.63132083 0.63739262 0.63112632 0.62845349 0.63480908 0.63279226 0.63267277 0.62914963 0.63608703 0.62919591 0.62974614 0.62972719 0.63368590 0.63537338
0.71434894 0.72147390 0.71977009 0.72398299 0.72472336 0.71967764 0.72281087 0.72317518 0.72146076 0.72412925 0.72409178 0.71656961 0.72619773 0.72694690 0.72697985 0.72159696 0.71965196 0.72364679 0.71473587 0.71209583 0.72342193 0.72654635 0.71966656 0.72867807 0.71499025 0.71122356 0.72192985 0.72866369 0.72596962 0.71866439 0.70959458 0.71476385
0.78009540 0.77190521 0.78763760 0.77661977 0.77904216 0.78172923 0.77698397 0.77283907 0.77719643 0.77760881 0.77962541 0.77687028 0.77513417 0.77324899 0.77971230 0.78363772 0.77772577 0.77915423 0.76841955 0.77226047 0.77988225 0.77718284 0.76982600 0.78450234 0.77634974 0.77376477 0.77320860 0.77799083 0.77113879 0.77988211 0.77799215 0.77102045
0.78758190 0.79342907 0.79174628 0.79217143 0.79147385 0.78818891 0.79031247 0.79039209 0.78812865 0.79002829 0.79128648 0.79180306 0.79150330 0.79231873 0.78999139 0.79251296 0.79333606 0.79320311 0.78869892 0.79156763 0.79109321 0.78977998 0.78996119 0.79093291 0.79127367 0.79159167 0.79092004 0.79269769 0.78925780 0.79103339 0.79286593 0.78830677
0.76319339 0.76395844 0.76434259 0.75944876 0.75634139 0.75151408 0.75249068 0.75925794 0.75713365 0.76046710 0.75867952 0.75826676 0.75775538 0.76774216 0.76280354 0.76489183 0.76244760 0.75631652 0.76763775 0.76993058 0.76061865 0.77264069 0.76239068 0.75351923 0.77142040 0.75974076 0.75271849 0.75809324 0.76453188 0.76637966 0.76853743 0.76440458
0.70056298 0.69720052 0.70317825 0.69781065 0.68730065 0.69709786 0.68667632 0.68914989 0.69112733 0.68292212 0.68705788 0.69610949 0.70105707 0.70390571 0.70261572 0.69068141 0.70619356 0.68818451 0.70901836 0.69292244 0.69743175 0.69296208 0.68956279 0.70012146 0.69320621 0.70805407 0.70225741 0.69597568 0.70107300 0.69737952 0.69487486 0.69510458
0.61044668 0.59978437 0.60048204 0.60319410 0.59221235 0.59572659 0.59930396 0.60126726 0.60525716 0.60057884 0.59984516 0.59269924 0.59844852 0.59973397 0.61020931 0.60120694 0.59691453 0.59986119 0.59586509 0.60323478 0.60015659 0.59492946 0.59774851 0.60155021 0.59804226 0.60353135 0.60396643 0.60032094 0.60491272 0.60894691 0.60474185 0.60494058
0.49437407 0.49671517 0.49147204 0.48514293 0.48659223 0.49166864 0.48896009 0.48789120 0.48454833 0.48370372 0.48730975 0.48820494 0.49090955 0.49251284 0.49136689 0.49136236 0.48828647 0.49062911 0.48460004 0.48611918 0.49353758 0.48909287 0.48853169 0.49110880 0.49497918 0.49497168 0.49272711 0.49754286 0.49167588 0.49268798 0.48972681 0.49732878
0.38305961 0.38262542 0.38247548 0.38203537 0.38296670 0.37943324 0.37808771 0.37933995 0.37796113 0.38045126 0.38064654 0.38266841 0.37802746 0.38353477 0.38114716 0.38115847 0.38253427 0.38223514 0.37932086 0.38237953 0.38228954 0.38267981 0.38468235 0.38504208 0.38351789 0.38370073 0.38481896 0.38113020 0.38037970 0.38753282 0.38964387 0.38219022
0.28586397 0.28617438 0.28448828 0.28485905 0.28284575 0.28346179 0.28043622 0.28436703 0.28367641 0.28435345 0.28396932 0.28297388 0.28256917 0.28485854 0.28312835 0.28171315 0.28328118 0.28310501 0.28416768 0.28366791 0.28413454 0.28504880 0.28444302 0.28637416 0.28395223 0.28712930 0.28600847 0.28846438 0.28814099 0.28831990 0.28572456 0.28573133
0.20648397 0.20621351 0.20529109 0.20463598 0.20391457 0.20197198 0.20339717 0.20236780 0.20257793 0.20258541 0.20316170 0.20411895 0.20398341 0.20432382 0.20440296 0.20442027 0.20316937 0.20421508 0.20382827 0.20384810 0.20490817 0.20382444 0.20608718 0.20555150 0.20614801 0.20554140 0.20678196 0.20781657 0.20727371 0.20722969 0.20777967 0.20613691
0.14546841 0.14500753 0.14433204 0.14281159 0.14334545 0.14250606 0.14297762 0.14316822 0.14352963 0.14354495 0.14402982 0.14323932 0.14431610 0.14452914 0.14478498 0.14338831 0.14413165 0.14380148 0.14392622 0.14425963 0.14438051 0.14411863 0.14530556 0.14571086 0.14582254 0.14613451 0.14716109 0.14665896 0.14737847 0.14704830 0.14651168 0.14669572
0.10339043 0.10286249 0.10248472 0.10174494 0.10178093 0.10155157 0.10164463 0.10191355 0.10250232 0.10282930 0.10298777 0.10324143 0.10290785 0.10327163 0.10302457 0.10283586 0.10290610 0.10293636 0.10330131 0.10306836 0.10365223 0.10365300 0.10392724 0.10403765 0.10369824 0.10404819 0.10451330 0.10483689 0.10515633 0.10480671 0.10371849 0.10382137
0.07719111 0.07664021 0.07623727 0.07593352 0.07553128 0.07538523 0.07578960 0.07622184 0.07670004 0.07711143 0.07749142 0.07743536 0.07766424 0.07748303 0.07751285 0.07740952 0.07753118 0.07754443 0.07764749 0.07791970 0.07805373 0.07802246 0.07797213 0.07789225 0.07801434 0.07780362 0.07802423 0.07794988 0.07818556 0.07799630 0.07785499 0.07760771
0.06247729 0.06210199 0.06180212 0.06144101 0.06135544 0.06140030 0.06171310 0.06214645 0.06251740 0.06312341 0.06335102 0.06357238 0.06365256 0.06362054 0.06365333 0.06358588 0.06366212 0.06377234 0.06389225 0.06402602 0.06409149 0.06403746 0.06396350 0.06383694 0.06368864 0.06351096 0.06337506 0.06341790 0.06333810 0.06339269 0.06324382 0.06283770
0.05595153 0.05558628 0.05533981 0.05512064 0.05510129 0.05523542 0.05553279 0.05590671 0.05642893 0.05678837 0.05707252 0.05730004 0.05740416 0.05736963 0.05748543 0.05750069 0.05761762 0.05793039 0.05810368 0.05825681 0.05831427 0.05827726 0.05804900 0.05786844 0.05758746 0.05731706 0.05713551 0.05698656 0.05691365 0.05677533 0.05660383 0.05629769
0.05386084 0.05351353 0.05336847 0.05306135 0.05320856 0.05334452 0.05363262 0.05398041 0.05447213 0.05473197 0.05504713 0.05532474 0.05531964 0.05542502 0.05553474 0.05569787 0.05602485 0.05625212 0.05653897 0.05674386 0.05678962 0.05663345 0.05648234 0.05610426 0.05584471 0.05551675 0.05525856 0.05504983 0.05467237 0.05468493 0.05443952 0.05416961
0.05345786 0.05319891 0.05296798 0.05284446 0.05285105 0.05300743 0.05324721 0.05357952 0.05389653 0.05438861 0.05446623 0.05465187 0.05461513 0.05478125 0.05498599 0.05513386 0.05527660 0.05583464 0.05619307 0.05649186 0.05659058 0.05650923 0.05636738 0.05580793 0.05554564 0.05519179 0.05488071 0.05466654 0.05448154 0.05426492 0.05400323 0.05373557
