32 32 0.049853 0.41305
0.05775640 0.05675395 0.05580901 0.05475820 0.05391278 0.05329011 0.05279202 0.05234510 0.05221339 0.05216975 0.05216116 0.05226211 0.05241840 0.05276918 0.05327013 0.05390975 0.05464877 0.05564593 0.05659413 0.05745238 0.05803127 0.05840373 0.05892535 0.05914002 0.05940336 0.05956247 0.05963272 0.05969528 0.05972843 0.05961783 0.05915611 0.05858523
0.05729415 0.05636394 0.05536713 0.05440165 0.05355187 0.05287494 0.05232417 0.05184505 0.05159165 0.05162425 0.05180855 0.05177845 0.05184055 0.05216875 0.05275066 0.05349374 0.05446651 0.05535877 0.05630434 0.05731859 0.05799892 0.05848284 0.05893420 0.05911667 0.05919297 0.05941046 0.05944879 0.05944658 0.05933617 0.05917975 0.05876664 0.05805808
0.05679799 0.05589149 0.05495153 0.05410202 0.05319473 0.05239643 0.05192641 0.05119925 0.05118812 0.05095929 0.05095255 0.05089181 0.05113500 0.05158012 0.05214599 0.05286879 0.05388270 0.05477044 0.05598836 0.05698513 0.05767099 0.05834147 0.05872386 0.05886491 0.05895666 0.05915531 0.05904918 0.05905919 0.05894843 0.05860003 0.05831441 0.05745184
0.05628073 0.05539461 0.05448093 0.05363546 0.05267519 0.05203301 0.05144438 0.05101933 0.05062780 0.05039469 0.05029316 0.05027025 0.05047876 0.05090169 0.05145485 0.05245132 0.05341298 0.05449282 0.05560860 0.05685596 0.05743875 0.05806032 0.05840809 0.05855711 0.05865056 0.05873667 0.05869773 0.05863257 0.05850216 0.05811696 0.05768122 0.05707985
0.05605570 0.05516879 0.05435694 0.05340337 0.05262229 0.05193059 0.05128449 0.05075416 0.05036150 0.05007039 0.04993804 0.04985319 0.05009428 0.05045559 0.05108087 0.05200019 0.05308736 0.05426100 0.05538034 0.05640974 0.05738209 0.05784459 0.05831965 0.05853121 0.05856588 0.05860121 0.05855300 0.05849701 0.05825004 0.05786205 0.05737330 0.05670781
0.05718302 0.05637685 0.05552177 0.05457498 0.05383838 0.05316076 0.05244206 0.05187677 0.05143740 0.05103119 0.05078997 0.05075584 0.05094645 0.05138696 0.05201999 0.05291005 0.05401185 0.05516310 0.05624883 0.05738877 0.05820944 0.05891751 0.05937469 0.05963579 0.05967045 0.05968805 0.05963909 0.05939067 0.05919260 0.05892435 0.05843102 0.05786308
0.06145218 0.06061806 0.05990254 0.05905529 0.05818155 0.05747409 0.05674072 0.05607283 0.05549148 0.05500988 0.05486201 0.05478289 0.05491953 0.05532896 0.05602853 0.05685600 0.05799459 0.05905413 0.06024591 0.06129569 0.06222071 0.06286681 0.06328726 0.06371862 0.06376432 0.06386449 0.06367059 0.06358939 0.06328809 0.06312862 0.06268224 0.06210022
0.07094369 0.07029717 0.06957611 0.06875152 0.06783416 0.06704526 0.06622366 0.06563681 0.06500214 0.06441649 0.06421535 0.06396122 0.06406304 0.06444183 0.06509961 0.06611376 0.06696466 0.06805019 0.06921281 0.07025300 0.07125161 0.07191107 0.07231521 0.07278949 0.07299397 0.07291856 0.07305220 0.07293763 0.07285926 0.07238872 0.07205138 0.07116474
0.08773367 0.08665946 0.08639254 0.08543344 0.08473747 0.08394256 0.08297670 0.08221618 0.08168403 0.08094949 0.08050997 0.08037632 0.08032661 0.08068062 0.08118071 0.08209399 0.08273742 0.08405573 0.08484056 0.08601110 0.08703386 0.08783263 0.08839930 0.08882006 0.08897588 0.08939353 0.08925954 0.08931876 0.08900384 0.08878895 0.08857554 0.08831673
0.11292147 0.11304395 0.11141581 0.11121267 0.11075719 0.10973780 0.10878527 0.10812066 0.10795238 0.10651203 0.10591306 0.10594613 0.10522112 0.10651265 0.10637090 0.10714949 0.10747675 0.10906073 0.11005818 0.11117397 0.11211412 0.11273170 0.11327857 0.11413987 0.11441429 0.11463353 0.11473569 0.11469622 0.11495730 0.11449381 0.11406897 0.11400759
0.15008427 0.14829349 0.14865769 0.14839421 0.14669713 0.14630076 0.14534917 0.14466592 0.14349785 0.14347551 0.14194906 0.14292727 0.14159807 0.14236977 0.14209027 0.14237062 0.14403182 0.14511124 0.14628121 0.14670810 0.14718551 0.14846087 0.14864854 0.14948551 0.15003204 0.15054681 0.15005539 0.15061786 0.15079226 0.15041406 0.15086373 0.14949888
0.19673353 0.19629047 0.19562342 0.19608652 0.19593704 0.19336581 0.19319174 0.19163845 0.19116155 0.19047083 0.18912515 0.18877424 0.18809515 0.19006676 0.18947843 0.19185628 0.19022475 0.19231968 0.19308009 0.19298393 0.19443688 0.19476622 0.19403049 0.19773539 0.19704280 0.19645315 0.19746343 0.19759295 0.19871683 0.19751623 0.19857079 0.19737284
0.25382308 0.25312079 0.25148938 0.25257067 0.25009726 0.24881503 0.24825862 0.24833460 0.24747054 0.24672079 0.24593005 0.24618194 0.24381558 0.24573359 0.24749063 0.24688107 0.24748408 0.24679096 0.24812791 0.24905626 0.24949146 0.25185670 0.25029092 0.25218845 0.25047474 0.25303840 0.25280205 0.25257690 0.25356905 0.25367604 0.25280984 0.25390770
0.31144584 0.31400973 0.31421985 0.30899259 0.31349556 0.30598231 0.30925223 0.30827408 0.30805216 0.30718978 0.30465258 0.30741405 0.30601779 0.30670019 0.30594544 0.30734601 0.30630984 0.30447898 0.30969944 0.31115790 0.30995296 0.31090152 0.31096809 0.31481827 0.31354953 0.31195376 0.31330408 0.31537644 0.31316990 0.31425994 0.31457649 0.31187105
0.36939982 0.37171032 0.37258602 0.37268164 0.36902311 0.36603591 0.36567130 0.36785117 0.36683151 0.36237872 0.36386478 0.36249117 0.36669683 0.36823555 0.37053703 0.36408317 0.36722338 0.36702601 0.36543460 0.36899737 0.36780456 0.36692845 0.37107180 0.37124344 0.37229899 0.37190538 0.37583795 0.37229881 0.37286444 0.37288524 0.37403864 0.37477802
0.41724144 0.41979308 0.41824181 0.41854063 0.41848015 0.41599498 0.41581219 0.41518500 0.41354616 0.41479084 0.41380347 0.40943316 0.41471593 0.41511045 0.41556911 0.41365811 0.41215928 0.41656391 0.41271574 0.41126372 0.41979808 0.42079825 0.41949552 0.42305729 0.41878324 0.41938532 0.42330203 0.42703090 0.42606557 0.42068753 0.41702904 0.41905944
0.45286997 0.44667174 0.45455523 0.44700116 0.44878288 0.44835330 0.44490222 0.44242981 0.44336994 0.44313672 0.44363363 0.44239810 0.44158504 0.44202953 0.44458541 0.44805292 0.44525928 0.44674917 0.44312937 0.44338542 0.45097618 0.45019845 0.44744875 0.45541381 0.45270209 0.45305139 0.45188718 0.45475757 0.45049777 0.45536119 0.45393711 0.45042551
0.45652476 0.45834074 0.45555530 0.45447710 0.45317894 0.45038130 0.45096671 0.45009308 0.44964330 0.45003017 0.45041289 0.45079612 0.45086718 0.45148365 0.45110475 0.45263120 0.45408150 0.45486374 0.45442646 0.45692228 0.45755648 0.45790767 0.45988216 0.46125219 0.46166095 0.46221904 0.46212987 0.46290425 0.46087088 0.46100857 0.46095069 0.45791472
0.44100291 0.44133521 0.44020534 0.43534043 0.43335836 0.42856197 0.42883274 0.43189465 0.43055016 0.43228437 0.43165298 0.43198332 0.43351579 0.43925555 0.43726605 0.43845131 0.43867541 0.43573091 0.44278352 0.44372090 0.44108499 0.44941855 0.44469380 0.43928377 0.45122709 0.44487572 0.44094978 0.44317579 0.44809620 0.44852668 0.44767224 0.44331358
0.40744249 0.40341157 0.40526989 0.40132661 0.39436617 0.39925351 0.39327986 0.39245625 0.39470872 0.39172141 0.39376511 0.39873352 0.40222083 0.40292048 0.40391961 0.39860290 0.40579664 0.39871044 0.40983725 0.40351332 0.40605057 0.40612682 0.40403703 0.41060353 0.40814411 0.41507484 0.41274202 0.40810590 0.41155010 0.40897266 0.40691786 0.40565344
0.35604607 0.35014709 0.34848296 0.34886496 0.34244129 0.34246730 0.34420823 0.34419907 0.34652030 0.34482017 0.34458315 0.34261929 0.34583526 0.34639189 0.35269060 0.34894960 0.34785729 0.35024904 0.34921157 0.35439017 0.35430088 0.35243864 0.35427913 0.35582568 0.35557211 0.35774454 0.35852850 0.35689906 0.35846484 0.35921449 0.35621847 0.35546023
0.29323977 0.29308526 0.28864522 0.28474222 0.28434948 0.28608485 0.28373541 0.28292839 0.28159812 0.28198645 0.28420659 0.28512910 0.28713618 0.28893533 0.28874043 0.28964569 0.28895315 0.29120950 0.28880999 0.29070247 0.29508140 0.29314032 0.29374403 0.29537600 0.29757444 0.29789811 0.29706378 0.29911674 0.29564490 0.29520908 0.29339602 0.29620687
0.23290275 0.23176665 0.23000677 0.22862891 0.22779325 0.22523823 0.22404240 0.22475835 0.22436678 0.22562999 0.22654819 0.22812204 0.22630982 0.22979110 0.22909781 0.22969828 0.23123594 0.23201006 0.23108459 0.23336773 0.23410073 0.23467809 0.23645882 0.23708141 0.23662863 0.23689500 0.23755300 0.23551839 0.23520846 0.23816127 0.23845733 0.23362651
0.18054175 0.17950077 0.17737616 0.17634108 0.17431831 0.17383452 0.17180686 0.17361173 0.17346141 0.17416232 0.17439278 0.17440811 0.17473151 0.17645158 0.17607961 0.17597206 0.17734138 0.17796328 0.17911801 0.17951245 0.18034467 0.18138850 0.18154035 0.18287853 0.18196764 0.18396424 0.18339659 0.18477943 0.18457819 0.18424952 0.18233505 0.18156115
0.13819892 0.13688086 0.13524244 0.13374686 0.13242627 0.13072768 0.13087879 0.13019732 0.13031595 0.13047843 0.13138668 0.13209339 0.13250771 0.13312640 0.13363673 0.13416228 0.13390769 0.13510622 0.13541927 0.13600823 0.13715831 0.13699270 0.13865823 0.13875041 0.13938503 0.13941318 0.14039626 0.14107448 0.14076363 0.14066207 0.14051034 0.13895824
0.10597096 0.10466532 0.10316559 0.10136183 0.10061466 0.09939088 0.09916612 0.09899367 0.09912726 0.09935424 0.09980519 0.09974660 0.10064400 0.10108269 0.10165037 0.10127048 0.10213070 0.10241205 0.10305349 0.10371806 0.10422429 0.10456069 0.10564249 0.10627216 0.10672164 0.10727007 0.10819715 0.10828061 0.10887189 0.10850805 0.10799526 0.10740688
0.08388740 0.08265701 0.08144919 0.07994699 0.07902294 0.07813692 0.07765506 0.07748525 0.07770465 0.07790565 0.07806931 0.07856082 0.07855652 0.07907628 0.07924664 0.07952806 0.07991849 0.08046967 0.08117832 0.08147388 0.08232416 0.08276114 0.08332018 0.08385100 0.08406749 0.08472091 0.08535963 0.08593879 0.08633280 0.08622087 0.08519229 0.08489559
0.07031447 0.06908376 0.06786593 0.06667274 0.06547492 0.06465263 0.06431791 0.06421438 0.06424066 0.06454169 0.06475142 0.06488914 0.06520894 0.06525064 0.06561800 0.06588535 0.06641639 0.06689411 0.06735120 0.06807772 0.06862902 0.06909236 0.06948242 0.06990902 0.07046103 0.07084523 0.07135407 0.07179706 0.07212534 0.07214630 0.07188969 0.07126575
0.06283667 0.06166130 0.06058065 0.05928951 0.05835244 0.05757516 0.05715141 0.05700686 0.05696444 0.05729300 0.05740709 0.05758818 0.05781863 0.05797267 0.05818046 0.05856440 0.05905399 0.05960115 0.06015841 0.06076201 0.06130645 0.06171205 0.06216097 0.06255349 0.06295990 0.06333664 0.06372823 0.06418452 0.06438741 0.06456819 0.06430727 0.06361426
0.05953101 0.05848764 0.05737385 0.05622427 0.05530897 0.05467912 0.05418464 0.05395786 0.05403767 0.05406558 0.05419226 0.05439036 0.05459288 0.05475510 0.05507924 0.05546792 0.05600357 0.05667664 0.05732629 0.05797914 0.05848709 0.05898121 0.05928982 0.05967103 0.05998729 0.06030778 0.06068096 0.06098861 0.06128725 0.06126370 0.06101376 0.06038030
0.05849540 0.05738994 0.05637756 0.05521531 0.05445900 0.05376248 0.05335506 0.05306461 0.05308214 0.05299589 0.05316023 0.05338168 0.05343978 0.05372815 0.05408560 0.05459544 0.05533254 0.05596041 0.05675669 0.05747039 0.05802535 0.05842374 0.05882155 0.05904434 0.05938075 0.05964337 0.05993378 0.06018662 0.06023916 0.06030624 0.05993755 0.05933732
0.05809541 0.05710768 0.05606718 0.05502848 0.05414313 0.05344921 0.05299528 0.05273324 0.05259141 0.05276459 0.05265528 0.05282247 0.05287050 0.05318332 0.05367308 0.05420163 0.05476337 0.05580240 0.05664652 0.05750079 0.05813128 0.05861494 0.05898398 0.05909507 0.05938073 0.05962298 0.05976536 0.06002519 0.06015360 0.05994605 0.05965119 0.05892703
