32 32 0.050124 0.54051
0.05604415 0.05503438 0.05414438 0.05328860 0.05262819 0.05222446 0.05209642 0.05198060 0.05217686 0.05243719 0.05264289 0.05291033 0.05302586 0.05341630 0.05370563 0.05406890 0.05457234 0.05532112 0.05598971 0.05661803 0.05700530 0.05721472 0.05757618 0.05776433 0.05788889 0.05806734 0.05814925 0.05810164 0.05815216 0.05799331 0.05747168 0.05682252
0.05578161 0.05484672 0.05388690 0.05304046 0.05231623 0.05188847 0.05164280 0.05141591 0.05149818 0.05175268 0.05214422 0.05222582 0.05233008 0.05254766 0.05302854 0.05356639 0.05429105 0.05496413 0.05560231 0.05641355 0.05692698 0.05724716 0.05760514 0.05769915 0.05774965 0.05801066 0.05798678 0.05799351 0.05790135 0.05769978 0.05727793 0.05657925
0.05544675 0.05453440 0.05361340 0.05285774 0.05207377 0.05142653 0.05118222 0.05063982 0.05098481 0.05096726 0.05119511 0.05121054 0.05151234 0.05188107 0.05238809 0.05288575 0.05360959 0.05422261 0.05523114 0.05600355 0.05648566 0.05703755 0.05732003 0.05741725 0.05750333 0.05767699 0.05760883 0.05763781 0.05755098 0.05724810 0.05689756 0.05605483
0.05504621 0.05417621 0.05323163 0.05244591 0.05155603 0.05105242 0.05076439 0.05048092 0.05033366 0.05032149 0.05043574 0.05051836 0.05074880 0.05113574 0.05155533 0.05231642 0.05306564 0.05392928 0.05478611 0.05578594 0.05621458 0.05666667 0.05691305 0.05703142 0.05708496 0.05720842 0.05713814 0.05721825 0.05710056 0.05681393 0.05641804 0.05582282
0.05504704 0.05419417 0.05334608 0.05249716 0.05176935 0.05113992 0.05069087 0.05037634 0.05018223 0.05012413 0.05018222 0.05026239 0.05046940 0.05080286 0.05134346 0.05204168 0.05288013 0.05380428 0.05462940 0.05542540 0.05619195 0.05651117 0.05690527 0.05699688 0.05705157 0.05711214 0.05711865 0.05716282 0.05701004 0.05670302 0.05628416 0.05567131
0.05690561 0.05616612 0.05533121 0.05440719 0.05376712 0.05317827 0.05258320 0.05223086 0.05193996 0.05173309 0.05173133 0.05189462 0.05209198 0.05247477 0.05305143 0.05371076 0.05456187 0.05542971 0.05624199 0.05711572 0.05771902 0.05823840 0.05853724 0.05868275 0.05875106 0.05874978 0.05875645 0.05862921 0.05852097 0.05829018 0.05798652 0.05753359
0.06296821 0.06219445 0.06151123 0.06072099 0.05986719 0.05924865 0.05864946 0.05814095 0.05780699 0.05756210 0.05759521 0.05769891 0.05792020 0.05834198 0.05886967 0.05953646 0.06046715 0.06120915 0.06210259 0.06286226 0.06354888 0.06396032 0.06418361 0.06451883 0.06448449 0.06459944 0.06442330 0.06443777 0.06425027 0.06425896 0.06392873 0.06345657
0.07590509 0.07538380 0.07466962 0.07386418 0.07302001 0.07232750 0.07161380 0.07131097 0.07084690 0.07046802 0.07059590 0.07047722 0.07072478 0.07114404 0.07169822 0.07257988 0.07314056 0.07386096 0.07473386 0.07545724 0.07619180 0.07667158 0.07670925 0.07705180 0.07714609 0.07698256 0.07722505 0.07721723 0.07721754 0.07687933 0.07678411 0.07597520
0.09860321 0.09765770 0.09745463 0.09647055 0.09575478 0.09514168 0.09426403 0.09370466 0.09351721 0.09299109 0.09283023 0.09298036 0.09305000 0.09345791 0.09387040 0.09467085 0.09496823 0.09604347 0.09629714 0.09718553 0.09795829 0.09850056 0.09878390 0.09899119 0.09893792 0.09935402 0.09932355 0.09936827 0.09915298 0.09905112 0.09906325 0.09906641
0.13243816 0.13288252 0.13111784 0.13103731 0.13075202 0.12980059 0.12897889 0.12859075 0.12883173 0.12746276 0.12713278 0.12752633 0.12676570 0.12857990 0.12815783 0.12881711 0.12873010 0.13026258 0.13079799 0.13173709 0.13243083 0.13266052 0.13271580 0.13339400 0.13350111 0.13358277 0.13361765 0.13358361 0.13404085 0.13364436 0.13332508 0.13354994
0.18206713 0.17993572 0.18075896 0.18073663 0.17870075 0.17861266 0.17776755 0.17739140 0.17638157 0.17694961 0.17547253 0.17712098 0.17565577 0.17683996 0.17633990 0.17630851 0.17817394 0.17893561 0.18000545 0.17991893 0.17983385 0.18095920 0.18057556 0.18120903 0.18154280 0.18194984 0.18102779 0.18170638 0.18203819 0.18165595 0.18250766 0.18096590
0.24413577 0.24380582 0.24322238 0.24414746 0.24428519 0.24112903 0.24141589 0.23984926 0.23989777 0.23945898 0.23824142 0.23828647 0.23772068 0.24054928 0.23971280 0.24263413 0.24006762 0.24242975 0.24291322 0.24212212 0.24341736 0.24317315 0.24147167 0.24601833 0.24455899 0.24324509 0.24447152 0.24440620 0.24586871 0.24438615 0.24595598 0.24462450
0.31971880 0.31913524 0.31711097 0.31899461 0.31593570 0.31458179 0.31411747 0.31474034 0.31435585 0.31382858 0.31358675 0.31459669 0.31152546 0.31446574 0.31687213 0.31594959 0.31630383 0.31483235 0.31626400 0.31693809 0.31677190 0.31936679 0.31644196 0.31845483 0.31531707 0.31841225 0.31776439 0.31731153 0.31846682 0.31883892 0.31767652 0.31925891
0.39587007 0.39917326 0.39989480 0.39306873 0.39959012 0.38980242 0.39476781 0.39338463 0.39396776 0.39374646 0.39101816 0.39515369 0.39394369 0.39478545 0.39371686 0.39565236 0.39416469 0.39085410 0.39769324 0.39906570 0.39674316 0.39724566 0.39631679 0.40113288 0.39868380 0.39601045 0.39734216 0.39988364 0.39737912 0.39853756 0.39933419 0.39570509
0.47143390 0.47500445 0.47687949 0.47721195 0.47246735 0.46881509 0.46869994 0.47198208 0.47155515 0.46597686 0.46849848 0.46733080 0.47386572 0.47575707 0.47914476 0.46954666 0.47378301 0.47299508 0.47053332 0.47494748 0.47205433 0.47037205 0.47545940 0.47485861 0.47554891 0.47407653 0.47920245 0.47434462 0.47499104 0.47508600 0.47724815 0.47839479
0.53365103 0.53793413 0.53622095 0.53723992 0.53678352 0.53342619 0.53389800 0.53370269 0.53212670 0.53392290 0.53373084 0.52874662 0.53572759 0.53672384 0.53725077 0.53420011 0.53247736 0.53707071 0.53133726 0.52886605 0.53880924 0.54063499 0.53746449 0.54276029 0.53521081 0.53437224 0.54071778 0.54538447 0.54411218 0.53769852 0.53235691 0.53561880
0.57998125 0.57286919 0.58341954 0.57361521 0.57513334 0.57539284 0.57135592 0.56816515 0.57065146 0.57115844 0.57240616 0.57102370 0.57001066 0.57049414 0.57430720 0.57802946 0.57419260 0.57565500 0.57010569 0.57131205 0.57860690 0.57720010 0.57344927 0.58378292 0.57871105 0.57795996 0.57680111 0.58071871 0.57535282 0.58202580 0.58020123 0.57566793
0.58298967 0.58646147 0.58343888 0.58259714 0.58060688 0.57709340 0.57880426 0.57823052 0.57695015 0.57806404 0.57996176 0.58085255 0.58095314 0.58228124 0.58119927 0.58314827 0.58465069 0.58478215 0.58308288 0.58568563 0.58560007 0.58530091 0.58703854 0.58832764 0.58856996 0.58913308 0.58913834 0.59063285 0.58737215 0.58812489 0.58838039 0.58512846
0.56294481 0.56316213 0.56205903 0.55655949 0.55400410 0.54837046 0.54909182 0.55371679 0.55216926 0.55516449 0.55451576 0.55489221 0.55642417 0.56418692 0.56117021 0.56280997 0.56219214 0.55796401 0.56669190 0.56775400 0.56266856 0.57209087 0.56569229 0.55882540 0.57394047 0.56487097 0.55946867 0.56304466 0.56908959 0.56988546 0.57003485 0.56503118
0.51717079 0.51276708 0.51582056 0.51083200 0.50217194 0.50893998 0.50146301 0.50152608 0.50431598 0.50007535 0.50322388 0.50999954 0.51454729 0.51597325 0.51652301 0.50886717 0.51871608 0.50793293 0.52222089 0.51253809 0.51556075 0.51419457 0.51138896 0.51945741 0.51556593 0.52498294 0.52171693 0.51608851 0.52059761 0.51755574 0.51520253 0.51419782
0.44963099 0.44177350 0.44042290 0.44131097 0.43318824 0.43407443 0.43672810 0.43748187 0.44092616 0.43868807 0.43863109 0.43543081 0.43985552 0.44071426 0.44863090 0.44311466 0.44088861 0.44334861 0.44112944 0.44701840 0.44583585 0.44273694 0.44483544 0.44699135 0.44571781 0.44893170 0.44965368 0.44741140 0.44995307 0.45165298 0.44820858 0.44764276
0.36605101 0.36643122 0.36136263 0.35644536 0.35650763 0.35938996 0.35697157 0.35638848 0.35483886 0.35528697 0.35840352 0.35970227 0.36226177 0.36424242 0.36372179 0.36431851 0.36272364 0.36487061 0.36105437 0.36263799 0.36790068 0.36495018 0.36514934 0.36700578 0.36976551 0.36998255 0.36865939 0.37164447 0.36733516 0.36730803 0.36503521 0.36940779
0.28627589 0.28514079 0.28357894 0.28233357 0.28192497 0.27913169 0.27813520 0.27940130 0.27917341 0.28118748 0.28233055 0.28438269 0.28187825 0.28620880 0.28489656 0.28531983 0.28663806 0.28687173 0.28505728 0.28739426 0.28768696 0.28802337 0.28991902 0.29034430 0.28949940 0.28971574 0.29053971 0.28790360 0.28747061 0.29182756 0.29257209 0.28670437
0.21708150 0.21626814 0.21405720 0.21333214 0.21130189 0.21129615 0.20919262 0.21199958 0.21214894 0.21323174 0.21364056 0.21362005 0.21392357 0.21594637 0.21511071 0.21445095 0.21569743 0.21589187 0.21676339 0.21668660 0.21724089 0.21811139 0.21790291 0.21940083 0.21788550 0.22036055 0.21959083 0.22134234 0.22113765 0.22088287 0.21864038 0.21788958
0.16114476 0.15993149 0.15838487 0.15704606 0.15593308 0.15432995 0.15514276 0.15475233 0.15522814 0.15574153 0.15695106 0.15790716 0.15834991 0.15895866 0.15932251 0.15950941 0.15873722 0.15967104 0.15951142 0.15971349 0.16069385 0.16010771 0.16186121 0.16170376 0.16232820 0.16211520 0.16323477 0.16404851 0.16364972 0.16352033 0.16349603 0.16171339
0.11852151 0.11732449 0.11596517 0.11409855 0.11391560 0.11302247 0.11325404 0.11352645 0.11413188 0.11462794 0.11538622 0.11534744 0.11641191 0.11678167 0.11720905 0.11638271 0.11700403 0.11683940 0.11711081 0.11745272 0.11766917 0.11769394 0.11873825 0.11928004 0.11961689 0.12009542 0.12106189 0.12100841 0.12162243 0.12126093 0.12065952 0.12002540
0.08938023 0.08823937 0.08716349 0.08589854 0.08536072 0.08485584 0.08484328 0.08513803 0.08584914 0.08639151 0.08686820 0.08746273 0.08743015 0.08790038 0.08783502 0.08779801 0.08790510 0.08807953 0.08845923 0.08840053 0.08901224 0.08920987 0.08962245 0.08999086 0.09007169 0.09064030 0.09128523 0.09180300 0.09210207 0.09190687 0.09071320 0.09039283
0.07151925 0.07034554 0.06925187 0.06832335 0.06747969 0.06709320 0.06724128 0.06760308 0.06812891 0.06878406 0.06929296 0.06954702 0.06987051 0.06982140 0.06998412 0.06997644 0.07016924 0.07028073 0.07045753 0.07086473 0.07113789 0.07133380 0.07156103 0.07178992 0.07222091 0.07250167 0.07296191 0.07327515 0.07359106 0.07349163 0.07315765 0.07246958
0.06180283 0.06064940 0.05970211 0.05867793 0.05810685 0.05771467 0.05779215 0.05815302 0.05853724 0.05925337 0.05957807 0.05994950 0.06021322 0.06021924 0.06034320 0.06034974 0.06053024 0.06075452 0.06098983 0.06128079 0.06158374 0.06174078 0.06202362 0.06225992 0.06252846 0.06279676 0.06309950 0.06345515 0.06354998 0.06362586 0.06328870 0.06255853
0.05753566 0.05653608 0.05557960 0.05472970 0.05409846 0.05385270 0.05382789 0.05406550 0.05456041 0.05499457 0.05532916 0.05568341 0.05589731 0.05594321 0.05608556 0.05621667 0.05645746 0.05682955 0.05719110 0.05754488 0.05788147 0.05808936 0.05823095 0.05845764 0.05865275 0.05888890 0.05914098 0.05935429 0.05955784 0.05942221 0.05905687 0.05838485
0.05635471 0.05531773 0.05447882 0.05345969 0.05301519 0.05270664 0.05260860 0.05283399 0.05322322 0.05348594 0.05391271 0.05426804 0.05436246 0.05454865 0.05474769 0.05501069 0.05545076 0.05581047 0.05630301 0.05675177 0.05708132 0.05725374 0.05750970 0.05760153 0.05784431 0.05800873 0.05822771 0.05836175 0.05827661 0.05830439 0.05784402 0.05718266
0.05612703 0.05517829 0.05422817 0.05338858 0.05275022 0.05237546 0.05232803 0.05245135 0.05268961 0.05314605 0.05323871 0.05353222 0.05363546 0.05389062 0.05420787 0.05451602 0.05498886 0.05556584 0.05616885 0.05669829 0.05712548 0.05740645 0.05765311 0.05757658 0.05786615 0.05803015 0.05815756 0.05835088 0.05835165 0.05812464 0.05774312 0.05698296
