32 32 0.076502 0.0067219
0.07979194 0.07957496 0.07936083 0.07916300 0.07888881 0.07880531 0.07858777 0.07832255 0.07829136 0.07830604 0.07842633 0.07862939 0.07892775 0.07926838 0.07985638 0.08045572 0.08111618 0.08176749 0.08231632 0.08273391 0.08289333 0.08273807 0.08272819 0.08244678 0.08212635 0.08162797 0.08115913 0.08074824 0.08051132 0.08039506 0.08007694 0.07989877
0.07951258 0.07933245 0.07911765 0.07883765 0.07853104 0.07841250 0.07818347 0.07787499 0.07778409 0.07790345 0.07818781 0.07833596 0.07857428 0.07900207 0.07959475 0.08028328 0.08104516 0.08173982 0.08215466 0.08271056 0.08286438 0.08283562 0.08280593 0.08245607 0.08194300 0.08160656 0.08108840 0.08067474 0.08035023 0.08015030 0.07991819 0.07962070
0.07931392 0.07907912 0.07885650 0.07872056 0.07836574 0.07806357 0.07790667 0.07731923 0.07755850 0.07746622 0.07767540 0.07793633 0.07823114 0.07869368 0.07923304 0.07992308 0.08068668 0.08121048 0.08202811 0.08249029 0.08263305 0.08280148 0.08266202 0.08230624 0.08183017 0.08145056 0.08089531 0.08051894 0.08018124 0.07982863 0.07980877 0.07937025
0.07908634 0.07879717 0.07860358 0.07835114 0.07811693 0.07786918 0.07760522 0.07729546 0.07724279 0.07715526 0.07730664 0.07752747 0.07782962 0.07832836 0.07883089 0.07967162 0.08049367 0.08103756 0.08170209 0.08223874 0.08251251 0.08259560 0.08245861 0.08211846 0.08167676 0.08123515 0.08079613 0.08035384 0.08000953 0.07968724 0.07949723 0.07927402
0.07895197 0.07867306 0.07846060 0.07813891 0.07782622 0.07761693 0.07733008 0.07709463 0.07696296 0.07694556 0.07705462 0.07714660 0.07752040 0.07799498 0.07862685 0.07930098 0.08003296 0.08079266 0.08142083 0.08191988 0.08231627 0.08233944 0.08227157 0.08196613 0.08157123 0.08107649 0.08063726 0.08027567 0.07982567 0.07957036 0.07930068 0.07906182
0.07879259 0.07853799 0.07829467 0.07803151 0.07773582 0.07759915 0.07718366 0.07689374 0.07682126 0.07672696 0.07679414 0.07702401 0.07731966 0.07779026 0.07838872 0.07905631 0.07985416 0.08054644 0.08108990 0.08169462 0.08202686 0.08215878 0.08213755 0.08179991 0.08139300 0.08100880 0.08052782 0.07998851 0.07974098 0.07950129 0.07920303 0.07914192
0.07874331 0.07848526 0.07830294 0.07803930 0.07767720 0.07741656 0.07712464 0.07689132 0.07671295 0.07650242 0.07669502 0.07687891 0.07717084 0.07764740 0.07821096 0.07881464 0.07961950 0.08033779 0.08097072 0.08149101 0.08187081 0.08202494 0.08202581 0.08175321 0.08143177 0.08099717 0.08055474 0.08011895 0.07967994 0.07947071 0.07917910 0.07891502
0.07883928 0.07856293 0.07838690 0.07810086 0.07774105 0.07745863 0.07715752 0.07695788 0.07680590 0.07670458 0.07671958 0.07688504 0.07715050 0.07758831 0.07810393 0.07878806 0.07946571 0.08020462 0.08083819 0.08139787 0.08184250 0.08195729 0.08195022 0.08180438 0.08151118 0.08111351 0.08067649 0.08022226 0.07998491 0.07959237 0.07929349 0.07875642
0.07911473 0.07866458 0.07859527 0.07822332 0.07809737 0.07767161 0.07737992 0.07713147 0.07701655 0.07690335 0.07690982 0.07705497 0.07725035 0.07766408 0.07818006 0.07884215 0.07946043 0.08017229 0.08068822 0.08134337 0.08174967 0.08203590 0.08204359 0.08194945 0.08170126 0.08134856 0.08068926 0.08047750 0.08011781 0.07983802 0.07951110 0.07922261
0.07915439 0.07903511 0.07880359 0.07849434 0.07825463 0.07793194 0.07772302 0.07743668 0.07733598 0.07717815 0.07717486 0.07731063 0.07743415 0.07785850 0.07833074 0.07894883 0.07951660 0.08021642 0.08102360 0.08141317 0.08185700 0.08219233 0.08222497 0.08215286 0.08177519 0.08155997 0.08114178 0.08074373 0.08042869 0.08007243 0.07976613 0.07953875
0.07959976 0.07931424 0.07910599 0.07884768 0.07863965 0.07831333 0.07807366 0.07785769 0.07767646 0.07766184 0.07756563 0.07769090 0.07782159 0.07812190 0.07860219 0.07911961 0.07979380 0.08054902 0.08103375 0.08159867 0.08208091 0.08234244 0.08238934 0.08235461 0.08212108 0.08183281 0.08142540 0.08107586 0.08067724 0.08037095 0.08007699 0.07977093
0.07985951 0.07962246 0.07941813 0.07920110 0.07890393 0.07855696 0.07845179 0.07829225 0.07818419 0.07809034 0.07805726 0.07820490 0.07822430 0.07864571 0.07900664 0.07962744 0.08006391 0.08066611 0.08134731 0.08182609 0.08218951 0.08253172 0.08280870 0.08255259 0.08238054 0.08208946 0.08164932 0.08131096 0.08085497 0.08064994 0.08029651 0.08012662
0.08006751 0.07984516 0.07959838 0.07926763 0.07918373 0.07897114 0.07885621 0.07871653 0.07861818 0.07851754 0.07855766 0.07863304 0.07875959 0.07906867 0.07937853 0.07993069 0.08041339 0.08101580 0.08156927 0.08206999 0.08246527 0.08274573 0.08285322 0.08277545 0.08261788 0.08230422 0.08193601 0.08155745 0.08119198 0.08085716 0.08053958 0.08037268
0.08023647 0.07992526 0.07971356 0.07964192 0.07943433 0.07915077 0.07911184 0.07906991 0.07895240 0.07894434 0.07895552 0.07912471 0.07924113 0.07950168 0.07982324 0.08022947 0.08077218 0.08121151 0.08187582 0.08228412 0.08269009 0.08294624 0.08294201 0.08307243 0.08280986 0.08251114 0.08213334 0.08172868 0.08125210 0.08098979 0.08068495 0.08052023
0.08016815 0.07993084 0.07970632 0.07954783 0.07939861 0.07927354 0.07915315 0.07919444 0.07920433 0.07915073 0.07928243 0.07936615 0.07956350 0.07979343 0.08029191 0.08051353 0.08108027 0.08159478 0.08203629 0.08252978 0.08283984 0.08306434 0.08315424 0.08308188 0.08287453 0.08259163 0.08222689 0.08185412 0.08148967 0.08110977 0.08075469 0.08045189
0.08010093 0.07979326 0.07954390 0.07936851 0.07925993 0.07921857 0.07909886 0.07915563 0.07920723 0.07933411 0.07936040 0.07957879 0.07985386 0.08002042 0.08049986 0.08075868 0.08116663 0.08174076 0.08214676 0.08273137 0.08289524 0.08319499 0.08322427 0.08307775 0.08290065 0.08269062 0.08228936 0.08185591 0.08152798 0.08109032 0.08070680 0.08042735
0.07987150 0.07952312 0.07943558 0.07912873 0.07902788 0.07882445 0.07898784 0.07890165 0.07901708 0.07921029 0.07926113 0.07955607 0.07986516 0.08014981 0.08040432 0.08082418 0.08123117 0.08175046 0.08214949 0.08258637 0.08299334 0.08311461 0.08319461 0.08316058 0.08285058 0.08255990 0.08221691 0.08180886 0.08144847 0.08106152 0.08064843 0.08035504
0.07956683 0.07937239 0.07893530 0.07874332 0.07864907 0.07849412 0.07853353 0.07857992 0.07873613 0.07888560 0.07911887 0.07936958 0.07963995 0.07992902 0.08027068 0.08067069 0.08111088 0.08163701 0.08215175 0.08244343 0.08289156 0.08307422 0.08307078 0.08284155 0.08273952 0.08246571 0.08201318 0.08180703 0.08130976 0.08090359 0.08049846 0.08015750
0.07939782 0.07904130 0.07864013 0.07833494 0.07828177 0.07800902 0.07797982 0.07809655 0.07822086 0.07844473 0.07871908 0.07915406 0.07940362 0.07965924 0.08005191 0.08046223 0.08109845 0.08143335 0.08187365 0.08217605 0.08257400 0.08288738 0.08284166 0.08254420 0.08259833 0.08226004 0.08187245 0.08159810 0.08118708 0.08068607 0.08033017 0.07986892
0.07912535 0.07870784 0.07864364 0.07799424 0.07771587 0.07759712 0.07754775 0.07755549 0.07782843 0.07822081 0.07833013 0.07871432 0.07911455 0.07946063 0.07988094 0.08013496 0.08048980 0.08106989 0.08166545 0.08200042 0.08228243 0.08246595 0.08250127 0.08248509 0.08237945 0.08204711 0.08186505 0.08142431 0.08103712 0.08060344 0.08015373 0.07964275
0.07910626 0.07850422 0.07807247 0.07772366 0.07741528 0.07730290 0.07722409 0.07725973 0.07748350 0.07767176 0.07797229 0.07835182 0.07865168 0.07912045 0.07973336 0.07992183 0.08030971 0.08079357 0.08126194 0.08166655 0.08203039 0.08216369 0.08222112 0.08219306 0.08207884 0.08186538 0.08154921 0.08123655 0.08097803 0.08048540 0.08008276 0.07949323
0.07893228 0.07849394 0.07805167 0.07743861 0.07731245 0.07713754 0.07699327 0.07708746 0.07718532 0.07747724 0.07780110 0.07813293 0.07847440 0.07889705 0.07921403 0.07963304 0.08005232 0.08057731 0.08094625 0.08147328 0.08170090 0.08192573 0.08191866 0.08190082 0.08182508 0.08163334 0.08138140 0.08105558 0.08080497 0.08039650 0.08018760 0.07948810
0.07898441 0.07843284 0.07805803 0.07761723 0.07732365 0.07710553 0.07702496 0.07709001 0.07715563 0.07743057 0.07775403 0.07809085 0.07840364 0.07877580 0.07910434 0.07950014 0.07986658 0.08040046 0.08078816 0.08108668 0.08150177 0.08172515 0.08162891 0.08174705 0.08162155 0.08146060 0.08127284 0.08105906 0.08068513 0.08038941 0.08005709 0.07953593
0.07919836 0.07873331 0.07826318 0.07790538 0.07753194 0.07731466 0.07724976 0.07721752 0.07732051 0.07756635 0.07783662 0.07817243 0.07846633 0.07870961 0.07911889 0.07942103 0.07995424 0.08038088 0.08075659 0.08111423 0.08140815 0.08155942 0.08163225 0.08158946 0.08171475 0.08141361 0.08133043 0.08110985 0.08071571 0.08041407 0.08007219 0.07965939
0.07941341 0.07890597 0.07852530 0.07812493 0.07788606 0.07773990 0.07753886 0.07763453 0.07764304 0.07784997 0.07813696 0.07829233 0.07864129 0.07898062 0.07930809 0.07966376 0.07997630 0.08048491 0.08087681 0.08116381 0.08140341 0.08157859 0.08157412 0.08155334 0.08148470 0.08136759 0.08116324 0.08093555 0.08078988 0.08048263 0.08014811 0.07979818
0.07969507 0.07927105 0.07884977 0.07879551 0.07826497 0.07802868 0.07797588 0.07796279 0.07803838 0.07817894 0.07837703 0.07852194 0.07889747 0.07916096 0.07960351 0.07999193 0.08032375 0.08065391 0.08113225 0.08133497 0.08143356 0.08158616 0.08165475 0.08158061 0.08145303 0.08133204 0.08103336 0.08103866 0.08079703 0.08063573 0.08048137 0.08000728
0.07982161 0.07943796 0.07929386 0.07893026 0.07865473 0.07845911 0.07835410 0.07824871 0.07844225 0.07839141 0.07866512 0.07893970 0.07902285 0.07945161 0.07977314 0.08017791 0.08049893 0.08094298 0.08128655 0.08149340 0.08172416 0.08177879 0.08176442 0.08165621 0.08152109 0.08137806 0.08115145 0.08097134 0.08071245 0.08068945 0.08031129 0.08009488
0.08004224 0.07975450 0.07962684 0.07925150 0.07893365 0.07881603 0.07867346 0.07864698 0.07865808 0.07880443 0.07884551 0.07908343 0.07934999 0.07965079 0.08001062 0.08036386 0.08084540 0.08121543 0.08155192 0.08185623 0.08209548 0.08201734 0.08195244 0.08180341 0.08166506 0.08146968 0.08117899 0.08104878 0.08084892 0.08066765 0.08048855 0.08029003
0.08012342 0.07984718 0.07968971 0.07936863 0.07921211 0.07896922 0.07884089 0.07881689 0.07872498 0.07892752 0.07901080 0.07919482 0.07953521 0.07977052 0.08020347 0.08056005 0.08102589 0.08146137 0.08178320 0.08211082 0.08223519 0.08222391 0.08216275 0.08197961 0.08178020 0.08145503 0.08113581 0.08104617 0.08082844 0.08070911 0.08053130 0.08036025
0.08013657 0.07983158 0.07969358 0.07945654 0.07925140 0.07911504 0.07896362 0.07888017 0.07898446 0.07892640 0.07907507 0.07927050 0.07949763 0.07988799 0.08025846 0.08070610 0.08132194 0.08166313 0.08207407 0.08237431 0.08247941 0.08254505 0.08237086 0.08220964 0.08189626 0.08149984 0.08127842 0.08105359 0.08085372 0.08067933 0.08052512 0.08032172
0.08005682 0.07985081 0.07968070 0.07932805 0.07924422 0.07898473 0.07893362 0.07882460 0.07891607 0.07879702 0.07894305 0.07916909 0.07936845 0.07977567 0.08020465 0.08074103 0.08141203 0.08178610 0.08228016 0.08259635 0.08277726 0.08275908 0.08259961 0.08229257 0.08206098 0.08163878 0.08128755 0.08096734 0.08057209 0.08058929 0.08040058 0.08025637
0.07991303 0.07974723 0.07953136 0.07931681 0.07906174 0.07895860 0.07883417 0.07866626 0.07860953 0.07860522 0.07870168 0.07895963 0.07920176 0.07960297 0.08007016 0.08068373 0.08112177 0.08180802 0.08230122 0.08273488 0.08292198 0.08292638 0.08278043 0.08236125 0.08204535 0.08164947 0.08123095 0.08093539 0.08070277 0.08048741 0.08025226 0.08010566
