32 32 0.048151 0.35284
0.05873605 0.05734486 0.05595572 0.05451643 0.05329110 0.05237100 0.05168293 0.05103568 0.05080912 0.05078061 0.05082167 0.05101616 0.05122284 0.05173528 0.05238954 0.05317164 0.05411991 0.05522196 0.05630771 0.05728500 0.05803303 0.05856653 0.05928753 0.05976255 0.06022923 0.06068366 0.06099058 0.06124400 0.06139666 0.06127584 0.06068418 0.05987879
0.05820439 0.05687112 0.05541293 0.05392576 0.05281043 0.05183585 0.05106911 0.05041415 0.05010896 0.05014553 0.05032838 0.05047179 0.05064795 0.05115646 0.05188222 0.05280960 0.05395252 0.05504054 0.05610185 0.05731813 0.05818507 0.05879101 0.05946575 0.05987235 0.06019110 0.06065695 0.06084904 0.06098858 0.06101604 0.06080305 0.06024421 0.05931149
0.05756513 0.05626581 0.05486353 0.05366418 0.05231965 0.05122205 0.05052477 0.04955007 0.04961999 0.04936371 0.04945672 0.04953593 0.04994634 0.05049880 0.05132960 0.05229890 0.05343329 0.05449598 0.05595260 0.05711328 0.05797654 0.05882687 0.05939800 0.05973260 0.06000443 0.06037292 0.06044852 0.06056264 0.06050588 0.06015582 0.05958401 0.05855664
0.05687071 0.05563563 0.05424015 0.05300974 0.05160346 0.05070159 0.04989033 0.04930749 0.04888275 0.04870575 0.04867868 0.04879177 0.04918688 0.04979683 0.05064488 0.05179413 0.05303915 0.05435802 0.05567830 0.05709839 0.05790122 0.05866509 0.05918295 0.05949158 0.05970991 0.05995834 0.05998504 0.06004258 0.05989420 0.05942724 0.05885791 0.05798784
0.05634011 0.05515033 0.05392268 0.05249379 0.05140750 0.05038174 0.04954089 0.04886590 0.04844975 0.04818162 0.04815086 0.04824863 0.04865198 0.04928594 0.05019443 0.05138650 0.05274254 0.05415627 0.05547197 0.05669009 0.05787322 0.05850161 0.05909087 0.05940725 0.05959214 0.05972638 0.05970911 0.05976141 0.05939416 0.05894560 0.05826537 0.05730869
0.05699662 0.05587794 0.05460665 0.05334364 0.05224697 0.05127330 0.05032429 0.04964076 0.04915036 0.04881056 0.04867405 0.04881560 0.04921593 0.04990665 0.05086897 0.05202966 0.05341585 0.05482264 0.05606032 0.05751542 0.05843275 0.05929533 0.05987182 0.06010462 0.06026668 0.06036553 0.06031982 0.06011056 0.05989620 0.05948793 0.05880844 0.05799253
0.06037764 0.05920253 0.05817177 0.05691558 0.05573126 0.05473029 0.05380091 0.05301295 0.05238520 0.05194192 0.05187875 0.05197538 0.05235755 0.05304814 0.05402140 0.05513125 0.05657441 0.05796719 0.05937621 0.06060411 0.06168868 0.06243109 0.06298256 0.06340951 0.06349796 0.06355762 0.06341744 0.06327785 0.06292002 0.06264919 0.06204952 0.06125898
0.06819435 0.06725499 0.06612846 0.06504293 0.06381338 0.06274290 0.06167078 0.06096545 0.06024426 0.05969847 0.05957139 0.05950845 0.05984380 0.06053273 0.06142314 0.06278420 0.06394059 0.06532249 0.06669225 0.06793632 0.06904281 0.06986481 0.07028161 0.07072830 0.07095504 0.07076007 0.07098744 0.07082405 0.07069233 0.07012819 0.06969868 0.06863884
0.08221818 0.08089845 0.08039479 0.07910007 0.07807874 0.07694483 0.07574144 0.07483643 0.07419461 0.07346547 0.07313051 0.07314054 0.07333208 0.07391899 0.07474398 0.07596730 0.07694214 0.07851030 0.07953667 0.08088553 0.08198791 0.08286721 0.08346214 0.08387727 0.08401692 0.08438641 0.08420489 0.08427594 0.08397159 0.08367723 0.08339088 0.08298450
0.10343080 0.10325010 0.10162208 0.10089460 0.10005397 0.09874727 0.09750644 0.09662646 0.09620618 0.09487026 0.09430948 0.09442458 0.09382795 0.09545591 0.09565230 0.09675650 0.09749116 0.09919781 0.10044148 0.10166536 0.10269657 0.10346852 0.10398897 0.10476622 0.10501973 0.10525050 0.10534758 0.10534598 0.10557578 0.10517488 0.10472878 0.10456286
0.13487194 0.13310922 0.13309115 0.13244153 0.13057651 0.12966695 0.12838685 0.12740832 0.12608837 0.12585976 0.12448096 0.12537009 0.12434424 0.12524435 0.12538566 0.12602607 0.12783249 0.12912375 0.13037350 0.13110088 0.13177972 0.13298812 0.13327397 0.13408275 0.13461138 0.13513051 0.13479764 0.13536854 0.13556239 0.13530898 0.13572899 0.13448874
0.17440135 0.17384536 0.17291841 0.17283994 0.17213323 0.16937960 0.16877217 0.16697018 0.16619208 0.16533959 0.16405156 0.16373980 0.16329186 0.16512760 0.16494972 0.16721214 0.16634261 0.16839209 0.16938665 0.16964569 0.17106171 0.17154000 0.17119167 0.17422887 0.17386626 0.17354216 0.17454264 0.17479376 0.17587458 0.17503900 0.17599157 0.17505618
0.22284624 0.22199849 0.22031545 0.22067137 0.21797267 0.21626091 0.21525913 0.21474897 0.21352509 0.21258549 0.21163950 0.21182598 0.20991707 0.21172715 0.21344842 0.21334305 0.21431423 0.21412599 0.21550658 0.21653793 0.21718557 0.21930046 0.21826694 0.21998664 0.21884285 0.22113362 0.22118217 0.22122462 0.22229753 0.22257839 0.22205671 0.22299308
0.27169283 0.27379272 0.27348625 0.26844074 0.27156854 0.26449592 0.26650007 0.26517527 0.26443301 0.26319841 0.26089373 0.26313307 0.26199928 0.26287270 0.26259305 0.26415322 0.26369994 0.26269404 0.26730588 0.26877792 0.26808826 0.26913461 0.26950951 0.27286460 0.27205331 0.27102158 0.27246518 0.27453275 0.27279881 0.27406231 0.27445531 0.27225474
0.32115557 0.32272603 0.32276476 0.32216883 0.31834326 0.31499171 0.31393333 0.31525335 0.31363715 0.30957734 0.31061053 0.30940716 0.31298928 0.31464683 0.31686648 0.31216104 0.31519659 0.31553077 0.31463325 0.31778409 0.31736319 0.31677077 0.32040454 0.32083060 0.32202623 0.32215883 0.32567822 0.32301426 0.32384291 0.32411544 0.32507561 0.32583084
0.36181955 0.36337040 0.36162178 0.36083854 0.35997098 0.35738804 0.35610888 0.35488799 0.35287622 0.35352995 0.35249207 0.34897917 0.35353569 0.35413564 0.35520575 0.35428196 0.35350519 0.35780995 0.35502344 0.35435871 0.36193821 0.36271958 0.36213768 0.36447205 0.36199905 0.36286663 0.36634948 0.36977572 0.36944094 0.36464097 0.36170940 0.36395283
0.39200747 0.38617146 0.39199331 0.38476007 0.38551821 0.38369804 0.38025935 0.37771021 0.37794126 0.37730521 0.37773632 0.37701089 0.37645669 0.37743281 0.38018086 0.38390671 0.38225194 0.38411470 0.38143343 0.38142271 0.38920749 0.38860244 0.38606975 0.39375311 0.39149348 0.39221389 0.39123362 0.39425070 0.39049179 0.39491485 0.39356339 0.39073788
0.39500024 0.39555557 0.39267480 0.39108914 0.38889864 0.38576922 0.38535855 0.38391092 0.38324660 0.38349544 0.38372571 0.38436890 0.38492956 0.38653274 0.38672958 0.38864501 0.39063505 0.39179172 0.39239985 0.39477304 0.39566361 0.39605476 0.39812382 0.39928598 0.39975060 0.40042927 0.40085390 0.40098716 0.40013338 0.40011287 0.40017216 0.39754862
0.38175382 0.38182111 0.37973559 0.37459265 0.37221988 0.36809931 0.36681489 0.36873260 0.36737525 0.36867100 0.36828863 0.36871614 0.37119897 0.37657567 0.37570000 0.37746416 0.37846963 0.37656448 0.38287248 0.38422937 0.38231983 0.38983100 0.38585786 0.38103893 0.39179492 0.38649800 0.38333798 0.38543042 0.38976598 0.39009563 0.38883553 0.38464418
0.35386249 0.34956446 0.35021318 0.34595007 0.33897785 0.34257570 0.33709513 0.33568476 0.33757076 0.33518616 0.33708993 0.34165057 0.34527032 0.34652585 0.34817659 0.34457092 0.35130256 0.34597856 0.35588536 0.35094106 0.35318376 0.35363140 0.35182758 0.35760336 0.35580182 0.36161379 0.35988107 0.35581922 0.35897542 0.35665525 0.35471127 0.35302980
0.31035759 0.30475020 0.30239997 0.30183632 0.29567420 0.29495773 0.29589922 0.29544312 0.29726747 0.29597299 0.29604132 0.29510581 0.29826267 0.29933110 0.30530042 0.30304050 0.30285508 0.30546524 0.30494708 0.30975838 0.31002372 0.30842980 0.31004424 0.31135400 0.31146486 0.31321527 0.31415077 0.31301249 0.31426210 0.31466284 0.31180293 0.31066077
0.25750385 0.25666504 0.25211236 0.24809136 0.24698798 0.24778301 0.24532855 0.24439892 0.24323438 0.24369244 0.24579716 0.24696831 0.24922642 0.25148137 0.25189729 0.25330402 0.25335235 0.25571975 0.25396619 0.25587938 0.25978831 0.25804428 0.25867564 0.26012989 0.26212827 0.26260037 0.26211788 0.26394629 0.26106262 0.26055099 0.25887726 0.26067671
0.20670283 0.20507983 0.20288356 0.20096838 0.19953693 0.19684714 0.19547775 0.19586335 0.19541889 0.19660742 0.19763658 0.19935862 0.19830792 0.20175183 0.20168647 0.20277922 0.20441351 0.20553026 0.20497897 0.20708948 0.20777700 0.20830960 0.20993636 0.21061799 0.21040388 0.21082928 0.21162961 0.21008447 0.20993745 0.21238654 0.21233428 0.20785326
0.16259574 0.16110001 0.15863114 0.15706309 0.15476844 0.15387354 0.15184410 0.15314610 0.15292035 0.15359316 0.15399048 0.15428021 0.15498103 0.15690989 0.15693502 0.15726990 0.15874380 0.15955653 0.16065784 0.16111584 0.16191734 0.16287163 0.16309119 0.16437982 0.16380892 0.16583991 0.16560562 0.16704838 0.16704851 0.16675152 0.16497121 0.16392800
0.12692959 0.12528356 0.12322703 0.12133334 0.11968207 0.11777122 0.11756880 0.11682463 0.11679495 0.11697351 0.11794805 0.11875230 0.11938817 0.12026590 0.12096924 0.12173370 0.12176879 0.12300268 0.12339394 0.12394596 0.12499523 0.12494755 0.12647702 0.12671997 0.12750116 0.12788082 0.12907096 0.12992763 0.12989290 0.12987533 0.12964718 0.12798833
0.09975640 0.09810530 0.09622310 0.09411483 0.09294377 0.09153457 0.09101593 0.09068663 0.09072601 0.09088354 0.09138500 0.09147536 0.09249693 0.09309559 0.09382253 0.09379463 0.09461174 0.09505657 0.09571629 0.09632076 0.09679310 0.09717925 0.09825387 0.09901464 0.09968013 0.10051312 0.10166358 0.10215726 0.10287407 0.10267585 0.10216221 0.10130692
0.08106589 0.07950120 0.07797448 0.07615766 0.07481252 0.07366064 0.07295558 0.07262055 0.07275119 0.07286466 0.07307756 0.07363202 0.07375035 0.07443975 0.07477032 0.07520778 0.07569235 0.07629814 0.07693484 0.07735048 0.07809027 0.07856302 0.07922529 0.07988855 0.08038128 0.08138832 0.08226628 0.08316852 0.08379449 0.08378315 0.08274744 0.08233916
0.06960607 0.06803186 0.06649770 0.06488626 0.06339509 0.06233467 0.06172722 0.06142318 0.06143202 0.06164361 0.06185246 0.06205578 0.06249322 0.06265834 0.06313954 0.06353680 0.06410722 0.06464808 0.06520910 0.06588571 0.06644999 0.06694257 0.06747536 0.06809463 0.06888084 0.06961310 0.07041001 0.07118741 0.07170190 0.07187895 0.07156727 0.07081513
0.06327043 0.06175501 0.06031442 0.05862972 0.05739116 0.05630309 0.05567159 0.05538382 0.05523746 0.05550535 0.05560828 0.05586480 0.05620091 0.05640793 0.05680887 0.05721016 0.05778347 0.05838893 0.05896164 0.05961101 0.06020869 0.06069028 0.06131241 0.06191075 0.06258517 0.06331480 0.06406511 0.06477170 0.06520849 0.06547836 0.06516447 0.06431421
0.06046517 0.05907336 0.05756830 0.05600005 0.05477485 0.05383588 0.05312079 0.05276201 0.05272563 0.05272357 0.05280990 0.05311964 0.05340173 0.05361093 0.05405869 0.05453647 0.05518021 0.05588335 0.05660566 0.05730352 0.05795725 0.05855920 0.05900164 0.05965556 0.06024338 0.06093655 0.06159127 0.06217982 0.06271432 0.06270747 0.06240030 0.06161595
0.05955480 0.05808110 0.05676215 0.05510178 0.05400221 0.05299042 0.05228607 0.05192254 0.05179855 0.05172261 0.05186392 0.05220983 0.05230842 0.05268179 0.05318500 0.05379601 0.05463361 0.05537272 0.05621368 0.05702703 0.05771227 0.05824708 0.05886895 0.05930527 0.05992659 0.06050253 0.06112860 0.06159393 0.06173498 0.06194630 0.06148862 0.06068867
0.05914292 0.05776922 0.05626513 0.05485579 0.05361358 0.05262021 0.05193876 0.05153564 0.05130961 0.05143821 0.05135022 0.05158543 0.05174109 0.05219639 0.05279551 0.05347228 0.05425608 0.05531235 0.05628552 0.05719054 0.05799018 0.05863702 0.05920745 0.05950916 0.06012086 0.06060851 0.06105523 0.06155877 0.06183920 0.06161477 0.06120726 0.06029395
