32 32 0.048732 0.48045
0.05644244 0.05538184 0.05442330 0.05345356 0.05256592 0.05192659 0.05159070 0.05112450 0.05108568 0.05106182 0.05103209 0.05109714 0.05112499 0.05141036 0.05166667 0.05211359 0.05267956 0.05350467 0.05431675 0.05508604 0.05560833 0.05604929 0.05662979 0.05688866 0.05729704 0.05761112 0.05785870 0.05804456 0.05819880 0.05822183 0.05777041 0.05720074
0.05598199 0.05504998 0.05402447 0.05300396 0.05220278 0.05158636 0.05108364 0.05061872 0.05048518 0.05051876 0.05061635 0.05059356 0.05053361 0.05068274 0.05109109 0.05160973 0.05237467 0.05315729 0.05392223 0.05484131 0.05552426 0.05600122 0.05656106 0.05686189 0.05707835 0.05748935 0.05762405 0.05778235 0.05779997 0.05773242 0.05738542 0.05668102
0.05552984 0.05460048 0.05363891 0.05280580 0.05189384 0.05113818 0.05070382 0.04997634 0.05009075 0.04983311 0.04983848 0.04970100 0.04983458 0.05003543 0.05044247 0.05088425 0.05171509 0.05239162 0.05349982 0.05444499 0.05511335 0.05584935 0.05631544 0.05659200 0.05682645 0.05716157 0.05723430 0.05737797 0.05737922 0.05716449 0.05689329 0.05616621
0.05500299 0.05412960 0.05319211 0.05236691 0.05131990 0.05076637 0.05027789 0.04984410 0.04949858 0.04932987 0.04917013 0.04905695 0.04912861 0.04938232 0.04967110 0.05042754 0.05119945 0.05213077 0.05311920 0.05428917 0.05489964 0.05556379 0.05601440 0.05631519 0.05653397 0.05675989 0.05685176 0.05691640 0.05693085 0.05666958 0.05632562 0.05577073
0.05484416 0.05403834 0.05313228 0.05216476 0.05144866 0.05074244 0.05015927 0.04966310 0.04931361 0.04902831 0.04888157 0.04873225 0.04878294 0.04898891 0.04942636 0.05009207 0.05097791 0.05197106 0.05299214 0.05396370 0.05493907 0.05547169 0.05605665 0.05637347 0.05656525 0.05674840 0.05680784 0.05689017 0.05672723 0.05650297 0.05608304 0.05548329
0.05641392 0.05562914 0.05476264 0.05382640 0.05311814 0.05242072 0.05170671 0.05120701 0.05078442 0.05040003 0.05014065 0.05006128 0.05007749 0.05032078 0.05075589 0.05142393 0.05232765 0.05331250 0.05430912 0.05541045 0.05624521 0.05704845 0.05758568 0.05794233 0.05813358 0.05825273 0.05831557 0.05823352 0.05805703 0.05789381 0.05753547 0.05701068
0.06171754 0.06089481 0.06014783 0.05929972 0.05842438 0.05771011 0.05701306 0.05636633 0.05583314 0.05540217 0.05523567 0.05507098 0.05508007 0.05532533 0.05578540 0.05641336 0.05739157 0.05829499 0.05941133 0.06044973 0.06143734 0.06213028 0.06260175 0.06318146 0.06327870 0.06348090 0.06333145 0.06337826 0.06317919 0.06312728 0.06278034 0.06226407
0.07311561 0.07255362 0.07179985 0.07096324 0.07001159 0.06922897 0.06841472 0.06790261 0.06729306 0.06673007 0.06649601 0.06621857 0.06620068 0.06644170 0.06690344 0.06773901 0.06841982 0.06932978 0.07047805 0.07153323 0.07257744 0.07332747 0.07374551 0.07431022 0.07456633 0.07451621 0.07477160 0.07469278 0.07470091 0.07431271 0.07413356 0.07325783
0.09321815 0.09220836 0.09194930 0.09091457 0.09013279 0.08938618 0.08842928 0.08766857 0.08724614 0.08652109 0.08608558 0.08591827 0.08571970 0.08596426 0.08628577 0.08705292 0.08752317 0.08877109 0.08941692 0.09065117 0.09175614 0.09262517 0.09323371 0.09370169 0.09386285 0.09428708 0.09427435 0.09431853 0.09411101 0.09390444 0.09382644 0.09375646
0.12316491 0.12350045 0.12181622 0.12156536 0.12107813 0.12005726 0.11907260 0.11850434 0.11845784 0.11690896 0.11626340 0.11637013 0.11529877 0.11679926 0.11633370 0.11698027 0.11710839 0.11877163 0.11969084 0.12092141 0.12198562 0.12258579 0.12311824 0.12403307 0.12430808 0.12450213 0.12456534 0.12453573 0.12492275 0.12448839 0.12413292 0.12426996
0.16717034 0.16529699 0.16580910 0.16561996 0.16372075 0.16330063 0.16229997 0.16167185 0.16045558 0.16056964 0.15889722 0.16004683 0.15842993 0.15918635 0.15870542 0.15877860 0.16058155 0.16163168 0.16286680 0.16326285 0.16368526 0.16514031 0.16521067 0.16610369 0.16663072 0.16712292 0.16641063 0.16702211 0.16731399 0.16694856 0.16767570 0.16627341
0.22220646 0.22183197 0.22129950 0.22187068 0.22174131 0.21875483 0.21866229 0.21696637 0.21660103 0.21585415 0.21433054 0.21401509 0.21318410 0.21544406 0.21455323 0.21712905 0.21511471 0.21746234 0.21826326 0.21804616 0.21966336 0.21992954 0.21883480 0.22312220 0.22213987 0.22121763 0.22232896 0.22238128 0.22369517 0.22242120 0.22382563 0.22264963
0.28926340 0.28870455 0.28687305 0.28830277 0.28535227 0.28386245 0.28317097 0.28334566 0.28253121 0.28166384 0.28088147 0.28130886 0.27837427 0.28063601 0.28265882 0.28186175 0.28243140 0.28146582 0.28300394 0.28402764 0.28440212 0.28708784 0.28502370 0.28713307 0.28470473 0.28757075 0.28713009 0.28680032 0.28794424 0.28832953 0.28745816 0.28892233
0.35683759 0.35989123 0.36038697 0.35419351 0.35959830 0.35065918 0.35456349 0.35309311 0.35307522 0.35225297 0.34939259 0.35259336 0.35102292 0.35174201 0.35072381 0.35239659 0.35117904 0.34873990 0.35501450 0.35662775 0.35508149 0.35599885 0.35577330 0.36018638 0.35832509 0.35620476 0.35759237 0.35998461 0.35769488 0.35898228 0.35977210 0.35676283
0.42413744 0.42722010 0.42870820 0.42870674 0.42423327 0.42063648 0.42010348 0.42262920 0.42158003 0.41622978 0.41799154 0.41645606 0.42157268 0.42330637 0.42613420 0.41807154 0.42184903 0.42151434 0.41968381 0.42382952 0.42206273 0.42094514 0.42562385 0.42547353 0.42636019 0.42550788 0.43005619 0.42590015 0.42667684 0.42695611 0.42894750 0.43017182
0.47949543 0.48305998 0.48136648 0.48201890 0.48134160 0.47813122 0.47792189 0.47726710 0.47528441 0.47656253 0.47568807 0.47077770 0.47675758 0.47726106 0.47789692 0.47539059 0.47383352 0.47863052 0.47371014 0.47214016 0.48141899 0.48303651 0.48097774 0.48557313 0.47943017 0.47922594 0.48465647 0.48902232 0.48819590 0.48225185 0.47812131 0.48120721
0.52080857 0.51367451 0.52289272 0.51433339 0.51549105 0.51513429 0.51113881 0.50786555 0.50916146 0.50897133 0.50968803 0.50824858 0.50717915 0.50775968 0.51084591 0.51471438 0.51135320 0.51299412 0.50826783 0.50905720 0.51700097 0.51599080 0.51268998 0.52173976 0.51796860 0.51772393 0.51698422 0.52027365 0.51578480 0.52198403 0.52043714 0.51704684
0.52321365 0.52652695 0.52343044 0.52226979 0.52014782 0.51687883 0.51751751 0.51636834 0.51500043 0.51540158 0.51662639 0.51720308 0.51713805 0.51788998 0.51742824 0.51935555 0.52078417 0.52151175 0.52065888 0.52310114 0.52348710 0.52367501 0.52540675 0.52656838 0.52690369 0.52761413 0.52744629 0.52918070 0.52660122 0.52744477 0.52804935 0.52534334
0.50533845 0.50574831 0.50456660 0.49913118 0.49664378 0.49091304 0.49089249 0.49449926 0.49285087 0.49485056 0.49402567 0.49427878 0.49597095 0.50251478 0.50029187 0.50171515 0.50152229 0.49829297 0.50623425 0.50716718 0.50336331 0.51224248 0.50656325 0.50017560 0.51397909 0.50609801 0.50132262 0.50444869 0.51057977 0.51139640 0.51156523 0.50737876
0.46509583 0.46091877 0.46331047 0.45869299 0.45053266 0.45601770 0.44882642 0.44826317 0.45029160 0.44657853 0.44893778 0.45470758 0.45878037 0.45983336 0.46074213 0.45440546 0.46317912 0.45418043 0.46703360 0.45906141 0.46175812 0.46108054 0.45846956 0.46561099 0.46233418 0.47034411 0.46787874 0.46294678 0.46739387 0.46497182 0.46319399 0.46234914
0.40492823 0.39810907 0.39653080 0.39702067 0.38942308 0.38955698 0.39137826 0.39139584 0.39394930 0.39176890 0.39150730 0.38895295 0.39275610 0.39349215 0.40071588 0.39625760 0.39471394 0.39724714 0.39566797 0.40119613 0.40052149 0.39785781 0.39967010 0.40136903 0.40055932 0.40317183 0.40410757 0.40247786 0.40488779 0.40646101 0.40368337 0.40337426
0.33105326 0.33126573 0.32644576 0.32186412 0.32144418 0.32340283 0.32074223 0.31973613 0.31796891 0.31815469 0.32074848 0.32183656 0.32416298 0.32616161 0.32590934 0.32679249 0.32579845 0.32809320 0.32503614 0.32676274 0.33145907 0.32886726 0.32907479 0.33065149 0.33299226 0.33324268 0.33237663 0.33511764 0.33161350 0.33176621 0.33006643 0.33402912
0.26049275 0.25945098 0.25771665 0.25623486 0.25537971 0.25239555 0.25097542 0.25162935 0.25102482 0.25255329 0.25346810 0.25526050 0.25320911 0.25718095 0.25625531 0.25694468 0.25842666 0.25910658 0.25778869 0.26002730 0.26046927 0.26082140 0.26243750 0.26281904 0.26207027 0.26233727 0.26321858 0.26115340 0.26117343 0.26512252 0.26596442 0.26086341
0.19935331 0.19847028 0.19622311 0.19519192 0.19291461 0.19238153 0.19002432 0.19205165 0.19176992 0.19252817 0.19273159 0.19269153 0.19306806 0.19510768 0.19452506 0.19433528 0.19575309 0.19626925 0.19727252 0.19745112 0.19807541 0.19890312 0.19871351 0.20001891 0.19865766 0.20105795 0.20047680 0.20232910 0.20243762 0.20246019 0.20068368 0.20009503
0.14996585 0.14871518 0.14703637 0.14546941 0.14402122 0.14206244 0.14226994 0.14138058 0.14148023 0.14168828 0.14265231 0.14346297 0.14392808 0.14462531 0.14516369 0.14569478 0.14530422 0.14649899 0.14657929 0.14700148 0.14801890 0.14753457 0.14916946 0.14901240 0.14957494 0.14958196 0.15080183 0.15176049 0.15168356 0.15186331 0.15200627 0.15054349
0.11239396 0.11112624 0.10960943 0.10763589 0.10687225 0.10552759 0.10528542 0.10505591 0.10517723 0.10539669 0.10590994 0.10582339 0.10683478 0.10733248 0.10795437 0.10743181 0.10830973 0.10850630 0.10901134 0.10953750 0.10987610 0.10994692 0.11099054 0.11153282 0.11194278 0.11253143 0.11368031 0.11391927 0.11474353 0.11458875 0.11422133 0.11375389
0.08664767 0.08544409 0.08421603 0.08265463 0.08165297 0.08071695 0.08020746 0.08001583 0.08023278 0.08051044 0.08071443 0.08117236 0.08121985 0.08176991 0.08190463 0.08212485 0.08251456 0.08296447 0.08357040 0.08372122 0.08447676 0.08474886 0.08524255 0.08567359 0.08586165 0.08658540 0.08741994 0.08818670 0.08871410 0.08877928 0.08784890 0.08763130
0.07087749 0.06963735 0.06839516 0.06707614 0.06586856 0.06507936 0.06468120 0.06461425 0.06470140 0.06500314 0.06524491 0.06538614 0.06571295 0.06584597 0.06608064 0.06631957 0.06677544 0.06713371 0.06753038 0.06812392 0.06859048 0.06890576 0.06927539 0.06964252 0.07018232 0.07060683 0.07127704 0.07187370 0.07235757 0.07254476 0.07238061 0.07182149
0.06218957 0.06097536 0.05987242 0.05853660 0.05758836 0.05678777 0.05639573 0.05629985 0.05629185 0.05668916 0.05676747 0.05699266 0.05717170 0.05727794 0.05748804 0.05773585 0.05815600 0.05859867 0.05902935 0.05954385 0.06001125 0.06033405 0.06074712 0.06115653 0.06158805 0.06204994 0.06257979 0.06315311 0.06349422 0.06379318 0.06360399 0.06295563
0.05833608 0.05723212 0.05612444 0.05490752 0.05404369 0.05342204 0.05298576 0.05279949 0.05289748 0.05297969 0.05312060 0.05332648 0.05347329 0.05356051 0.05378085 0.05407599 0.05450219 0.05506166 0.05560226 0.05614872 0.05663494 0.05708624 0.05737822 0.05777500 0.05816391 0.05857487 0.05906011 0.05949207 0.05991237 0.05998873 0.05976291 0.05918619
0.05712872 0.05602295 0.05507277 0.05379891 0.05307449 0.05238205 0.05199318 0.05180159 0.05187401 0.05182132 0.05196206 0.05221882 0.05217621 0.05237024 0.05262170 0.05299233 0.05358429 0.05410943 0.05475537 0.05539798 0.05589768 0.05625090 0.05668933 0.05696988 0.05739198 0.05777077 0.05818097 0.05855601 0.05863923 0.05886917 0.05855473 0.05794905
0.05673012 0.05572420 0.05464674 0.05365257 0.05278644 0.05212423 0.05169983 0.05150983 0.05143635 0.05162711 0.05144424 0.05159910 0.05160709 0.05182791 0.05216757 0.05251877 0.05292456 0.05379188 0.05455396 0.05528514 0.05586302 0.05633066 0.05672866 0.05691728 0.05733364 0.05769727 0.05800357 0.05838193 0.05859300 0.05847546 0.05828285 0.05756082
