32 32 0.052641 0.65881
0.05646217 0.05574525 0.05525088 0.05465690 0.05427962 0.05411210 0.05408509 0.05400164 0.05414278 0.05436139 0.05445898 0.05463302 0.05470243 0.05498775 0.05534648 0.05577738 0.05639028 0.05711599 0.05783247 0.05847061 0.05881525 0.05897201 0.05921978 0.05914733 0.05908442 0.05894096 0.05865676 0.05848821 0.05823650 0.05793336 0.05746810 0.05696691
0.05625663 0.05564205 0.05501659 0.05444063 0.05403446 0.05382433 0.05368508 0.05353171 0.05358310 0.05381427 0.05407304 0.05412836 0.05412206 0.05430324 0.05472282 0.05526716 0.05601076 0.05676942 0.05740974 0.05822786 0.05868933 0.05896161 0.05917107 0.05916968 0.05898046 0.05893558 0.05866167 0.05838186 0.05808243 0.05778153 0.05737568 0.05679512
0.05603613 0.05540557 0.05481599 0.05436053 0.05389036 0.05344836 0.05335476 0.05289239 0.05324512 0.05319408 0.05328666 0.05325253 0.05340335 0.05368644 0.05412703 0.05457527 0.05531836 0.05592871 0.05700733 0.05778263 0.05835994 0.05877973 0.05898464 0.05894492 0.05879713 0.05872911 0.05841194 0.05815878 0.05789003 0.05748400 0.05716292 0.05650921
0.05577991 0.05519177 0.05459913 0.05410079 0.05351122 0.05327045 0.05305614 0.05285680 0.05277544 0.05271316 0.05269495 0.05264054 0.05275966 0.05302456 0.05334637 0.05408292 0.05480713 0.05561774 0.05652868 0.05755670 0.05798520 0.05843701 0.05862676 0.05862639 0.05854051 0.05841236 0.05811672 0.05790753 0.05764199 0.05721867 0.05680080 0.05633429
0.05606913 0.05550392 0.05502056 0.05440702 0.05399626 0.05365761 0.05334787 0.05313326 0.05294638 0.05283630 0.05277418 0.05267034 0.05275543 0.05291052 0.05330858 0.05393585 0.05471392 0.05562924 0.05645764 0.05733095 0.05808907 0.05844475 0.05881700 0.05879537 0.05870879 0.05856813 0.05834358 0.05809229 0.05776257 0.05741660 0.05699641 0.05647427
0.05864222 0.05813540 0.05764329 0.05711121 0.05675172 0.05637040 0.05601546 0.05576527 0.05547137 0.05523370 0.05510521 0.05502933 0.05505998 0.05524727 0.05563583 0.05618105 0.05697027 0.05781067 0.05858405 0.05953221 0.06019506 0.06073465 0.06103967 0.06115460 0.06106205 0.06089225 0.06068961 0.06036103 0.06003619 0.05977791 0.05939750 0.05908805
0.06628763 0.06575689 0.06538990 0.06492142 0.06437771 0.06404151 0.06367670 0.06330209 0.06296043 0.06271292 0.06256055 0.06247299 0.06247819 0.06262007 0.06302618 0.06354609 0.06433635 0.06501047 0.06593967 0.06675853 0.06750524 0.06796518 0.06819715 0.06853176 0.06837286 0.06833571 0.06797871 0.06776824 0.06742585 0.06732809 0.06701014 0.06654984
0.08217078 0.08196111 0.08157932 0.08106911 0.08056055 0.08017050 0.07972430 0.07962390 0.07916804 0.07868565 0.07869536 0.07836415 0.07837249 0.07855035 0.07892035 0.07964761 0.08003912 0.08068835 0.08159323 0.08235498 0.08314748 0.08370769 0.08375129 0.08402787 0.08409858 0.08374030 0.08381472 0.08359503 0.08340731 0.08296227 0.08287708 0.08208049
0.10995006 0.10923959 0.10945034 0.10872771 0.10847328 0.10820557 0.10760686 0.10717517 0.10712005 0.10650351 0.10619281 0.10614857 0.10598950 0.10612582 0.10627487 0.10689584 0.10697575 0.10806266 0.10828868 0.10922974 0.11010080 0.11071519 0.11099716 0.11116676 0.11096633 0.11129034 0.11117846 0.11087880 0.11045218 0.11018684 0.11019839 0.11032404
0.15141580 0.15221756 0.15065758 0.15101368 0.15132276 0.15063198 0.15012349 0.15000986 0.15056072 0.14888921 0.14841786 0.14873045 0.14742816 0.14936298 0.14847170 0.14897060 0.14849102 0.15022766 0.15072606 0.15183607 0.15259673 0.15285237 0.15285026 0.15355009 0.15360104 0.15332066 0.15313959 0.15286280 0.15320425 0.15259976 0.15214898 0.15251357
0.21194675 0.20976969 0.21113380 0.21166611 0.20978267 0.21038024 0.20987845 0.20981766 0.20882628 0.20955606 0.20772797 0.20965253 0.20753758 0.20858126 0.20768997 0.20739221 0.20941958 0.21013855 0.21129865 0.21115793 0.21101045 0.21234901 0.21174670 0.21238373 0.21258923 0.21274337 0.21129666 0.21180753 0.21201511 0.21133883 0.21230849 0.21041206
0.28776005 0.28761111 0.28757103 0.28921305 0.29011945 0.28694218 0.28773425 0.28630108 0.28671546 0.28619164 0.28457583 0.28462292 0.28352062 0.28683128 0.28548581 0.28881584 0.28542099 0.28820975 0.28872623 0.28769899 0.28924957 0.28886947 0.28653855 0.29208091 0.28986458 0.28787541 0.28907303 0.28859681 0.29007458 0.28801220 0.28980954 0.28811610
0.38008025 0.37976674 0.37769259 0.38081871 0.37779522 0.37682064 0.37658592 0.37784598 0.37782981 0.37717092 0.37701339 0.37813268 0.37397447 0.37739585 0.38020130 0.37884613 0.37894452 0.37688614 0.37883863 0.37969946 0.37932537 0.38241154 0.37854996 0.38090566 0.37636999 0.37986632 0.37863732 0.37772074 0.37871105 0.37904659 0.37731589 0.37914397
0.47349610 0.47740056 0.47903245 0.47127598 0.48018390 0.46893613 0.47573207 0.47397664 0.47512362 0.47530542 0.47179692 0.47664132 0.47524204 0.47558495 0.47385303 0.47632168 0.47455868 0.46991826 0.47876377 0.48037379 0.47751453 0.47790802 0.47608710 0.48206175 0.47843301 0.47467767 0.47576986 0.47841551 0.47553846 0.47630581 0.47730659 0.47265332
0.56555397 0.57043671 0.57393551 0.57499787 0.56982481 0.56614281 0.56654100 0.57062794 0.57070009 0.56361083 0.56652359 0.56500805 0.57333083 0.57474351 0.57924518 0.56624848 0.57178151 0.57058241 0.56793270 0.57377392 0.56926142 0.56734993 0.57343410 0.57218805 0.57241775 0.56968220 0.57574688 0.56943862 0.56982776 0.56966268 0.57263022 0.57390748
0.64232800 0.64816117 0.64661137 0.64902411 0.64901615 0.64444211 0.64656996 0.64643845 0.64470541 0.64686986 0.64655574 0.64023903 0.64856046 0.64963492 0.64995861 0.64566528 0.64412537 0.64904239 0.64162772 0.63983908 0.65072806 0.65359157 0.64858665 0.65611534 0.64484907 0.64247584 0.65090592 0.65655449 0.65440179 0.64714045 0.63938861 0.64380237
0.69961118 0.69183150 0.70511550 0.69425715 0.69608665 0.69801705 0.69304645 0.68922601 0.69243188 0.69273195 0.69420395 0.69201625 0.69076953 0.68990862 0.69549325 0.69927242 0.69495233 0.69669492 0.68863369 0.69182775 0.69974616 0.69792797 0.69195895 0.70447767 0.69801406 0.69631075 0.69506049 0.69928834 0.69284913 0.70065821 0.69876297 0.69267985
0.70415802 0.70959818 0.70666180 0.70638163 0.70479994 0.70084856 0.70310264 0.70258971 0.70034616 0.70184191 0.70344260 0.70403248 0.70386794 0.70455513 0.70336921 0.70613463 0.70761074 0.70826769 0.70531838 0.70876639 0.70890086 0.70774987 0.70889733 0.70989873 0.70999599 0.71048417 0.71014998 0.71144677 0.70783548 0.70878559 0.71039549 0.70596466
0.68092487 0.68165515 0.68115663 0.67620551 0.67247181 0.66767663 0.66788946 0.67333874 0.67127703 0.67444932 0.67291765 0.67300095 0.67330944 0.68254821 0.67893266 0.68120249 0.67980749 0.67507702 0.68571801 0.68765189 0.68069534 0.69199518 0.68314312 0.67550362 0.69135284 0.68069479 0.67407564 0.67843464 0.68514665 0.68634559 0.68751939 0.68299253
0.62507897 0.62101660 0.62571652 0.62026094 0.61049482 0.61874699 0.60936790 0.60967025 0.61250851 0.60619661 0.60948210 0.61749634 0.62234036 0.62467797 0.62476180 0.61496492 0.62869713 0.61399973 0.63260607 0.61958841 0.62364592 0.62057283 0.61730739 0.62660057 0.62075133 0.63263416 0.62832383 0.62184646 0.62674934 0.62338166 0.62080273 0.62051946
0.54379849 0.53436254 0.53400309 0.53582915 0.52583320 0.52807227 0.53097620 0.53213638 0.53560894 0.53183078 0.53127054 0.52607521 0.53124489 0.53251292 0.54220834 0.53517921 0.53227437 0.53539148 0.53258602 0.53968546 0.53746162 0.53314491 0.53551509 0.53830471 0.53558959 0.53982623 0.54020381 0.53716129 0.54075348 0.54382253 0.53994024 0.53985441
0.44121235 0.44268022 0.43740326 0.43170073 0.43238892 0.43623994 0.43343936 0.43234321 0.42954760 0.42921166 0.43238736 0.43348725 0.43623155 0.43828036 0.43773539 0.43838302 0.43641707 0.43906544 0.43431726 0.43610387 0.44262709 0.43873647 0.43827503 0.44029862 0.44342897 0.44328586 0.44129158 0.44522800 0.44003729 0.44061548 0.43806672 0.44429415
0.34323198 0.34257848 0.34167875 0.34085003 0.34102720 0.33763294 0.33619751 0.33722268 0.33609305 0.33824106 0.33881766 0.34084498 0.33727726 0.34248065 0.34086674 0.34145108 0.34316553 0.34349213 0.34129869 0.34416897 0.34427357 0.34457152 0.34630050 0.34643235 0.34495925 0.34494131 0.34578635 0.34260610 0.34204494 0.34789498 0.34949468 0.34285198
0.25799564 0.25786658 0.25592505 0.25570455 0.25360394 0.25375024 0.25096400 0.25416668 0.25358912 0.25432988 0.25420454 0.25365063 0.25369012 0.25605822 0.25499197 0.25428600 0.25603505 0.25631965 0.25748102 0.25732501 0.25782346 0.25860341 0.25799560 0.25949358 0.25730146 0.25991250 0.25884951 0.26093715 0.26071258 0.26074933 0.25845258 0.25821276
0.18876199 0.18810906 0.18690460 0.18590497 0.18490124 0.18296817 0.18387041 0.18287501 0.18303371 0.18310932 0.18383510 0.18488310 0.18509292 0.18574695 0.18620683 0.18659080 0.18585685 0.18711492 0.18702479 0.18725226 0.18826293 0.18733718 0.18917511 0.18861188 0.18900992 0.18842798 0.18950496 0.19040120 0.18995207 0.18996817 0.19034723 0.18876960
0.13578455 0.13502676 0.13405107 0.13229300 0.13241141 0.13138306 0.13155761 0.13158862 0.13187594 0.13195957 0.13249152 0.13206791 0.13315645 0.13362542 0.13414856 0.13328105 0.13422842 0.13427136 0.13463203 0.13508326 0.13526552 0.13505824 0.13605669 0.13634857 0.13638783 0.13660078 0.13757400 0.13723428 0.13793351 0.13761321 0.13716244 0.13708938
0.09938199 0.09858973 0.09788936 0.09686099 0.09649873 0.09601393 0.09587258 0.09596181 0.09642636 0.09676701 0.09696147 0.09735025 0.09722755 0.09777165 0.09781056 0.09790007 0.09824122 0.09859363 0.09911805 0.09907236 0.09973330 0.09976529 0.10002136 0.10012845 0.09980407 0.10017243 0.10065665 0.10100295 0.10138622 0.10107190 0.10004083 0.09999752
0.07679909 0.07599430 0.07530878 0.07458718 0.07389128 0.07348894 0.07362284 0.07390134 0.07420849 0.07459646 0.07490722 0.07502386 0.07532685 0.07533079 0.07558975 0.07574127 0.07613775 0.07640696 0.07669704 0.07717376 0.07741954 0.07750406 0.07751918 0.07751534 0.07771159 0.07758681 0.07783381 0.07790387 0.07810860 0.07800397 0.07778962 0.07742133
0.06423727 0.06348774 0.06290442 0.06218137 0.06177241 0.06148901 0.06155906 0.06180470 0.06207001 0.06260342 0.06275063 0.06303565 0.06324172 0.06330746 0.06350578 0.06368685 0.06404505 0.06441540 0.06475361 0.06509164 0.06533592 0.06539043 0.06548400 0.06547556 0.06544246 0.06537706 0.06537667 0.06550785 0.06548710 0.06551057 0.06528070 0.06481789
0.05865939 0.05800448 0.05737065 0.05674015 0.05641369 0.05625658 0.05629353 0.05647340 0.05686139 0.05716847 0.05734785 0.05759954 0.05781861 0.05788352 0.05811007 0.05839896 0.05879379 0.05929102 0.05974536 0.06012673 0.06043846 0.06054663 0.06051964 0.06051592 0.06040731 0.06023394 0.06021485 0.06015470 0.06013315 0.05997178 0.05968913 0.05924361
0.05692037 0.05619838 0.05573012 0.05499195 0.05481958 0.05459749 0.05462316 0.05479713 0.05515304 0.05532567 0.05561998 0.05589406 0.05593184 0.05614276 0.05642794 0.05678459 0.05734537 0.05781205 0.05838609 0.05886754 0.05917777 0.05927854 0.05932461 0.05921290 0.05912904 0.05896632 0.05883853 0.05871021 0.05840364 0.05835614 0.05797506 0.05749739
0.05654555 0.05591167 0.05530766 0.05478195 0.05439851 0.05422139 0.05422351 0.05437834 0.05456399 0.05497066 0.05493063 0.05517373 0.05524124 0.05545852 0.05582448 0.05622069 0.05674135 0.05743339 0.05804965 0.05864747 0.05903980 0.05926569 0.05931940 0.05903816 0.05903346 0.05888087 0.05869324 0.05855560 0.05839702 0.05804876 0.05766214 0.05713456
