32 32 0.053612 0.72065
0.05539680 0.05504860 0.05475808 0.05447195 0.05433706 0.05440624 0.05465380 0.05476861 0.05511951 0.05550658 0.05574564 0.05594307 0.05602929 0.05616529 0.05636084 0.05658563 0.05689132 0.05733511 0.05771881 0.05799823 0.05805303 0.05791234 0.05784468 0.05754655 0.05725433 0.05698072 0.05671989 0.05647852 0.05637708 0.05622475 0.05595946 0.05570480
0.05523931 0.05493241 0.05460872 0.05430041 0.05423703 0.05419769 0.05428696 0.05434101 0.05459030 0.05492981 0.05528616 0.05537993 0.05535079 0.05545659 0.05571889 0.05605159 0.05653191 0.05694716 0.05727590 0.05775053 0.05786867 0.05782502 0.05773329 0.05744503 0.05705042 0.05690980 0.05654601 0.05629553 0.05611937 0.05598562 0.05581250 0.05549751
0.05496095 0.05468665 0.05439541 0.05430974 0.05402778 0.05383438 0.05394955 0.05370166 0.05416726 0.05420197 0.05440760 0.05438589 0.05459388 0.05475895 0.05509653 0.05533961 0.05583355 0.05614723 0.05683972 0.05729817 0.05747489 0.05758396 0.05745194 0.05712190 0.05674981 0.05652630 0.05615953 0.05593581 0.05578270 0.05561000 0.05551651 0.05507905
0.05464215 0.05437185 0.05413009 0.05398662 0.05365753 0.05365749 0.05366877 0.05364588 0.05362138 0.05367913 0.05371980 0.05369398 0.05379840 0.05394449 0.05425854 0.05474004 0.05523555 0.05580409 0.05635869 0.05702466 0.05712222 0.05717509 0.05702467 0.05669419 0.05633140 0.05605014 0.05568677 0.05553067 0.05537025 0.05517975 0.05503197 0.05486483
0.05495838 0.05478024 0.05458931 0.05431029 0.05417181 0.05402660 0.05391848 0.05382515 0.05375131 0.05371852 0.05370652 0.05361212 0.05369398 0.05383004 0.05413080 0.05459241 0.05515451 0.05579953 0.05636277 0.05680126 0.05723743 0.05712542 0.05710230 0.05677598 0.05639365 0.05604496 0.05576535 0.05558770 0.05532030 0.05523781 0.05511706 0.05499350
0.05769388 0.05762190 0.05746785 0.05722790 0.05715279 0.05701898 0.05675534 0.05666837 0.05646691 0.05625478 0.05614934 0.05611632 0.05610644 0.05625648 0.05656496 0.05699167 0.05756388 0.05819376 0.05863116 0.05926860 0.05944764 0.05962231 0.05952470 0.05921704 0.05885649 0.05848743 0.05819357 0.05787461 0.05774072 0.05770958 0.05768233 0.05771625
0.06602980 0.06588560 0.06585415 0.06575977 0.06544752 0.06531418 0.06504040 0.06472666 0.06445582 0.06423675 0.06410770 0.06402630 0.06404004 0.06418824 0.06453124 0.06498175 0.06564526 0.06606173 0.06669780 0.06711938 0.06744517 0.06747502 0.06724321 0.06720020 0.06669927 0.06642978 0.06597628 0.06581894 0.06565158 0.06583984 0.06586715 0.06587544
0.08329070 0.08351281 0.08353293 0.08335272 0.08306386 0.08280532 0.08244158 0.08237705 0.08198103 0.08146766 0.08146027 0.08116997 0.08120987 0.08144011 0.08178668 0.08239248 0.08274418 0.08316708 0.08379082 0.08416476 0.08452046 0.08452696 0.08416460 0.08401027 0.08372081 0.08312825 0.08308576 0.08295142 0.08289120 0.08276019 0.08312548 0.08271563
0.11359216 0.11337195 0.11394524 0.11353676 0.11347475 0.11337237 0.11277973 0.11240103 0.11231696 0.11165575 0.11133959 0.11132203 0.11119775 0.11139609 0.11157295 0.11219951 0.11219213 0.11310358 0.11300744 0.11353899 0.11396645 0.11406531 0.11379294 0.11353011 0.11288667 0.11304902 0.11275961 0.11255943 0.11228507 0.11238469 0.11283023 0.11346948
0.15887341 0.16032435 0.15897623 0.15970701 0.16029610 0.15968246 0.15917802 0.15904534 0.15958282 0.15783111 0.15732452 0.15762241 0.15635901 0.15857436 0.15766128 0.15818804 0.15763714 0.15926016 0.15943071 0.16013012 0.16045357 0.15998807 0.15950914 0.15981628 0.15944284 0.15892248 0.15857799 0.15836173 0.15900731 0.15869870 0.15865915 0.15960122
0.22514930 0.22323286 0.22515815 0.22606428 0.22415378 0.22497776 0.22446144 0.22439468 0.22325050 0.22414595 0.22208679 0.22426328 0.22203934 0.22328324 0.22242455 0.22215322 0.22427915 0.22483449 0.22576321 0.22509327 0.22433736 0.22515387 0.22390024 0.22404330 0.22387158 0.22375620 0.22209424 0.22274551 0.22323485 0.22288295 0.22441681 0.22293387
0.30812594 0.30839028 0.30897820 0.31090333 0.31215428 0.30880115 0.30966698 0.30804198 0.30851716 0.30787201 0.30613863 0.30631771 0.30521322 0.30903308 0.30769132 0.31130481 0.30758606 0.31040003 0.31060694 0.30891708 0.30999226 0.30888530 0.30567125 0.31124186 0.30828892 0.30586502 0.30712587 0.30669763 0.30857209 0.30676513 0.30931653 0.30791932
0.40923433 0.40948297 0.40756556 0.41132846 0.40829298 0.40733780 0.40697470 0.40833162 0.40835302 0.40756689 0.40761269 0.40889940 0.40441551 0.40848873 0.41151655 0.41025909 0.41013699 0.40759815 0.40941363 0.40974303 0.40864270 0.41138014 0.40637405 0.40835815 0.40288231 0.40651061 0.40509398 0.40426396 0.40557114 0.40647465 0.40500740 0.40750183
0.51187780 0.51633865 0.51870917 0.51062185 0.52062603 0.50854270 0.51604204 0.51390324 0.51523508 0.51563488 0.51181704 0.51726910 0.51609364 0.51633962 0.51445646 0.51731235 0.51539662 0.50975416 0.51904801 0.52020542 0.51631214 0.51592169 0.51307815 0.51911433 0.51468174 0.51037224 0.51147800 0.51452195 0.51195105 0.51306331 0.51482430 0.51016566
0.61297826 0.61883061 0.62349853 0.62495977 0.61950950 0.61564391 0.61613697 0.62055634 0.62088940 0.61305980 0.61631735 0.61483586 0.62433105 0.62580272 0.63111710 0.61604475 0.62221640 0.62038424 0.61706381 0.62287155 0.61679619 0.61406744 0.62007547 0.61802861 0.61783908 0.61449940 0.62124234 0.61464438 0.61538820 0.61564243 0.61966530 0.62147852
0.69825111 0.70496832 0.70292740 0.70683992 0.70729008 0.70205584 0.70466595 0.70462630 0.70284981 0.70539738 0.70537234 0.69826970 0.70778325 0.70890204 0.70947745 0.70419873 0.70238185 0.70650825 0.69798087 0.69527545 0.70631515 0.70903348 0.70233252 0.71077566 0.69755405 0.69430324 0.70434751 0.71092934 0.70868576 0.70176147 0.69351153 0.69853534
0.76185784 0.75369454 0.76877314 0.75752701 0.75947427 0.76174437 0.75675532 0.75259125 0.75646547 0.75681065 0.75890057 0.75642566 0.75498862 0.75354865 0.76003921 0.76407717 0.75857300 0.76005159 0.75002343 0.75335904 0.76070716 0.75794226 0.75076327 0.76468157 0.75682005 0.75442695 0.75401735 0.75865528 0.75229978 0.76101797 0.75960706 0.75302167
0.76855311 0.77426028 0.77206580 0.77211596 0.77086941 0.76732509 0.76909291 0.76888674 0.76643948 0.76845174 0.76991883 0.77060653 0.77054591 0.77155299 0.76961829 0.77238804 0.77333388 0.77335846 0.76913444 0.77189130 0.77122809 0.76980488 0.77006589 0.77079526 0.77092437 0.77142626 0.77117711 0.77276142 0.76983737 0.77159569 0.77360227 0.76939763
0.74450445 0.74507565 0.74494150 0.73980348 0.73619944 0.73077686 0.73190774 0.73810605 0.73604823 0.73933011 0.73782502 0.73773080 0.73766659 0.74775029 0.74316091 0.74544163 0.74328996 0.73744690 0.74850635 0.75040804 0.74135611 0.75301653 0.74282294 0.73407121 0.75138635 0.74028852 0.73390522 0.73909197 0.74584731 0.74774671 0.74988135 0.74578734
0.68330777 0.67967670 0.68509122 0.67940091 0.66864613 0.67807944 0.66776723 0.66965858 0.67173699 0.66387582 0.66828504 0.67731506 0.68241716 0.68518950 0.68452601 0.67316395 0.68810043 0.67100475 0.69113059 0.67559426 0.67970601 0.67544108 0.67191464 0.68190914 0.67544589 0.68978179 0.68440478 0.67831432 0.68380902 0.68035289 0.67794934 0.67823846
0.59545547 0.58482693 0.58494619 0.58711942 0.57622580 0.57910122 0.58244720 0.58419993 0.58814623 0.58386727 0.58339897 0.57699216 0.58278329 0.58423112 0.59465770 0.58618694 0.58227761 0.58516389 0.58133474 0.58841595 0.58534728 0.58022669 0.58279924 0.58629608 0.58305584 0.58835653 0.58895825 0.58575857 0.59031759 0.59411837 0.59027128 0.59042996
0.48255926 0.48442359 0.47887401 0.47244929 0.47342814 0.47806128 0.47523187 0.47422638 0.47119976 0.47065076 0.47439452 0.47558676 0.47850932 0.48040192 0.47949366 0.47972667 0.47692995 0.47926241 0.47341575 0.47485313 0.48187009 0.47748430 0.47685227 0.47923567 0.48290146 0.48304725 0.48103991 0.48573291 0.48029916 0.48132435 0.47851432 0.48573897
0.37444257 0.37365168 0.37311265 0.37229093 0.37277415 0.36917155 0.36782540 0.36910762 0.36799883 0.37058097 0.37114618 0.37342530 0.36926670 0.37482403 0.37275343 0.37300165 0.37442052 0.37423415 0.37136461 0.37423745 0.37408613 0.37433317 0.37618715 0.37646329 0.37496834 0.37520390 0.37639018 0.37300637 0.37242570 0.37927795 0.38124496 0.37390566
0.28014472 0.28010195 0.27804709 0.27801719 0.27584494 0.27626872 0.27334672 0.27722909 0.27674652 0.27771434 0.27763732 0.27700579 0.27689868 0.27933740 0.27792199 0.27670681 0.27830963 0.27816653 0.27916549 0.27863642 0.27896959 0.27975595 0.27906435 0.28089727 0.27848582 0.28164223 0.28066420 0.28308156 0.28288202 0.28304415 0.28047642 0.28030972
0.20320330 0.20260702 0.20138558 0.20044295 0.19950909 0.19753632 0.19889529 0.19800195 0.19843506 0.19877025 0.19962963 0.20080533 0.20098363 0.20152141 0.20175252 0.20186527 0.20077780 0.20172993 0.20131209 0.20132098 0.20222427 0.20108729 0.20318495 0.20261652 0.20318923 0.20263043 0.20389366 0.20496457 0.20447940 0.20447022 0.20492213 0.20315847
0.14418434 0.14341199 0.14247191 0.14067062 0.14104889 0.14017362 0.14062239 0.14094225 0.14151199 0.14185010 0.14252309 0.14213322 0.14333426 0.14370627 0.14405477 0.14284505 0.14354982 0.14323010 0.14331790 0.14355257 0.14359462 0.14319994 0.14432148 0.14468523 0.14476667 0.14508814 0.14613689 0.14576544 0.14649556 0.14613044 0.14556882 0.14556952
0.10345165 0.10267572 0.10208293 0.10114302 0.10100751 0.10072754 0.10084842 0.10124921 0.10204907 0.10258475 0.10298134 0.10351394 0.10337883 0.10384811 0.10368691 0.10353623 0.10359172 0.10362463 0.10392347 0.10354565 0.10409352 0.10401829 0.10422503 0.10429349 0.10394009 0.10432437 0.10483839 0.10523612 0.10560429 0.10524009 0.10410532 0.10410212
0.07818191 0.07745385 0.07687633 0.07629064 0.07577604 0.07559590 0.07604542 0.07660303 0.07720257 0.07789433 0.07843740 0.07857469 0.07896827 0.07886373 0.07896605 0.07886124 0.07897902 0.07892500 0.07888315 0.07919775 0.07920828 0.07911493 0.07903406 0.07894127 0.07908402 0.07890714 0.07917187 0.07915663 0.07944873 0.07930933 0.07910439 0.07877126
0.06407567 0.06345841 0.06296852 0.06242705 0.06227778 0.06224078 0.06260128 0.06313082 0.06367434 0.06448932 0.06486331 0.06522607 0.06544284 0.06545502 0.06550162 0.06539925 0.06546647 0.06551504 0.06552118 0.06561270 0.06561446 0.06546603 0.06538390 0.06526446 0.06515648 0.06502587 0.06497802 0.06511655 0.06512170 0.06516144 0.06497507 0.06456427
0.05777520 0.05720798 0.05683638 0.05639803 0.05633232 0.05639388 0.05673554 0.05721756 0.05786197 0.05843840 0.05878259 0.05917200 0.05933837 0.05933128 0.05942651 0.05945305 0.05955862 0.05975591 0.05988119 0.05996070 0.05998571 0.05988488 0.05961547 0.05946868 0.05925398 0.05901541 0.05892815 0.05885414 0.05887087 0.05875886 0.05857040 0.05821838
0.05580960 0.05531412 0.05505915 0.05454074 0.05461222 0.05469373 0.05500665 0.05542224 0.05601775 0.05639313 0.05684547 0.05726416 0.05728364 0.05742543 0.05749963 0.05764245 0.05793249 0.05807441 0.05829395 0.05845078 0.05848061 0.05826248 0.05810538 0.05776837 0.05753017 0.05729985 0.05713280 0.05701447 0.05671524 0.05677426 0.05653384 0.05619156
0.05545164 0.05507294 0.05471351 0.05443904 0.05433112 0.05440399 0.05466888 0.05507748 0.05544476 0.05605349 0.05619578 0.05651689 0.05652666 0.05671526 0.05690839 0.05703574 0.05729324 0.05764524 0.05796294 0.05822001 0.05825573 0.05817422 0.05798365 0.05748248 0.05730868 0.05702981 0.05683038 0.05668239 0.05657321 0.05639197 0.05618245 0.05582117
