32 32 0.051391 0.22961
0.06122034 0.06005755 0.05889428 0.05770228 0.05665225 0.05594481 0.05530001 0.05479657 0.05460655 0.05449892 0.05445253 0.05448989 0.05457322 0.05490345 0.05528991 0.05589810 0.05662087 0.05756654 0.05851093 0.05938551 0.06006205 0.06054982 0.06125047 0.06161976 0.06210613 0.06252721 0.06289216 0.06313297 0.06334782 0.06331555 0.06285474 0.06217710
0.06052925 0.05939009 0.05814162 0.05690026 0.05593462 0.05516245 0.05452291 0.05395485 0.05373116 0.05372788 0.05388839 0.05389240 0.05394165 0.05423106 0.05481941 0.05554372 0.05651341 0.05746540 0.05829059 0.05940501 0.06015803 0.06071434 0.06135188 0.06170422 0.06200726 0.06243880 0.06266656 0.06282231 0.06286708 0.06271242 0.06227729 0.06145979
0.05977156 0.05860914 0.05740468 0.05648843 0.05527694 0.05436552 0.05377762 0.05300313 0.05304869 0.05282515 0.05290716 0.05297850 0.05323324 0.05364722 0.05430602 0.05502047 0.05603909 0.05685380 0.05818736 0.05921199 0.05995397 0.06074740 0.06126319 0.06153258 0.06181332 0.06217221 0.06223120 0.06239090 0.06232834 0.06198077 0.06157613 0.06066946
0.05896834 0.05781956 0.05657132 0.05556358 0.05436765 0.05363399 0.05299270 0.05250614 0.05220195 0.05204661 0.05205413 0.05217579 0.05250734 0.05299339 0.05368395 0.05464820 0.05570164 0.05683146 0.05795877 0.05925404 0.05994375 0.06061901 0.06105771 0.06136659 0.06158913 0.06179629 0.06184322 0.06185057 0.06174766 0.06132231 0.06077584 0.05999808
0.05832941 0.05719975 0.05610086 0.05490555 0.05389569 0.05306509 0.05237244 0.05185067 0.05154971 0.05139055 0.05144822 0.05158456 0.05194617 0.05251396 0.05328676 0.05429623 0.05544516 0.05666717 0.05780829 0.05890829 0.05993177 0.06044593 0.06100294 0.06131913 0.06143397 0.06156337 0.06158178 0.06150375 0.06120847 0.06080493 0.06016620 0.05925462
0.05859892 0.05748706 0.05631920 0.05515578 0.05419323 0.05336438 0.05262988 0.05209651 0.05175895 0.05154142 0.05153327 0.05179851 0.05216035 0.05281110 0.05363013 0.05464621 0.05584969 0.05705083 0.05818074 0.05934007 0.06021750 0.06093824 0.06146530 0.06177070 0.06191771 0.06199396 0.06193732 0.06169678 0.06145966 0.06107064 0.06036667 0.05956553
0.06075882 0.05960763 0.05862364 0.05743841 0.05639626 0.05553042 0.05471774 0.05411006 0.05367253 0.05338360 0.05344458 0.05365424 0.05405080 0.05470692 0.05558885 0.05651682 0.05777577 0.05894740 0.06017129 0.06124930 0.06219668 0.06289113 0.06336733 0.06381784 0.06396116 0.06406806 0.06393345 0.06381858 0.06343857 0.06312894 0.06249714 0.06166117
0.06591090 0.06496245 0.06385879 0.06279747 0.06164077 0.06068772 0.05981334 0.05925981 0.05872027 0.05838087 0.05838462 0.05844400 0.05877882 0.05945740 0.06025394 0.06135497 0.06239407 0.06359121 0.06473606 0.06581548 0.06680802 0.06752047 0.06799628 0.06846377 0.06874642 0.06869155 0.06887395 0.06872877 0.06861376 0.06805795 0.06752173 0.06643915
0.07531265 0.07385836 0.07331505 0.07206033 0.07102991 0.07002156 0.06899254 0.06824987 0.06778250 0.06728420 0.06711599 0.06719552 0.06743951 0.06799878 0.06873716 0.06975634 0.07063582 0.07184774 0.07281520 0.07394984 0.07489339 0.07571298 0.07635743 0.07685006 0.07717119 0.07749121 0.07737944 0.07751956 0.07730138 0.07696372 0.07655299 0.07600280
0.08924603 0.08879547 0.08724625 0.08642304 0.08551593 0.08433541 0.08325031 0.08247940 0.08207866 0.08114795 0.08079209 0.08096520 0.08063556 0.08169525 0.08207973 0.08293969 0.08355688 0.08487506 0.08592127 0.08688316 0.08781900 0.08865391 0.08929543 0.09008948 0.09047135 0.09087656 0.09109622 0.09118734 0.09138370 0.09101460 0.09060286 0.09027807
0.10996396 0.10841880 0.10808627 0.10724813 0.10563436 0.10464082 0.10348222 0.10258282 0.10153920 0.10131221 0.10031917 0.10088256 0.10023366 0.10083775 0.10101773 0.10152649 0.10278426 0.10367700 0.10472178 0.10539569 0.10612973 0.10722584 0.10776833 0.10865641 0.10932328 0.10999482 0.11008196 0.11061793 0.11082623 0.11070476 0.11093318 0.10994178
0.13585518 0.13521304 0.13405297 0.13371471 0.13281718 0.13061439 0.12985963 0.12837543 0.12762240 0.12688736 0.12590180 0.12558971 0.12518330 0.12642011 0.12627884 0.12774752 0.12722544 0.12860308 0.12933776 0.12970892 0.13087242 0.13155657 0.13185571 0.13409388 0.13433927 0.13458705 0.13551633 0.13602365 0.13697382 0.13653809 0.13716417 0.13650576
0.16743130 0.16658616 0.16510568 0.16480704 0.16260252 0.16109714 0.16007633 0.15941507 0.15828927 0.15748405 0.15661424 0.15655020 0.15522193 0.15630238 0.15722431 0.15717959 0.15775102 0.15772187 0.15860572 0.15942787 0.16014955 0.16185242 0.16167048 0.16317899 0.16313483 0.16500313 0.16549050 0.16587833 0.16691958 0.16728668 0.16708093 0.16777859
0.19883730 0.20010107 0.19954150 0.19578578 0.19737561 0.19218151 0.19315193 0.19203866 0.19119889 0.19009557 0.18835830 0.18964536 0.18871688 0.18917799 0.18895136 0.18974595 0.18933366 0.18874991 0.19169287 0.19276641 0.19260344 0.19366638 0.19448290 0.19699929 0.19706102 0.19695172 0.19840289 0.20021623 0.19922467 0.20048282 0.20082956 0.19949594
0.23062242 0.23135878 0.23090953 0.23011014 0.22720550 0.22460598 0.22357453 0.22415406 0.22275268 0.21991899 0.22043264 0.21944682 0.22139181 0.22255234 0.22366830 0.22085846 0.22259799 0.22285622 0.22218518 0.22419063 0.22443299 0.22435359 0.22698451 0.22775948 0.22906875 0.22985950 0.23250071 0.23117463 0.23212952 0.23262318 0.23324850 0.23384936
0.25640521 0.25691964 0.25563628 0.25441054 0.25356943 0.25166705 0.25033427 0.24943292 0.24797015 0.24821364 0.24723940 0.24503048 0.24766365 0.24805201 0.24883111 0.24799619 0.24721304 0.25034895 0.24862765 0.24841149 0.25335876 0.25389219 0.25426449 0.25559741 0.25488206 0.25627789 0.25844212 0.26099614 0.26121302 0.25809288 0.25682121 0.25819652
0.27457863 0.27109486 0.27366981 0.26913745 0.26917648 0.26774536 0.26558213 0.26381586 0.26369436 0.26302640 0.26358743 0.26326324 0.26249477 0.26291149 0.26501306 0.26761269 0.26639130 0.26776667 0.26637446 0.26617094 0.27166796 0.27122877 0.26985515 0.27457219 0.27377306 0.27464334 0.27432265 0.27617729 0.27457240 0.27714578 0.27621183 0.27523076
0.27558983 0.27640069 0.27361060 0.27228962 0.27068203 0.26843435 0.26813672 0.26703278 0.26591385 0.26702831 0.26741053 0.26775632 0.26841494 0.26976825 0.26976959 0.27095471 0.27198815 0.27276208 0.27389831 0.27554111 0.27639449 0.27675490 0.27817714 0.27850726 0.27968608 0.28006598 0.27987626 0.28100130 0.28044490 0.27990264 0.28067548 0.27857543
0.26665719 0.26662291 0.26480572 0.26069730 0.25935949 0.25632339 0.25583999 0.25685541 0.25606933 0.25702904 0.25726302 0.25764317 0.26012766 0.26328020 0.26316644 0.26428718 0.26524512 0.26418225 0.26828516 0.26847665 0.26824572 0.27324331 0.27079420 0.26727920 0.27422859 0.27137861 0.26934326 0.27044244 0.27342053 0.27356545 0.27216556 0.26912076
0.24863745 0.24526200 0.24523282 0.24217288 0.23756156 0.23976666 0.23659809 0.23547281 0.23705583 0.23600602 0.23773611 0.24069115 0.24341294 0.24428522 0.24586406 0.24363592 0.24798695 0.24484996 0.25114470 0.24851263 0.24978268 0.25060251 0.24930619 0.25297252 0.25201004 0.25531419 0.25422770 0.25138323 0.25330131 0.25164007 0.25019655 0.24864609
0.22030588 0.21646428 0.21439282 0.21360719 0.20968424 0.20894347 0.20968863 0.20947980 0.21102104 0.21058960 0.21101582 0.21090696 0.21322130 0.21408824 0.21838730 0.21705568 0.21720755 0.21907338 0.21898464 0.22239489 0.22290467 0.22191259 0.22287688 0.22349335 0.22371668 0.22455858 0.22510972 0.22437099 0.22480819 0.22458348 0.22248694 0.22125056
0.18682890 0.18570930 0.18235846 0.17938074 0.17854427 0.17892980 0.17736566 0.17697689 0.17655860 0.17723315 0.17895794 0.18005802 0.18181176 0.18359063 0.18405675 0.18525635 0.18551154 0.18735147 0.18642910 0.18797569 0.19064581 0.18955858 0.19002245 0.19085700 0.19203032 0.19226808 0.19189572 0.19286875 0.19084328 0.19014020 0.18886880 0.18940752
0.15478605 0.15332652 0.15137860 0.14964908 0.14842299 0.14662203 0.14576586 0.14626178 0.14614531 0.14718188 0.14817893 0.14952651 0.14911551 0.15167549 0.15177158 0.15268573 0.15401327 0.15500999 0.15485348 0.15644863 0.15711938 0.15756331 0.15862519 0.15913422 0.15896945 0.15917734 0.15967208 0.15862969 0.15847550 0.15979500 0.15939756 0.15610243
0.12711799 0.12563390 0.12352952 0.12213825 0.12038021 0.11962188 0.11834894 0.11918797 0.11921349 0.11986221 0.12034550 0.12073215 0.12131114 0.12272859 0.12287193 0.12327809 0.12446877 0.12523855 0.12613659 0.12671273 0.12745813 0.12825255 0.12847712 0.12936456 0.12909486 0.13039783 0.13027914 0.13124065 0.13122486 0.13089691 0.12950859 0.12845817
0.10486094 0.10321433 0.10151324 0.09987856 0.09850747 0.09714755 0.09689339 0.09641411 0.09645314 0.09661212 0.09746971 0.09800179 0.09849591 0.09914235 0.09971295 0.10028823 0.10045060 0.10155707 0.10195918 0.10259384 0.10354627 0.10363771 0.10479405 0.10504794 0.10566935 0.10603229 0.10694622 0.10760151 0.10765406 0.10762436 0.10729136 0.10593814
0.08793232 0.08644392 0.08480665 0.08314513 0.08196697 0.08082788 0.08037166 0.08012036 0.08011720 0.08025357 0.08056652 0.08053266 0.08127435 0.08161621 0.08217823 0.08217080 0.08290231 0.08334198 0.08402545 0.08461362 0.08514799 0.08556962 0.08647500 0.08711847 0.08770321 0.08844335 0.08940605 0.08995297 0.09059026 0.09046015 0.09007530 0.08922277
0.07623007 0.07489986 0.07354087 0.07196402 0.07080541 0.06980151 0.06917971 0.06887154 0.06886134 0.06889993 0.06894847 0.06929046 0.06918664 0.06965252 0.06983542 0.07015126 0.07057001 0.07116885 0.07176630 0.07224058 0.07299943 0.07349550 0.07410912 0.07472295 0.07525129 0.07610856 0.07696672 0.07784734 0.07835096 0.07851683 0.07762547 0.07735815
0.06910824 0.06776569 0.06644521 0.06503546 0.06374232 0.06287341 0.06230840 0.06201645 0.06192188 0.06195138 0.06193003 0.06192964 0.06211006 0.06214710 0.06236453 0.06262751 0.06311606 0.06361058 0.06413613 0.06481461 0.06542636 0.06591816 0.06644085 0.06704107 0.06781921 0.06853970 0.06930207 0.07007990 0.07063724 0.07095420 0.07071503 0.07013047
0.06515392 0.06383213 0.06259814 0.06113457 0.06006166 0.05914703 0.05855609 0.05823455 0.05800312 0.05810980 0.05804013 0.05804344 0.05812598 0.05811951 0.05826619 0.05857588 0.05900520 0.05955359 0.06011128 0.06073842 0.06134228 0.06180120 0.06242362 0.06300774 0.06368403 0.06441588 0.06514920 0.06592318 0.06642116 0.06681497 0.06664135 0.06595760
0.06323478 0.06206724 0.06077361 0.05944730 0.05840380 0.05761960 0.05697928 0.05659350 0.05649395 0.05638252 0.05624575 0.05632271 0.05634571 0.05633601 0.05657700 0.05686201 0.05733621 0.05796300 0.05859632 0.05924615 0.05985934 0.06043342 0.06090208 0.06151829 0.06216163 0.06281274 0.06355032 0.06420868 0.06478854 0.06495178 0.06481921 0.06416990
0.06241354 0.06117166 0.06005392 0.05866544 0.05776752 0.05689948 0.05631383 0.05594265 0.05580799 0.05558948 0.05555855 0.05566054 0.05556759 0.05570680 0.05597702 0.05639409 0.05704355 0.05767215 0.05842637 0.05918818 0.05980301 0.06027906 0.06086571 0.06134962 0.06194769 0.06253287 0.06315360 0.06369305 0.06401634 0.06425598 0.06396297 0.06333695
0.06184134 0.06068624 0.05943010 0.05822625 0.05721249 0.05639054 0.05581303 0.05545210 0.05522456 0.05528724 0.05497882 0.05511612 0.05505433 0.05531196 0.05567298 0.05611761 0.05660751 0.05762594 0.05850209 0.05929519 0.06003623 0.06061915 0.06118336 0.06146126 0.06204234 0.06255928 0.06300931 0.06355171 0.06388972 0.06379389 0.06356532 0.06279220
