32 32 0.053036 0.69109
0.05473296 0.05438077 0.05423696 0.05401156 0.05397654 0.05407331 0.05429648 0.05436448 0.05463222 0.05488331 0.05500034 0.05512752 0.05508052 0.05526474 0.05542829 0.05572649 0.05598414 0.05648007 0.05686286 0.05715281 0.05717298 0.05698036 0.05694172 0.05663194 0.05639016 0.05613861 0.05587309 0.05567835 0.05551936 0.05538294 0.05514446 0.05489526
0.05444916 0.05419761 0.05396187 0.05382944 0.05369570 0.05379554 0.05389523 0.05388399 0.05405826 0.05434866 0.05465347 0.05463589 0.05455904 0.05459777 0.05488991 0.05521344 0.05569839 0.05614184 0.05645133 0.05689008 0.05701085 0.05689536 0.05684141 0.05654907 0.05617895 0.05602222 0.05570157 0.05546189 0.05526461 0.05512323 0.05493419 0.05464611
0.05415160 0.05390774 0.05370079 0.05366002 0.05351524 0.05342916 0.05352609 0.05329435 0.05370982 0.05369594 0.05381560 0.05376045 0.05384072 0.05397880 0.05431374 0.05455849 0.05498755 0.05533343 0.05599005 0.05639393 0.05650078 0.05664604 0.05653258 0.05622394 0.05588210 0.05569828 0.05531671 0.05512803 0.05494704 0.05468248 0.05463893 0.05422409
0.05384438 0.05362851 0.05340748 0.05340102 0.05316712 0.05322970 0.05319923 0.05318795 0.05318287 0.05323436 0.05316864 0.05310328 0.05314168 0.05322136 0.05348915 0.05393674 0.05438868 0.05493437 0.05542671 0.05608460 0.05613590 0.05621547 0.05606815 0.05581587 0.05550351 0.05527384 0.05495691 0.05479581 0.05460208 0.05435980 0.05421356 0.05404856
0.05417002 0.05410553 0.05391904 0.05377943 0.05366178 0.05359430 0.05352166 0.05342239 0.05331230 0.05326629 0.05318504 0.05303606 0.05305250 0.05311228 0.05336021 0.05378116 0.05431808 0.05487437 0.05540989 0.05582372 0.05619350 0.05613542 0.05614861 0.05593549 0.05567776 0.05536577 0.05512963 0.05497094 0.05473231 0.05454906 0.05438132 0.05422442
0.05691258 0.05680465 0.05676181 0.05662775 0.05658392 0.05650923 0.05628495 0.05615689 0.05599241 0.05573613 0.05555976 0.05548730 0.05540804 0.05550465 0.05573580 0.05608283 0.05664919 0.05712889 0.05757576 0.05813271 0.05835835 0.05858411 0.05854105 0.05845122 0.05812290 0.05785589 0.05762194 0.05733521 0.05715430 0.05705881 0.05695731 0.05706072
0.06506689 0.06492540 0.06493427 0.06488868 0.06465100 0.06452404 0.06432972 0.06403886 0.06373112 0.06350887 0.06333663 0.06321237 0.06314066 0.06321375 0.06345228 0.06379822 0.06434629 0.06473562 0.06530330 0.06572740 0.06607880 0.06621034 0.06612537 0.06621562 0.06584618 0.06573833 0.06526281 0.06516041 0.06493438 0.06505094 0.06499452 0.06496428
0.08179001 0.08200979 0.08202618 0.08189388 0.08170030 0.08152959 0.08123278 0.08110721 0.08074426 0.08026442 0.08025585 0.07984321 0.07983709 0.07990216 0.08013022 0.08069530 0.08084877 0.08115810 0.08177579 0.08216477 0.08261038 0.08275139 0.08251744 0.08253818 0.08243815 0.08193685 0.08202565 0.08191103 0.08171819 0.08155897 0.08180579 0.08132599
0.11109135 0.11086908 0.11138625 0.11108011 0.11109917 0.11104729 0.11056636 0.11020325 0.11016481 0.10949739 0.10913967 0.10903707 0.10882174 0.10887308 0.10889785 0.10938606 0.10926778 0.11002903 0.10992715 0.11049018 0.11100150 0.11127476 0.11124796 0.11116041 0.11073587 0.11099555 0.11080961 0.11060495 0.11030213 0.11022703 0.11053440 0.11108075
0.15469961 0.15605735 0.15480560 0.15559485 0.15624703 0.15577903 0.15536192 0.15527959 0.15585604 0.15416108 0.15361287 0.15384722 0.15252546 0.15440911 0.15337330 0.15369044 0.15306644 0.15447332 0.15463652 0.15539275 0.15586729 0.15564399 0.15533995 0.15585123 0.15567686 0.15533148 0.15506807 0.15483585 0.15536305 0.15490102 0.15470630 0.15548187
0.21842412 0.21659542 0.21850252 0.21947956 0.21784188 0.21871747 0.21835392 0.21839089 0.21734675 0.21819554 0.21615623 0.21810534 0.21581340 0.21688612 0.21579739 0.21528544 0.21720869 0.21778096 0.21856958 0.21796519 0.21734527 0.21835155 0.21740014 0.21777769 0.21781976 0.21784147 0.21626089 0.21683710 0.21717849 0.21664585 0.21797072 0.21638707
0.29815441 0.29846558 0.29900213 0.30115361 0.30251549 0.29947794 0.30047761 0.29907589 0.29953824 0.29898132 0.29721297 0.29724351 0.29599040 0.29944015 0.29788854 0.30118140 0.29740307 0.29996319 0.30013151 0.29862487 0.29981755 0.29896335 0.29609532 0.30175313 0.29911166 0.29683616 0.29801344 0.29753830 0.29920114 0.29723358 0.29945678 0.29802085
0.39521171 0.39552314 0.39384904 0.39771126 0.39499643 0.39431053 0.39421486 0.39568094 0.39578637 0.39503750 0.39491767 0.39602039 0.39148259 0.39507366 0.39783391 0.39627749 0.39601810 0.39352754 0.39516463 0.39555143 0.39468306 0.39749565 0.39295552 0.39509897 0.38997895 0.39350858 0.39211694 0.39116281 0.39226753 0.39286299 0.39135380 0.39360574
0.49359989 0.49814628 0.50057102 0.49312937 0.50300462 0.49154673 0.49907831 0.49727258 0.49858479 0.49889276 0.49506980 0.50017387 0.49858753 0.49873719 0.49662909 0.49911261 0.49697228 0.49159498 0.50048788 0.50170563 0.49808657 0.49795175 0.49551807 0.50139891 0.49728876 0.49312744 0.49413084 0.49688425 0.49402626 0.49501536 0.49648994 0.49200607
0.59042233 0.59633029 0.60091617 0.60272011 0.59782621 0.59445965 0.59515129 0.59961196 0.59991112 0.59226155 0.59525164 0.59353021 0.60228505 0.60353430 0.60834450 0.59380088 0.59945662 0.59766250 0.59440368 0.60003106 0.59451617 0.59205577 0.59797396 0.59617664 0.59605180 0.59282012 0.59908236 0.59254076 0.59302921 0.59310846 0.59674395 0.59855102
0.67159804 0.67864446 0.67748812 0.68115790 0.68177030 0.67722675 0.67998039 0.67996062 0.67820336 0.68048333 0.68023973 0.67304732 0.68181889 0.68263070 0.68284070 0.67774208 0.67579960 0.67989902 0.67183209 0.66940691 0.68023979 0.68282381 0.67678684 0.68463905 0.67213129 0.66917439 0.67824215 0.68417806 0.68196158 0.67494402 0.66711492 0.67202644
0.73250402 0.72506496 0.73989678 0.72936088 0.73190600 0.73397457 0.72938142 0.72540062 0.72892119 0.72904537 0.73045463 0.72790583 0.72632559 0.72480918 0.73073522 0.73436489 0.72924620 0.73061933 0.72133749 0.72459316 0.73176708 0.72934444 0.72254085 0.73537395 0.72822138 0.72595316 0.72514626 0.72936022 0.72291819 0.73126274 0.72996272 0.72383300
0.73801010 0.74412189 0.74228228 0.74274688 0.74176538 0.73811660 0.74048488 0.74005370 0.73705159 0.73917740 0.74031129 0.74059626 0.74015551 0.74060167 0.73875433 0.74147400 0.74227029 0.74274013 0.73890065 0.74178098 0.74138573 0.73980852 0.74039438 0.74119832 0.74098210 0.74128684 0.74079440 0.74223862 0.73907279 0.74071160 0.74289613 0.73882472
0.71443860 0.71561969 0.71578972 0.71121365 0.70789013 0.70291271 0.70357699 0.70943328 0.70723500 0.71016183 0.70817480 0.70781298 0.70754945 0.71727864 0.71282232 0.71487883 0.71296973 0.70756432 0.71831278 0.72018894 0.71197936 0.72301170 0.71349904 0.70553728 0.72150435 0.71047825 0.70374888 0.70863504 0.71550696 0.71725864 0.71927965 0.71540685
0.65544807 0.65220078 0.65772779 0.65265972 0.64239509 0.65155036 0.64161031 0.64234148 0.64477231 0.63731748 0.64088100 0.64912010 0.65381642 0.65618183 0.65573365 0.64492713 0.65910760 0.64320424 0.66265508 0.64814750 0.65215322 0.64826052 0.64468879 0.65412948 0.64783952 0.66074907 0.65588445 0.64964691 0.65482152 0.65177992 0.64968529 0.65008749
0.57050475 0.56098962 0.56130117 0.56366709 0.55332301 0.55599542 0.55904075 0.56033997 0.56373076 0.55933909 0.55848144 0.55229495 0.55755987 0.55870016 0.56878109 0.56085428 0.55740702 0.56042551 0.55705986 0.56413645 0.56128181 0.55647457 0.55877665 0.56175647 0.55864789 0.56322503 0.56374576 0.56067516 0.56486647 0.56859369 0.56510048 0.56555026
0.46240887 0.46449111 0.45936993 0.45361008 0.45454236 0.45882759 0.45585822 0.45456233 0.45135187 0.45051796 0.45373224 0.45458999 0.45720131 0.45900585 0.45817978 0.45862097 0.45625794 0.45878395 0.45348640 0.45499939 0.46176413 0.45745246 0.45675968 0.45885614 0.46210126 0.46204532 0.46005804 0.46444875 0.45925778 0.46030492 0.45798303 0.46512786
0.35896189 0.35859980 0.35817269 0.35759263 0.35797548 0.35442512 0.35292708 0.35380604 0.35241709 0.35444712 0.35468512 0.35657521 0.35254211 0.35780636 0.35590381 0.35631535 0.35788301 0.35806774 0.35555042 0.35837972 0.35831769 0.35847007 0.36014780 0.36025046 0.35866239 0.35871164 0.35974673 0.35651870 0.35616487 0.36275866 0.36474749 0.35816614
0.26893165 0.26911865 0.26742011 0.26740340 0.26534471 0.26556328 0.26255234 0.26580796 0.26505727 0.26561325 0.26523816 0.26442396 0.26423030 0.26654721 0.26526346 0.26434021 0.26605407 0.26617647 0.26727174 0.26690284 0.26725616 0.26796002 0.26717449 0.26875695 0.26619688 0.26923375 0.26822056 0.27059585 0.27053271 0.27084033 0.26866062 0.26876686
0.19562909 0.19529322 0.19428401 0.19344412 0.19250698 0.19045655 0.19149751 0.19037643 0.19038088 0.19033560 0.19087691 0.19178940 0.19180603 0.19235185 0.19267322 0.19288236 0.19206034 0.19320856 0.19295749 0.19303264 0.19392442 0.19279157 0.19466670 0.19400975 0.19441486 0.19382579 0.19505856 0.19613541 0.19581651 0.19601720 0.19669768 0.19532351
0.13946880 0.13895934 0.13823350 0.13659291 0.13685179 0.13590438 0.13608055 0.13607818 0.13629792 0.13624633 0.13659129 0.13602738 0.13704550 0.13740557 0.13775027 0.13670124 0.13759256 0.13746593 0.13768170 0.13797028 0.13799911 0.13754499 0.13855864 0.13881856 0.13882743 0.13910038 0.14018533 0.13987434 0.14074287 0.14059310 0.14029891 0.14048910
0.10080434 0.10027286 0.09981865 0.09895315 0.09875528 0.09838571 0.09830394 0.09839734 0.09885259 0.09906346 0.09917364 0.09942771 0.09914441 0.09960476 0.09951757 0.09948463 0.09967404 0.09983847 0.10022875 0.09996797 0.10046643 0.10032228 0.10044651 0.10046595 0.10011391 0.10044650 0.10094751 0.10148151 0.10194661 0.10182569 0.10096526 0.10116724
0.07676858 0.07621638 0.07577330 0.07530584 0.07480008 0.07451026 0.07477057 0.07503761 0.07537428 0.07571622 0.07603600 0.07599323 0.07617989 0.07605030 0.07617670 0.07618151 0.07641174 0.07649178 0.07654830 0.07685489 0.07692943 0.07676715 0.07663041 0.07648386 0.07663160 0.07645973 0.07673260 0.07684161 0.07725512 0.07727786 0.07727203 0.07714768
0.06325533 0.06289147 0.06254220 0.06209090 0.06190069 0.06182868 0.06203674 0.06235092 0.06260891 0.06319699 0.06328579 0.06347391 0.06357065 0.06353211 0.06356566 0.06357933 0.06374461 0.06389323 0.06398461 0.06409630 0.06411832 0.06397310 0.06383358 0.06367074 0.06352851 0.06342599 0.06337593 0.06361802 0.06370967 0.06394172 0.06390750 0.06361553
0.05729954 0.05691676 0.05663606 0.05625924 0.05623962 0.05629870 0.05652863 0.05676944 0.05721256 0.05755252 0.05772094 0.05791522 0.05800616 0.05794891 0.05806265 0.05812948 0.05830263 0.05858115 0.05876406 0.05888772 0.05888471 0.05873360 0.05852702 0.05833232 0.05809626 0.05788774 0.05781387 0.05782637 0.05790300 0.05789953 0.05784233 0.05760738
0.05534209 0.05497080 0.05480604 0.05442562 0.05451541 0.05459117 0.05478559 0.05509416 0.05552742 0.05569766 0.05598092 0.05625141 0.05617065 0.05627335 0.05639123 0.05655622 0.05688828 0.05706195 0.05736699 0.05753946 0.05754271 0.05729380 0.05716088 0.05680462 0.05662395 0.05636992 0.05623214 0.05615183 0.05595032 0.05602246 0.05586475 0.05562004
0.05487259 0.05459373 0.05434560 0.05414291 0.05410347 0.05418356 0.05441400 0.05470310 0.05502085 0.05543942 0.05541767 0.05567621 0.05556416 0.05570899 0.05592017 0.05608273 0.05635390 0.05674536 0.05705292 0.05732307 0.05739950 0.05733906 0.05712532 0.05660617 0.05642149 0.05617280 0.05597131 0.05585378 0.05581562 0.05559540 0.05543126 0.05515676
