32 32 0.048656 0.20708
0.05818107 0.05701105 0.05593076 0.05470261 0.05366217 0.05283383 0.05224769 0.05171580 0.05149919 0.05140083 0.05129477 0.05139348 0.05146413 0.05185581 0.05229951 0.05286730 0.05360825 0.05459949 0.05556653 0.05645853 0.05707904 0.05753361 0.05811122 0.05846320 0.05881955 0.05917887 0.05945639 0.05971362 0.05996149 0.06001562 0.05961563 0.05903039
0.05752120 0.05645286 0.05525915 0.05405186 0.05308382 0.05225250 0.05160864 0.05102216 0.05077251 0.05075682 0.05083132 0.05089404 0.05094442 0.05125259 0.05183036 0.05255797 0.05352756 0.05447786 0.05537482 0.05646583 0.05720025 0.05770854 0.05825829 0.05854831 0.05874667 0.05907944 0.05931781 0.05948578 0.05954051 0.05945421 0.05910242 0.05837188
0.05681208 0.05571172 0.05458995 0.05359476 0.05246849 0.05151656 0.05096037 0.05014256 0.05022334 0.04998796 0.05002031 0.05010664 0.05029898 0.05070539 0.05135634 0.05207857 0.05304810 0.05388350 0.05522503 0.05627535 0.05698708 0.05775668 0.05820870 0.05842297 0.05862344 0.05890623 0.05896212 0.05907010 0.05904800 0.05877031 0.05847483 0.05749952
0.05600925 0.05495542 0.05375766 0.05275509 0.05161298 0.05090307 0.05020863 0.04975427 0.04941361 0.04923444 0.04922885 0.04933007 0.04962206 0.05007574 0.05069487 0.05172115 0.05273405 0.05392415 0.05501993 0.05631477 0.05699627 0.05765062 0.05806495 0.05828531 0.05844477 0.05858855 0.05861726 0.05859434 0.05852600 0.05813848 0.05768566 0.05695728
0.05536111 0.05429149 0.05318635 0.05204343 0.05110118 0.05028731 0.04960460 0.04911238 0.04881318 0.04865605 0.04866737 0.04874990 0.04912711 0.04964122 0.05040238 0.05135214 0.05254030 0.05373339 0.05487616 0.05595282 0.05699212 0.05751976 0.05805946 0.05827169 0.05833444 0.05843268 0.05837785 0.05833575 0.05802408 0.05762575 0.05703265 0.05618346
0.05546930 0.05442018 0.05331846 0.05221307 0.05128599 0.05047745 0.04974859 0.04919460 0.04894979 0.04875886 0.04869647 0.04892598 0.04927821 0.04989083 0.05065124 0.05165667 0.05283668 0.05403391 0.05521781 0.05637459 0.05721396 0.05796265 0.05844669 0.05868075 0.05878119 0.05881545 0.05871501 0.05847044 0.05816341 0.05778747 0.05717345 0.05643672
0.05735996 0.05622132 0.05528397 0.05416477 0.05324305 0.05236512 0.05162098 0.05105108 0.05062981 0.05031316 0.05040286 0.05059102 0.05094601 0.05157632 0.05238076 0.05332520 0.05454601 0.05574036 0.05694066 0.05805916 0.05903291 0.05970706 0.06018674 0.06056115 0.06064177 0.06071627 0.06049872 0.06036650 0.05996396 0.05965657 0.05902331 0.05826712
0.06192245 0.06100836 0.05998174 0.05893957 0.05785762 0.05696238 0.05615710 0.05559991 0.05516013 0.05485027 0.05482345 0.05488556 0.05522533 0.05583819 0.05658729 0.05760678 0.05865227 0.05983258 0.06099058 0.06211214 0.06312346 0.06388299 0.06431283 0.06477118 0.06498681 0.06493861 0.06500499 0.06479747 0.06468836 0.06406482 0.06355301 0.06243189
0.07038384 0.06898803 0.06844108 0.06723427 0.06631464 0.06533941 0.06441276 0.06373040 0.06329655 0.06286005 0.06269495 0.06277341 0.06297731 0.06351233 0.06420450 0.06517669 0.06598149 0.06722127 0.06815268 0.06933523 0.07032265 0.07115181 0.07180846 0.07227342 0.07253496 0.07293767 0.07263109 0.07274295 0.07249040 0.07210198 0.07166572 0.07109735
0.08290373 0.08246221 0.08095145 0.08019149 0.07930278 0.07823279 0.07721600 0.07658467 0.07630493 0.07538608 0.07505367 0.07515206 0.07488984 0.07585275 0.07619285 0.07697343 0.07761287 0.07882066 0.07993114 0.08086645 0.08183132 0.08264504 0.08332963 0.08411059 0.08448805 0.08483328 0.08504995 0.08506290 0.08516473 0.08478095 0.08431631 0.08395312
0.10163503 0.10014472 0.09978433 0.09897432 0.09750839 0.09658186 0.09553540 0.09473276 0.09380774 0.09369552 0.09269336 0.09315923 0.09257300 0.09308852 0.09321159 0.09364718 0.09478511 0.09563509 0.09661504 0.09732772 0.09810744 0.09923223 0.09980416 0.10068838 0.10134140 0.10198815 0.10207861 0.10256180 0.10267100 0.10253229 0.10264984 0.10174203
0.12501276 0.12433650 0.12311320 0.12287922 0.12206237 0.12001695 0.11936133 0.11802741 0.11734769 0.11668020 0.11576958 0.11544139 0.11507295 0.11605374 0.11587797 0.11717023 0.11662957 0.11789438 0.11859853 0.11900107 0.12013595 0.12089033 0.12123954 0.12336480 0.12370545 0.12398743 0.12487112 0.12537685 0.12615872 0.12582042 0.12633270 0.12569224
0.15350435 0.15263113 0.15125403 0.15087893 0.14888571 0.14748506 0.14658809 0.14599616 0.14500735 0.14424483 0.14342895 0.14332972 0.14208161 0.14294117 0.14367260 0.14349932 0.14396147 0.14389444 0.14470014 0.14549510 0.14623014 0.14788066 0.14786042 0.14937667 0.14940441 0.15124758 0.15177942 0.15218929 0.15320487 0.15351454 0.15337629 0.15391784
0.18175698 0.18283322 0.18222706 0.17869293 0.18017708 0.17542316 0.17632102 0.17532925 0.17461299 0.17359765 0.17201237 0.17310355 0.17221324 0.17245585 0.17213634 0.17270709 0.17223147 0.17169969 0.17424553 0.17522434 0.17518693 0.17626698 0.17708935 0.17957823 0.17980711 0.17985874 0.18131048 0.18306267 0.18214889 0.18340267 0.18367642 0.18248120
0.21037412 0.21088892 0.21034751 0.20956416 0.20686981 0.20450889 0.20361134 0.20419897 0.20289532 0.20037638 0.20082955 0.19989832 0.20161750 0.20235929 0.20319798 0.20069591 0.20205531 0.20223692 0.20156243 0.20334975 0.20368380 0.20369080 0.20619921 0.20709337 0.20844393 0.20931647 0.21189674 0.21082564 0.21179397 0.21229075 0.21281649 0.21333323
0.23340287 0.23373356 0.23258508 0.23123745 0.23040697 0.22873278 0.22746930 0.22674645 0.22547449 0.22573466 0.22480790 0.22285879 0.22518211 0.22539699 0.22591399 0.22502086 0.22421172 0.22694696 0.22515089 0.22503576 0.22966959 0.23013724 0.23066522 0.23191911 0.23160601 0.23302499 0.23511995 0.23742039 0.23786497 0.23500666 0.23392140 0.23519551
0.24963721 0.24641922 0.24842559 0.24426399 0.24419070 0.24247192 0.24089676 0.23952561 0.23940033 0.23892190 0.23914616 0.23922003 0.23845857 0.23879185 0.24049951 0.24339026 0.24150161 0.24264995 0.24120988 0.24097229 0.24608506 0.24577311 0.24484311 0.24881712 0.24861500 0.24949421 0.24937283 0.25119531 0.24992271 0.25214110 0.25141566 0.25039428
0.25044911 0.25135611 0.24817159 0.24689904 0.24528301 0.24199820 0.24307700 0.24225929 0.24059327 0.24239985 0.24288980 0.24321172 0.24381018 0.24491563 0.24500094 0.24590098 0.24670203 0.24727979 0.24830765 0.24980805 0.25053903 0.25113040 0.25237149 0.25268829 0.25392425 0.25435886 0.25448795 0.25573667 0.25500073 0.25454114 0.25557426 0.25311241
0.24206607 0.24198013 0.24009248 0.23635950 0.23525803 0.23232619 0.23190061 0.23286307 0.23231967 0.23345470 0.23346085 0.23419390 0.23632088 0.23916194 0.23914446 0.23998461 0.24078212 0.23981116 0.24330235 0.24346079 0.24335559 0.24784036 0.24580972 0.24297420 0.24913903 0.24664600 0.24508819 0.24589235 0.24878692 0.24853444 0.24738025 0.24453159
0.22583622 0.22263506 0.22250231 0.21953845 0.21534994 0.21724395 0.21449400 0.21352464 0.21517130 0.21454894 0.21613362 0.21889956 0.22146212 0.22226756 0.22363415 0.22155173 0.22533051 0.22257085 0.22812978 0.22579349 0.22691834 0.22774241 0.22663345 0.22999376 0.22920141 0.23214027 0.23132367 0.22881157 0.23061148 0.22900006 0.22761092 0.22607251
0.20027493 0.19679157 0.19475833 0.19387294 0.19035602 0.18958931 0.19030000 0.19019519 0.19168140 0.19150081 0.19203101 0.19214894 0.19427922 0.19513124 0.19895227 0.19781306 0.19780620 0.19949470 0.19938442 0.20246233 0.20295911 0.20205272 0.20300927 0.20353985 0.20388322 0.20466265 0.20523286 0.20466888 0.20501309 0.20463444 0.20269671 0.20142730
0.17044719 0.16919696 0.16607584 0.16335751 0.16244655 0.16267541 0.16132395 0.16105063 0.16078230 0.16158098 0.16330241 0.16439327 0.16604391 0.16770383 0.16815461 0.16920595 0.16941008 0.17107625 0.17020780 0.17168211 0.17405729 0.17306420 0.17351574 0.17428298 0.17534503 0.17567397 0.17538112 0.17623483 0.17446691 0.17378232 0.17265382 0.17289212
0.14177493 0.14032076 0.13844714 0.13658827 0.13547200 0.13379058 0.13303137 0.13354069 0.13358962 0.13457810 0.13561029 0.13699066 0.13668833 0.13900126 0.13909196 0.13991625 0.14109521 0.14200106 0.14184646 0.14333780 0.14401180 0.14435959 0.14530885 0.14579854 0.14568739 0.14591973 0.14640608 0.14545025 0.14540341 0.14651437 0.14610764 0.14299423
0.11703462 0.11557964 0.11351989 0.11212909 0.11042114 0.10966262 0.10845928 0.10927235 0.10937383 0.11005577 0.11058979 0.11104169 0.11163124 0.11293534 0.11303207 0.11338926 0.11448912 0.11521228 0.11606989 0.11656767 0.11724849 0.11798477 0.11812235 0.11899601 0.11879907 0.12005147 0.11991192 0.12089070 0.12090392 0.12057606 0.11935109 0.11834544
0.09711558 0.09549538 0.09382579 0.09222697 0.09089689 0.08960137 0.08929441 0.08889353 0.08894758 0.08926990 0.09003869 0.09054278 0.09104871 0.09165227 0.09215078 0.09274067 0.09286871 0.09386465 0.09430779 0.09487646 0.09574650 0.09579676 0.09689878 0.09711767 0.09766324 0.09806560 0.09894683 0.09958179 0.09961318 0.09971966 0.09943944 0.09812484
0.08195325 0.08050489 0.07889565 0.07719214 0.07607672 0.07492235 0.07448463 0.07420427 0.07421709 0.07445237 0.07479532 0.07482513 0.07551409 0.07590193 0.07639244 0.07637357 0.07703973 0.07749149 0.07816626 0.07869755 0.07917827 0.07952686 0.08039622 0.08097526 0.08151164 0.08221156 0.08311322 0.08369577 0.08432366 0.08429660 0.08397181 0.08316868
0.07145581 0.07015161 0.06884629 0.06727745 0.06604568 0.06506836 0.06444139 0.06413054 0.06419824 0.06422198 0.06431074 0.06468021 0.06465960 0.06506375 0.06525777 0.06558256 0.06600349 0.06657744 0.06717140 0.06758588 0.06830435 0.06877229 0.06929048 0.06984009 0.07027678 0.07113552 0.07190954 0.07273785 0.07336908 0.07353115 0.07275026 0.07252766
0.06507518 0.06376346 0.06237925 0.06104572 0.05974432 0.05886375 0.05825388 0.05796900 0.05787825 0.05791326 0.05796532 0.05804033 0.05822704 0.05828075 0.05852860 0.05883058 0.05928138 0.05980653 0.06032961 0.06098997 0.06154769 0.06200151 0.06246758 0.06299347 0.06366309 0.06431347 0.06503087 0.06584795 0.06632197 0.06670828 0.06658474 0.06603280
0.06156793 0.06027844 0.05903839 0.05757676 0.05649175 0.05553779 0.05493197 0.05461025 0.05438176 0.05455075 0.05446032 0.05451136 0.05464421 0.05466483 0.05485271 0.05518081 0.05566438 0.05621018 0.05678327 0.05741601 0.05796836 0.05838467 0.05891027 0.05941711 0.05999762 0.06063727 0.06134619 0.06207039 0.06258892 0.06301558 0.06289991 0.06233369
0.05988334 0.05866490 0.05747004 0.05613283 0.05505272 0.05419621 0.05352305 0.05313996 0.05304986 0.05291756 0.05286591 0.05295484 0.05301972 0.05305762 0.05333988 0.05367671 0.05417525 0.05483683 0.05550651 0.05614471 0.05675201 0.05723820 0.05762650 0.05816880 0.05867445 0.05928029 0.05993862 0.06059030 0.06117253 0.06141644 0.06134528 0.06075383
0.05918142 0.05799130 0.05686335 0.05550182 0.05453590 0.05363259 0.05307478 0.05261585 0.05248875 0.05226604 0.05223532 0.05244497 0.05235159 0.05251171 0.05283179 0.05328913 0.05394684 0.05462794 0.05542625 0.05615973 0.05676777 0.05725535 0.05769531 0.05807154 0.05856937 0.05905607 0.05966773 0.06017053 0.06043563 0.06078513 0.06058341 0.06005400
0.05868683 0.05758943 0.05637944 0.05512420 0.05409624 0.05321297 0.05260010 0.05224214 0.05196601 0.05203316 0.05179415 0.05189507 0.05191375 0.05217639 0.05259618 0.05308573 0.05362611 0.05463622 0.05553273 0.05630351 0.05703428 0.05755915 0.05805600 0.05821017 0.05870422 0.05912917 0.05959429 0.06008884 0.06040775 0.06040491 0.06020185 0.05956142
