32 32 0.051919 0.7563
0.05436356 0.05390057 0.05357862 0.05319871 0.05301654 0.05301298 0.05314403 0.05315003 0.05341282 0.05367718 0.05381980 0.05402218 0.05413863 0.05441984 0.05482287 0.05521209 0.05572841 0.05640473 0.05700632 0.05745374 0.05761634 0.05757249 0.05750113 0.05727824 0.05691471 0.05657034 0.05618888 0.05591817 0.05567036 0.05545266 0.05508183 0.05477475
0.05414630 0.05376019 0.05335551 0.05305020 0.05281285 0.05276840 0.05275676 0.05271305 0.05289294 0.05316265 0.05346323 0.05353848 0.05355069 0.05375060 0.05414677 0.05466582 0.05535604 0.05594576 0.05652807 0.05717951 0.05743398 0.05745009 0.05741492 0.05709469 0.05665458 0.05642478 0.05601446 0.05569053 0.05535926 0.05517744 0.05490926 0.05449174
0.05385597 0.05345460 0.05308812 0.05295119 0.05262030 0.05238712 0.05243061 0.05209718 0.05251798 0.05251114 0.05264327 0.05258307 0.05280893 0.05304328 0.05342833 0.05392778 0.05459985 0.05513455 0.05602592 0.05663991 0.05690703 0.05712986 0.05703550 0.05670531 0.05628849 0.05602089 0.05554352 0.05528679 0.05502211 0.05472901 0.05452734 0.05409303
0.05347734 0.05314864 0.05274175 0.05252232 0.05215481 0.05212717 0.05206399 0.05202605 0.05195860 0.05200982 0.05197187 0.05193369 0.05205800 0.05228686 0.05256629 0.05331594 0.05397756 0.05471169 0.05545085 0.05629653 0.05650773 0.05664238 0.05651983 0.05619865 0.05582169 0.05549493 0.05510283 0.05482901 0.05458630 0.05432068 0.05407435 0.05380204
0.05376603 0.05345724 0.05322581 0.05281508 0.05265394 0.05248919 0.05236056 0.05223305 0.05212266 0.05204996 0.05200538 0.05191876 0.05200345 0.05215414 0.05250038 0.05310980 0.05386329 0.05467356 0.05540928 0.05603139 0.05654422 0.05657541 0.05654912 0.05626860 0.05588942 0.05549466 0.05516218 0.05491015 0.05459559 0.05439827 0.05417146 0.05391694
0.05663042 0.05639463 0.05615695 0.05585143 0.05568419 0.05549736 0.05530325 0.05512253 0.05494105 0.05470659 0.05457631 0.05451545 0.05453484 0.05471719 0.05508177 0.05559953 0.05631501 0.05712510 0.05780713 0.05850509 0.05888359 0.05911456 0.05908900 0.05885084 0.05842342 0.05805843 0.05773498 0.05736185 0.05714508 0.05701916 0.05688552 0.05681271
0.06528872 0.06498730 0.06486841 0.06463405 0.06431731 0.06414376 0.06387326 0.06356162 0.06331147 0.06309792 0.06294508 0.06282920 0.06281959 0.06295535 0.06335033 0.06386859 0.06466248 0.06522849 0.06607306 0.06666319 0.06714851 0.06726904 0.06715810 0.06713108 0.06668495 0.06642303 0.06589813 0.06573054 0.06552016 0.06556782 0.06544718 0.06524897
0.08333082 0.08338206 0.08323754 0.08294052 0.08257701 0.08234359 0.08197592 0.08195164 0.08157262 0.08106981 0.08102928 0.08073142 0.08075877 0.08093667 0.08134059 0.08208105 0.08244951 0.08299876 0.08382230 0.08437852 0.08489114 0.08508846 0.08476314 0.08472632 0.08448062 0.08398613 0.08388732 0.08367516 0.08357471 0.08332038 0.08350113 0.08291635
0.11504911 0.11462161 0.11494265 0.11443186 0.11429866 0.11420542 0.11369610 0.11331955 0.11331404 0.11263312 0.11230566 0.11225039 0.11208568 0.11225016 0.11239158 0.11308433 0.11314528 0.11419751 0.11423985 0.11498756 0.11558927 0.11587827 0.11576971 0.11559115 0.11507723 0.11524169 0.11512176 0.11477083 0.11439965 0.11438316 0.11466816 0.11514236
0.16242579 0.16368543 0.16209291 0.16273422 0.16323514 0.16263586 0.16217442 0.16210685 0.16267461 0.16095671 0.16043203 0.16074154 0.15926894 0.16151465 0.16049446 0.16103553 0.16053768 0.16232316 0.16263927 0.16360265 0.16409550 0.16386529 0.16352862 0.16398380 0.16374070 0.16331887 0.16302491 0.16278859 0.16339960 0.16293549 0.16269034 0.16344430
0.23182535 0.22950853 0.23134112 0.23213827 0.23010569 0.23095390 0.23049679 0.23051575 0.22940681 0.23043622 0.22818876 0.23036526 0.22794724 0.22915336 0.22813534 0.22779765 0.23007068 0.23072374 0.23185552 0.23140023 0.23082269 0.23192230 0.23085671 0.23123103 0.23122703 0.23122866 0.22958984 0.23027332 0.23073329 0.23021622 0.23162584 0.22979592
0.31876200 0.31877074 0.31904498 0.32101455 0.32227967 0.31875544 0.31971701 0.31812311 0.31867089 0.31802123 0.31615459 0.31622686 0.31492445 0.31874878 0.31723317 0.32096723 0.31703835 0.32002773 0.32046951 0.31893546 0.32030437 0.31947938 0.31646980 0.32262627 0.31964929 0.31731143 0.31875029 0.31831203 0.32019093 0.31815720 0.32057555 0.31883883
0.42468687 0.42466210 0.42236978 0.42621592 0.42294307 0.42197651 0.42161322 0.42314294 0.42328386 0.42241601 0.42238254 0.42365942 0.41868483 0.42278347 0.42578929 0.42441307 0.42417039 0.42156010 0.42375382 0.42438145 0.42353067 0.42676037 0.42186509 0.42433547 0.41875262 0.42283584 0.42147647 0.42064786 0.42191856 0.42271460 0.42090816 0.42319722
0.53241595 0.53665011 0.53889345 0.53018072 0.54073582 0.52792475 0.53608047 0.53371448 0.53525220 0.53570486 0.53157054 0.53709158 0.53572707 0.53566494 0.53341183 0.53636312 0.53443800 0.52843367 0.53852286 0.54004167 0.53635723 0.53634701 0.53365107 0.54046943 0.53613057 0.53185473 0.53310758 0.53626793 0.53363082 0.53451403 0.53611600 0.53082076
0.63830666 0.64412212 0.64889461 0.65027842 0.64448335 0.64039399 0.64104025 0.64572940 0.64618157 0.63792925 0.64117423 0.63944058 0.64925040 0.65034661 0.65590002 0.63973627 0.64624272 0.64439364 0.64132255 0.64785533 0.64176875 0.63942987 0.64624843 0.64448421 0.64458741 0.64113224 0.64839406 0.64147485 0.64208881 0.64210048 0.64611027 0.64758769
0.72771502 0.73468161 0.73240117 0.73624491 0.73662611 0.73096332 0.73398759 0.73414253 0.73225578 0.73485202 0.73473048 0.72718788 0.73684838 0.73779740 0.73775649 0.73245502 0.73080532 0.73500649 0.72627444 0.72398430 0.73589127 0.73957063 0.73275293 0.74269379 0.72850970 0.72478854 0.73589894 0.74285884 0.74000365 0.73273619 0.72328106 0.72841347
0.79457298 0.78600311 0.80148469 0.78983557 0.79175748 0.79406877 0.78898860 0.78454658 0.78886791 0.78921447 0.79136864 0.78848624 0.78681931 0.78500799 0.79173658 0.79598860 0.79010507 0.79188599 0.78124913 0.78556675 0.79370392 0.79135438 0.78394752 0.79956387 0.79121516 0.78872457 0.78824798 0.79318421 0.78600608 0.79514506 0.79297955 0.78594404
0.80227748 0.80792839 0.80566697 0.80561220 0.80447876 0.80070702 0.80250083 0.80249063 0.80014712 0.80201363 0.80331205 0.80394102 0.80377054 0.80473472 0.80254245 0.80536341 0.80634131 0.80661828 0.80247262 0.80574954 0.80563267 0.80454889 0.80498957 0.80601178 0.80659359 0.80703329 0.80626562 0.80822007 0.80457729 0.80642886 0.80806004 0.80321627
0.77732633 0.77771878 0.77766985 0.77226086 0.76875788 0.76330849 0.76414708 0.77095184 0.76874214 0.77210559 0.77043174 0.77019693 0.76970763 0.78032888 0.77534165 0.77779399 0.77557611 0.76974565 0.78154846 0.78411529 0.77510236 0.78755095 0.77718663 0.76842518 0.78653533 0.77473322 0.76731904 0.77298171 0.77941716 0.78121593 0.78338293 0.77896689
0.71346489 0.70982173 0.71545004 0.70959197 0.69859298 0.70813995 0.69710913 0.69977551 0.70175922 0.69360204 0.69791750 0.70724111 0.71246178 0.71576433 0.71466539 0.70280610 0.71897440 0.70085159 0.72276503 0.70629292 0.71122026 0.70661721 0.70336299 0.71412075 0.70703290 0.72213550 0.71621057 0.70979145 0.71483846 0.71096532 0.70813215 0.70832725
0.62198392 0.61060357 0.61102236 0.61338774 0.60183205 0.60524269 0.60862117 0.61061033 0.61465828 0.60997306 0.60940398 0.60236024 0.60846919 0.61017988 0.62114820 0.61230481 0.60817945 0.61146772 0.60766591 0.61538632 0.61230809 0.60706132 0.60999304 0.61391111 0.61019835 0.61580424 0.61608735 0.61224342 0.61687186 0.62093446 0.61651764 0.61646841
0.50365275 0.50574264 0.50014724 0.49331979 0.49451599 0.49942242 0.49655466 0.49537141 0.49196973 0.49119192 0.49507995 0.49626712 0.49933009 0.50124580 0.50042377 0.50074398 0.49791044 0.50055037 0.49462051 0.49632941 0.50402994 0.49955555 0.49890885 0.50144854 0.50522964 0.50520745 0.50274663 0.50756998 0.50151972 0.50244292 0.49927020 0.50687031
0.39030318 0.38960256 0.38924124 0.38842839 0.38915412 0.38529328 0.38382870 0.38497998 0.38369885 0.38627797 0.38672698 0.38901742 0.38454723 0.39045292 0.38836107 0.38870054 0.39033928 0.39033852 0.38756803 0.39078319 0.39081430 0.39118494 0.39325224 0.39340363 0.39171447 0.39177803 0.39279908 0.38898968 0.38813793 0.39531330 0.39733003 0.38963322
0.29132264 0.29145816 0.28947365 0.28951853 0.28728589 0.28770274 0.28448330 0.28840810 0.28774683 0.28856300 0.28833001 0.28756030 0.28742332 0.28996173 0.28860277 0.28743339 0.28931194 0.28936579 0.29060300 0.29024292 0.29073892 0.29167241 0.29094795 0.29284700 0.29025246 0.29333907 0.29213846 0.29452033 0.29413509 0.29419565 0.29147281 0.29135298
0.21048329 0.20999792 0.20884289 0.20792046 0.20695340 0.20471135 0.20609605 0.20495847 0.20519057 0.20537002 0.20602601 0.20721774 0.20736591 0.20798417 0.20833347 0.20860699 0.20761984 0.20890276 0.20866529 0.20881884 0.20989446 0.20879860 0.21099044 0.21039304 0.21090113 0.21017917 0.21133354 0.21230383 0.21169616 0.21156982 0.21206164 0.21032271
0.14832408 0.14764341 0.14675641 0.14490770 0.14527255 0.14418517 0.14458101 0.14471825 0.14507492 0.14513796 0.14575322 0.14517626 0.14642951 0.14691853 0.14745089 0.14627535 0.14727673 0.14717346 0.14747592 0.14789944 0.14807047 0.14779553 0.14895171 0.14930352 0.14931886 0.14956550 0.15045832 0.14993783 0.15063380 0.15020943 0.14965332 0.14964021
0.10541505 0.10470154 0.10408861 0.10308438 0.10292555 0.10251791 0.10247732 0.10264879 0.10321957 0.10362700 0.10388865 0.10430035 0.10424730 0.10473830 0.10473487 0.10477315 0.10506352 0.10533987 0.10587915 0.10569228 0.10640963 0.10639136 0.10663787 0.10670743 0.10626690 0.10658630 0.10698679 0.10729063 0.10754468 0.10715785 0.10602823 0.10600316
0.07868993 0.07797702 0.07731563 0.07677033 0.07618278 0.07585981 0.07614783 0.07648258 0.07688846 0.07736132 0.07782939 0.07791085 0.07828748 0.07828834 0.07855809 0.07867502 0.07904708 0.07925148 0.07945755 0.07990163 0.08010156 0.08009495 0.08006533 0.07993699 0.08002677 0.07976275 0.07994378 0.07982606 0.08003530 0.07986943 0.07960072 0.07926089
0.06367490 0.06311683 0.06258248 0.06202703 0.06174192 0.06160526 0.06179248 0.06212280 0.06247996 0.06309936 0.06335186 0.06368286 0.06391830 0.06406068 0.06426568 0.06441219 0.06473242 0.06503514 0.06528416 0.06554655 0.06571199 0.06563887 0.06562919 0.06549522 0.06535554 0.06510474 0.06495059 0.06499981 0.06488569 0.06489838 0.06466239 0.06419194
0.05700342 0.05643440 0.05599467 0.05553583 0.05533501 0.05529130 0.05549205 0.05575044 0.05624028 0.05662811 0.05688968 0.05724090 0.05740959 0.05759613 0.05784676 0.05809996 0.05843645 0.05889766 0.05929211 0.05955024 0.05972782 0.05972246 0.05951725 0.05933255 0.05906417 0.05876551 0.05856481 0.05842997 0.05832970 0.05812878 0.05789433 0.05747725
0.05486082 0.05430314 0.05394627 0.05343723 0.05338806 0.05337361 0.05350936 0.05380030 0.05425979 0.05448732 0.05483462 0.05521841 0.05531564 0.05554059 0.05583279 0.05619791 0.05674698 0.05712229 0.05758923 0.05795607 0.05810463 0.05799061 0.05786500 0.05754491 0.05728290 0.05693184 0.05665347 0.05643761 0.05605591 0.05601044 0.05569537 0.05529936
0.05443990 0.05399437 0.05352794 0.05320796 0.05303332 0.05301498 0.05315783 0.05341886 0.05372779 0.05418361 0.05425796 0.05456484 0.05461394 0.05490703 0.05524813 0.05562576 0.05615163 0.05670427 0.05724360 0.05768650 0.05788235 0.05789889 0.05775052 0.05723791 0.05699491 0.05665172 0.05631918 0.05609918 0.05590645 0.05560394 0.05529326 0.05486918
