32 32 0.050532 1.2198
0.05423363 0.05369291 0.05330889 0.05283008 0.05250284 0.05234800 0.05227985 0.05215244 0.05216499 0.05223850 0.05221422 0.05229672 0.05227100 0.05244921 0.05266854 0.05305153 0.05344980 0.05407899 0.05468108 0.05519052 0.05546894 0.05556158 0.05581180 0.05583195 0.05577291 0.05569376 0.05559820 0.05549029 0.05541785 0.05525942 0.05495827 0.05464407
0.05395925 0.05347462 0.05299308 0.05258927 0.05221303 0.05203856 0.05186333 0.05163373 0.05162597 0.05171507 0.05185534 0.05182132 0.05174189 0.05182584 0.05217522 0.05259306 0.05322433 0.05382352 0.05432530 0.05503387 0.05540073 0.05560499 0.05581274 0.05576393 0.05561330 0.05558921 0.05547378 0.05531585 0.05517416 0.05499881 0.05474043 0.05438834
0.05364532 0.05317356 0.05273002 0.05247496 0.05202975 0.05163873 0.05152264 0.05105757 0.05125629 0.05107224 0.05108807 0.05096288 0.05110551 0.05127356 0.05162167 0.05202959 0.05266870 0.05312404 0.05407343 0.05471461 0.05515440 0.05550154 0.05562004 0.05556769 0.05544633 0.05540492 0.05517843 0.05503337 0.05487027 0.05463565 0.05440501 0.05398943
0.05342752 0.05298433 0.05262019 0.05222961 0.05166233 0.05153295 0.05128811 0.05108698 0.05084519 0.05074787 0.05065270 0.05053151 0.05060459 0.05082809 0.05114630 0.05177702 0.05237827 0.05308854 0.05385356 0.05470685 0.05503212 0.05535239 0.05544076 0.05540439 0.05526072 0.05514599 0.05493709 0.05477499 0.05463644 0.05437916 0.05413383 0.05381370
0.05451628 0.05418670 0.05378570 0.05336617 0.05297441 0.05265752 0.05235236 0.05205611 0.05181277 0.05161758 0.05150111 0.05138847 0.05149067 0.05162266 0.05204939 0.05262095 0.05335119 0.05414866 0.05486927 0.05557474 0.05614394 0.05631683 0.05648549 0.05637211 0.05620051 0.05600491 0.05583327 0.05554214 0.05539806 0.05525682 0.05501656 0.05469883
0.05988369 0.05957618 0.05926677 0.05883428 0.05858707 0.05829025 0.05787842 0.05758260 0.05717410 0.05683811 0.05672638 0.05669859 0.05676319 0.05699445 0.05739677 0.05793460 0.05871243 0.05948069 0.06015823 0.06088844 0.06131943 0.06165191 0.06167481 0.06161539 0.06138663 0.06114070 0.06099652 0.06067027 0.06048333 0.06035004 0.06019491 0.06021062
0.07445967 0.07411575 0.07384579 0.07357300 0.07301279 0.07278395 0.07229292 0.07183317 0.07149971 0.07127569 0.07107739 0.07107664 0.07117149 0.07138565 0.07190241 0.07246719 0.07330402 0.07374900 0.07458091 0.07515807 0.07565515 0.07579357 0.07567305 0.07587781 0.07545904 0.07537685 0.07484964 0.07477551 0.07459699 0.07478449 0.07468206 0.07443392
0.10376321 0.10393788 0.10378965 0.10330699 0.10274317 0.10231630 0.10173447 0.10176862 0.10116514 0.10051454 0.10079246 0.10044505 0.10067617 0.10101017 0.10156678 0.10252096 0.10268412 0.10299651 0.10385396 0.10427555 0.10477273 0.10487909 0.10446904 0.10455814 0.10437803 0.10376438 0.10397477 0.10393067 0.10386634 0.10357480 0.10391809 0.10325872
0.15471766 0.15445343 0.15472251 0.15390130 0.15365890 0.15350034 0.15265357 0.15206697 0.15222379 0.15138397 0.15113923 0.15135270 0.15136907 0.15167863 0.15186604 0.15271751 0.15241215 0.15360012 0.15306984 0.15379516 0.15440339 0.15465701 0.15434028 0.15416283 0.15343126 0.15392960 0.15404263 0.15376657 0.15332974 0.15347539 0.15403326 0.15494020
0.23047246 0.23262050 0.23012278 0.23118297 0.23196958 0.23092391 0.23018533 0.23016300 0.23146479 0.22876013 0.22814808 0.22892612 0.22695646 0.23082010 0.22914102 0.22975720 0.22842699 0.23089828 0.23065804 0.23184179 0.23218636 0.23152126 0.23075363 0.23138412 0.23127341 0.23073997 0.23049616 0.23039715 0.23156687 0.23108787 0.23079517 0.23207904
0.34114076 0.33754231 0.34046345 0.34171392 0.33815649 0.33975926 0.33898221 0.33919319 0.33747211 0.33957502 0.33619704 0.33993708 0.33665690 0.33854873 0.33695680 0.33611555 0.33946858 0.33978693 0.34082156 0.33975012 0.33823730 0.33967425 0.33772497 0.33827718 0.33831156 0.33857047 0.33621094 0.33757185 0.33886466 0.33815663 0.34057730 0.33769664
0.47967284 0.47936828 0.48072330 0.48335952 0.48550607 0.47978662 0.48086346 0.47831389 0.47983787 0.47833427 0.47548091 0.47660361 0.47412531 0.48085759 0.47854105 0.48383493 0.47723214 0.48140714 0.48133201 0.47829303 0.47973015 0.47810922 0.47292037 0.48317154 0.47817454 0.47471148 0.47768920 0.47734518 0.48064257 0.47792229 0.48205078 0.47922056
0.64813996 0.64890315 0.64416783 0.65095439 0.64556712 0.64370155 0.64145907 0.64389021 0.64515872 0.64291392 0.64480766 0.64756050 0.63843850 0.64601938 0.65040060 0.64853148 0.64602379 0.64051305 0.64464552 0.64495437 0.64237170 0.64754954 0.63876025 0.64358694 0.63362420 0.64121439 0.63983234 0.63959498 0.64161542 0.64434037 0.64093209 0.64418589
0.82178322 0.82514413 0.82966872 0.81528552 0.83253961 0.81169881 0.82501105 0.81730323 0.82111903 0.82427512 0.81747005 0.82639961 0.82635836 0.82350854 0.81855038 0.82434261 0.82202508 0.80830495 0.82551398 0.82697542 0.82055378 0.81954096 0.81258841 0.82620485 0.81921453 0.81332820 0.81571651 0.82152192 0.82147269 0.82152314 0.82577944 0.81636277
0.98808648 0.99762922 1.00811543 1.00962992 0.99856222 0.99167030 0.99122976 0.99705328 1.00044337 0.98524972 0.99021444 0.98856996 1.00712364 1.00636760 1.01785558 0.98397267 0.99650729 0.99124757 0.98733243 0.99922689 0.98376585 0.98209292 0.99392510 0.99074272 0.99128464 0.98382953 0.99884398 0.98980100 0.99150064 0.99219628 1.00180278 1.00312539
1.13226519 1.14533110 1.13611544 1.14720656 1.14561729 1.12864330 1.13836219 1.13771584 1.13461273 1.13908941 1.14034487 1.12820850 1.14486107 1.14668349 1.14627964 1.13467592 1.13472592 1.13491292 1.12073524 1.11776196 1.13053132 1.14223038 1.12741201 1.15152828 1.12466222 1.11467814 1.14033262 1.15396958 1.14932693 1.14278197 1.12374483 1.12978436
1.24414146 1.23003679 1.25695144 1.23426631 1.23423019 1.23735714 1.22713945 1.21679757 1.22648769 1.22763488 1.23331921 1.22933028 1.22508912 1.21964943 1.23386975 1.23830239 1.22739643 1.22939821 1.21057450 1.21837044 1.22770425 1.22435238 1.21275392 1.24076517 1.22724950 1.22247352 1.22542693 1.23684262 1.22549532 1.24169454 1.23865382 1.22049745
1.26276321 1.26929053 1.26358632 1.26259379 1.25952579 1.25073883 1.25232611 1.25157152 1.24489130 1.25036036 1.25218489 1.25377198 1.25442167 1.25810147 1.25228602 1.25722759 1.25755927 1.25841385 1.24685017 1.25251749 1.25099411 1.25003653 1.25045052 1.25130975 1.25472484 1.25664293 1.25806264 1.26318030 1.25889929 1.26387646 1.27029904 1.25723641
1.22435185 1.22154240 1.22123103 1.21060371 1.20271363 1.19256455 1.19539338 1.20674210 1.20370718 1.20847843 1.20489197 1.20689481 1.20153934 1.21785093 1.21098793 1.21664100 1.21044651 1.20115155 1.21955962 1.22464417 1.20763149 1.22155390 1.20957851 1.20266429 1.23017432 1.20965534 1.19775640 1.21313167 1.21991086 1.22355099 1.23235259 1.22688370
1.12079402 1.11788574 1.12519757 1.11482922 1.09832301 1.10955821 1.08956607 1.10063867 1.09824213 1.08324793 1.08971395 1.10712329 1.11356737 1.12527921 1.11943380 1.10051720 1.13431719 1.09747392 1.13414538 1.10302412 1.11258535 1.10129794 1.10086648 1.11683845 1.10481346 1.13222760 1.12415334 1.11796299 1.12298338 1.11824109 1.11210990 1.11310515
0.98362120 0.95968560 0.96257775 0.96419386 0.94393427 0.95257379 0.95507297 0.96177517 0.96761661 0.95757076 0.95852977 0.94174524 0.95462634 0.96147426 0.98102087 0.96439433 0.95495661 0.96019479 0.95232597 0.96317365 0.95454355 0.94576546 0.95241358 0.96358908 0.95332367 0.96769663 0.96646196 0.95915502 0.96906868 0.97858331 0.97161212 0.97014752
0.79227769 0.79545955 0.78799630 0.77237241 0.77476573 0.78294819 0.78015075 0.77811304 0.77119177 0.76788769 0.77521304 0.77838725 0.78406511 0.78625251 0.78645886 0.78627086 0.78008190 0.78328782 0.77245099 0.77381035 0.78796094 0.78188145 0.77940051 0.78490273 0.79252423 0.79265230 0.78757304 0.79706788 0.78762792 0.79085750 0.78374481 0.79638446
0.60997027 0.60726635 0.60905610 0.60618714 0.60906555 0.60220005 0.59965237 0.60049042 0.59731667 0.60332562 0.60277615 0.60699118 0.59926941 0.60997647 0.60707925 0.60766574 0.60968553 0.60825119 0.60330044 0.60914528 0.60827179 0.60979056 0.61233762 0.61266922 0.60988362 0.61044470 0.61262447 0.60663923 0.60448896 0.61769382 0.62201245 0.60884346
0.45026512 0.45096630 0.44752008 0.44837859 0.44402882 0.44499665 0.43935200 0.44619680 0.44433242 0.44549390 0.44504476 0.44367680 0.44328642 0.44743022 0.44556249 0.44265381 0.44638855 0.44555540 0.44785845 0.44660390 0.44718524 0.44864187 0.44735258 0.45095816 0.44674404 0.45191139 0.45062474 0.45475815 0.45388621 0.45461635 0.44996137 0.45027118
0.31851501 0.31783284 0.31623642 0.31495953 0.31366076 0.30960363 0.31206153 0.30944202 0.30995128 0.30957062 0.31066003 0.31272691 0.31268895 0.31355304 0.31404044 0.31434934 0.31251669 0.31410000 0.31370494 0.31365104 0.31513814 0.31333700 0.31725785 0.31641478 0.31757934 0.31653990 0.31870265 0.32062642 0.31978135 0.31954383 0.32055029 0.31796206
0.21599694 0.21521891 0.21395381 0.21087834 0.21184938 0.20996728 0.21047780 0.21041924 0.21076480 0.21030073 0.21095434 0.20969229 0.21165246 0.21233793 0.21295212 0.21064626 0.21231489 0.21181444 0.21200421 0.21265949 0.21302282 0.21233529 0.21462550 0.21550985 0.21586110 0.21653618 0.21846829 0.21755881 0.21889991 0.21851594 0.21766170 0.21804124
0.14450495 0.14360440 0.14277140 0.14141560 0.14110519 0.14033564 0.14000932 0.14003718 0.14047553 0.14078649 0.14087037 0.14092909 0.14049645 0.14118195 0.14094955 0.14073835 0.14108444 0.14123768 0.14200928 0.14150737 0.14275198 0.14287936 0.14357954 0.14405414 0.14372029 0.14452353 0.14553177 0.14636504 0.14712373 0.14655091 0.14512445 0.14523216
0.09914268 0.09825727 0.09749615 0.09663233 0.09567399 0.09482391 0.09512785 0.09528415 0.09547012 0.09578860 0.09628447 0.09587143 0.09616484 0.09582924 0.09607584 0.09601051 0.09637424 0.09643903 0.09660994 0.09730834 0.09768527 0.09778190 0.09807759 0.09826761 0.09889366 0.09885757 0.09955899 0.09960403 0.10034932 0.10022872 0.10009624 0.09979846
0.07297440 0.07227091 0.07159053 0.07083546 0.07033243 0.06991359 0.06992835 0.07002228 0.07024557 0.07055695 0.07058383 0.07078009 0.07081823 0.07076245 0.07085911 0.07075409 0.07103776 0.07123961 0.07147714 0.07176112 0.07209321 0.07223705 0.07251645 0.07275229 0.07296552 0.07307797 0.07324830 0.07363907 0.07382266 0.07407524 0.07402821 0.07351607
0.06046132 0.05986037 0.05928688 0.05865637 0.05834007 0.05816539 0.05804848 0.05810604 0.05835577 0.05852396 0.05860443 0.05871582 0.05874701 0.05859415 0.05877581 0.05882267 0.05904849 0.05945865 0.05984506 0.06019039 0.06046974 0.06072369 0.06072535 0.06089426 0.06095914 0.06099160 0.06112447 0.06128486 0.06144537 0.06150372 0.06144093 0.06097222
0.05580304 0.05526794 0.05478390 0.05415909 0.05394072 0.05376284 0.05366921 0.05376758 0.05396851 0.05399210 0.05408588 0.05431481 0.05418533 0.05424557 0.05436976 0.05460574 0.05503363 0.05537719 0.05582366 0.05624200 0.05651650 0.05664798 0.05673395 0.05669823 0.05673294 0.05673483 0.05679959 0.05688204 0.05670606 0.05683008 0.05660999 0.05624043
0.05451876 0.05402964 0.05349935 0.05308172 0.05275620 0.05258103 0.05251284 0.05256505 0.05266542 0.05289435 0.05276323 0.05285982 0.05279399 0.05295475 0.05319274 0.05341893 0.05383687 0.05437607 0.05486228 0.05534310 0.05571732 0.05592064 0.05598265 0.05573754 0.05583610 0.05578883 0.05575529 0.05579383 0.05578125 0.05562970 0.05542549 0.05498247
