32 32 0.052189 0.5815
0.05608417 0.05542778 0.05494045 0.05441509 0.05409043 0.05409216 0.05411843 0.05418081 0.05448094 0.05485403 0.05509210 0.05536895 0.05548275 0.05579875 0.05604369 0.05640207 0.05681706 0.05738475 0.05788060 0.05827196 0.05841209 0.05837939 0.05842968 0.05829210 0.05816924 0.05801980 0.05781646 0.05764535 0.05758980 0.05744092 0.05699379 0.05657551
0.05574634 0.05516123 0.05460166 0.05404455 0.05373330 0.05359804 0.05355819 0.05356133 0.05377867 0.05418108 0.05463595 0.05475790 0.05482984 0.05505450 0.05548287 0.05594409 0.05656851 0.05712920 0.05755273 0.05815577 0.05839538 0.05842943 0.05848983 0.05828710 0.05802255 0.05792994 0.05770498 0.05750638 0.05731257 0.05708797 0.05675614 0.05625184
0.05531494 0.05472837 0.05415669 0.05382272 0.05334470 0.05300459 0.05302699 0.05274507 0.05322461 0.05332872 0.05360168 0.05369241 0.05398396 0.05434584 0.05479152 0.05525805 0.05590539 0.05635707 0.05723136 0.05777510 0.05802517 0.05826501 0.05824683 0.05799429 0.05774392 0.05762627 0.05732281 0.05712446 0.05692605 0.05663716 0.05632186 0.05570629
0.05481822 0.05427476 0.05368817 0.05327302 0.05271664 0.05256181 0.05247185 0.05238563 0.05244602 0.05262719 0.05275495 0.05287429 0.05313831 0.05351850 0.05395794 0.05466548 0.05532145 0.05605272 0.05673517 0.05752498 0.05771206 0.05787791 0.05779714 0.05759953 0.05735519 0.05715481 0.05689384 0.05666755 0.05646101 0.05613079 0.05578524 0.05535398
0.05482150 0.05423868 0.05374086 0.05321481 0.05281441 0.05250771 0.05231376 0.05220056 0.05218945 0.05225723 0.05238076 0.05247333 0.05275418 0.05310340 0.05360026 0.05429257 0.05504959 0.05586523 0.05655576 0.05715273 0.05764397 0.05767682 0.05774006 0.05756263 0.05730910 0.05702050 0.05679597 0.05661011 0.05630366 0.05598442 0.05563108 0.05515789
0.05674506 0.05625726 0.05575518 0.05517336 0.05486152 0.05454971 0.05421161 0.05407948 0.05394458 0.05388693 0.05392418 0.05406454 0.05433591 0.05474301 0.05525575 0.05593804 0.05674339 0.05752074 0.05817653 0.05889946 0.05924450 0.05952783 0.05955921 0.05937872 0.05911756 0.05885066 0.05858343 0.05828119 0.05804860 0.05777938 0.05744880 0.05715757
0.06328386 0.06275069 0.06234576 0.06192110 0.06132945 0.06100156 0.06066634 0.06034253 0.06010559 0.05999611 0.06007052 0.06019477 0.06043463 0.06084876 0.06142521 0.06205492 0.06291382 0.06363697 0.06440519 0.06501164 0.06547312 0.06567073 0.06568223 0.06571041 0.06534310 0.06516330 0.06477613 0.06455505 0.06425081 0.06418190 0.06390147 0.06356195
0.07719895 0.07695059 0.07656613 0.07602139 0.07546037 0.07501655 0.07455011 0.07439426 0.07404783 0.07374842 0.07383403 0.07377708 0.07405336 0.07446415 0.07503653 0.07591551 0.07645878 0.07711972 0.07795376 0.07853202 0.07908376 0.07933548 0.07915626 0.07919014 0.07903923 0.07853880 0.07857753 0.07837401 0.07821224 0.07785743 0.07780434 0.07705615
0.10170199 0.10102172 0.10114619 0.10040551 0.10004263 0.09964943 0.09901566 0.09857744 0.09845983 0.09798065 0.09782868 0.09794529 0.09804713 0.09842221 0.09884164 0.09964495 0.09998938 0.10099450 0.10125773 0.10203906 0.10260678 0.10294554 0.10299178 0.10292406 0.10255932 0.10281153 0.10247633 0.10231282 0.10199371 0.10180247 0.10185253 0.10206444
0.13831605 0.13911202 0.13757977 0.13781647 0.13789249 0.13715284 0.13654488 0.13629209 0.13671039 0.13524519 0.13490860 0.13526723 0.13439280 0.13631267 0.13584046 0.13652222 0.13640038 0.13797144 0.13846380 0.13933921 0.13991759 0.13989036 0.13975066 0.14023659 0.14006312 0.13978079 0.13957913 0.13933689 0.13970423 0.13923417 0.13891892 0.13930059
0.19201540 0.19006496 0.19126713 0.19163652 0.18978639 0.19008203 0.18943782 0.18924079 0.18822258 0.18891981 0.18724145 0.18902519 0.18733901 0.18850260 0.18796750 0.18795287 0.18992999 0.19074341 0.19184763 0.19160089 0.19134525 0.19235580 0.19165716 0.19206075 0.19213937 0.19217823 0.19092238 0.19143774 0.19164408 0.19115444 0.19213961 0.19058756
0.25919466 0.25913657 0.25907225 0.26039180 0.26102982 0.25798900 0.25851267 0.25702446 0.25722314 0.25671380 0.25529033 0.25537406 0.25463413 0.25770321 0.25671904 0.25989616 0.25707655 0.25961301 0.26008895 0.25914081 0.26038468 0.25989722 0.25772580 0.26246806 0.26040844 0.25862216 0.25965085 0.25929439 0.26067159 0.25900994 0.26077281 0.25941727
0.34099596 0.34075080 0.33904289 0.34162329 0.33880083 0.33776785 0.33741743 0.33833715 0.33807556 0.33744890 0.33720584 0.33821508 0.33473856 0.33792201 0.34055754 0.33953904 0.33986804 0.33821042 0.33979508 0.34040591 0.34006505 0.34261144 0.33914535 0.34099757 0.33707046 0.34003333 0.33893664 0.33813325 0.33916196 0.33954372 0.33830286 0.34014409
0.42357839 0.42746520 0.42882224 0.42197458 0.42963864 0.41950157 0.42520976 0.42381046 0.42456602 0.42446495 0.42129691 0.42575799 0.42445734 0.42513107 0.42381657 0.42605191 0.42447703 0.42076144 0.42828626 0.42965065 0.42694862 0.42720014 0.42575482 0.43061890 0.42739872 0.42397023 0.42500077 0.42738808 0.42458703 0.42566220 0.42666291 0.42294347
0.50535135 0.50979811 0.51270133 0.51364009 0.50903670 0.50563428 0.50580087 0.50942659 0.50923453 0.50296656 0.50559718 0.50424464 0.51145533 0.51316420 0.51709118 0.50613358 0.51093215 0.50994506 0.50736231 0.51217094 0.50860283 0.50651588 0.51168664 0.51047208 0.51060980 0.50833867 0.51351292 0.50785807 0.50831602 0.50834910 0.51096292 0.51236645
0.57301664 0.57833400 0.57706901 0.57910603 0.57914748 0.57536991 0.57682429 0.57668385 0.57506591 0.57683598 0.57649696 0.57117133 0.57862831 0.57946923 0.58013126 0.57650149 0.57468247 0.57965055 0.57289124 0.57092446 0.58112509 0.58281026 0.57856514 0.58442521 0.57502534 0.57320519 0.57988860 0.58473775 0.58278592 0.57643069 0.57036727 0.57438654
0.62349070 0.61680354 0.62884303 0.61902401 0.62101607 0.62195468 0.61790975 0.61459031 0.61735116 0.61769035 0.61884535 0.61716054 0.61602426 0.61652008 0.62055441 0.62425089 0.62009756 0.62162168 0.61466138 0.61704286 0.62416124 0.62225507 0.61720590 0.62757856 0.62197734 0.62051730 0.61892068 0.62222397 0.61677554 0.62405021 0.62241566 0.61803476
0.62788203 0.63185187 0.62957327 0.62930432 0.62790449 0.62468623 0.62648850 0.62610774 0.62460009 0.62568134 0.62734989 0.62812346 0.62803176 0.62920791 0.62771581 0.62995359 0.63149894 0.63159105 0.62927987 0.63217342 0.63173748 0.63082000 0.63204872 0.63274946 0.63241113 0.63261862 0.63222894 0.63368913 0.62988802 0.63085824 0.63204137 0.62866862
0.60609436 0.60716268 0.60669656 0.60181973 0.59957376 0.59408049 0.59485291 0.59984677 0.59823819 0.60127588 0.60022431 0.60044119 0.60130360 0.60941891 0.60612456 0.60792688 0.60693459 0.60235103 0.61183431 0.61277010 0.60684051 0.61646998 0.60892559 0.60136975 0.61684595 0.60619153 0.59983329 0.60370706 0.60987167 0.61095562 0.61205774 0.60740437
0.55662526 0.55298552 0.55723596 0.55247771 0.54383999 0.55130881 0.54301754 0.54331344 0.54626819 0.54109588 0.54423457 0.55151267 0.55609065 0.55781280 0.55788784 0.54934167 0.56051450 0.54806569 0.56385197 0.55273867 0.55588172 0.55359574 0.55021177 0.55827965 0.55329190 0.56318784 0.55923831 0.55322857 0.55781093 0.55494650 0.55288877 0.55263688
0.48421375 0.47623785 0.47571929 0.47737664 0.46867267 0.47037215 0.47323805 0.47424479 0.47768399 0.47487121 0.47453765 0.47048548 0.47513978 0.47602238 0.48441109 0.47824214 0.47563327 0.47819149 0.47558750 0.48173329 0.47997542 0.47619101 0.47796940 0.47992896 0.47775093 0.48094441 0.48130001 0.47868873 0.48162578 0.48396368 0.48080058 0.48092056
0.39358130 0.39486289 0.39003710 0.38518929 0.38570294 0.38911261 0.38662575 0.38591113 0.38384549 0.38407083 0.38723365 0.38836681 0.39095002 0.39285523 0.39217614 0.39269654 0.39080144 0.39300894 0.38872785 0.39026698 0.39576340 0.39215627 0.39179078 0.39333926 0.39584464 0.39563478 0.39387283 0.39708368 0.39250806 0.39287296 0.39078940 0.39630509
0.30710256 0.30654886 0.30551315 0.30472119 0.30471755 0.30179202 0.30072981 0.30192504 0.30145486 0.30346133 0.30443498 0.30645858 0.30348561 0.30807220 0.30656523 0.30693239 0.30827958 0.30844600 0.30636858 0.30874101 0.30878996 0.30885070 0.31037703 0.31038813 0.30901247 0.30888431 0.30953580 0.30663951 0.30632476 0.31126527 0.31259281 0.30683962
0.23202821 0.23174075 0.22993343 0.22953632 0.22768634 0.22781040 0.22554739 0.22850775 0.22842983 0.22942489 0.22965429 0.22941827 0.22959776 0.23171207 0.23073094 0.22995643 0.23134987 0.23143112 0.23236972 0.23205454 0.23244004 0.23306704 0.23245013 0.23366861 0.23168311 0.23393005 0.23287858 0.23472095 0.23455728 0.23457174 0.23252893 0.23227369
0.17120293 0.17052556 0.16924861 0.16821898 0.16727010 0.16558617 0.16650846 0.16594194 0.16634066 0.16675866 0.16784303 0.16879021 0.16913662 0.16971760 0.17002202 0.17024574 0.16945295 0.17040797 0.17017122 0.17028173 0.17110662 0.17018073 0.17176989 0.17121746 0.17152164 0.17100663 0.17196475 0.17274110 0.17236435 0.17243774 0.17277530 0.17129935
0.12485037 0.12400715 0.12295043 0.12131369 0.12133639 0.12043814 0.12072451 0.12095241 0.12147787 0.12192602 0.12257913 0.12242949 0.12351220 0.12386000 0.12428559 0.12332587 0.12400931 0.12390069 0.12408967 0.12435787 0.12441944 0.12417175 0.12500753 0.12524999 0.12528849 0.12551848 0.12634184 0.12618600 0.12686583 0.12657772 0.12618460 0.12600395
0.09303040 0.09223010 0.09148401 0.09047657 0.09007060 0.08967942 0.08967890 0.08992428 0.09064251 0.09112759 0.09152491 0.09210942 0.09204801 0.09250016 0.09242886 0.09239200 0.09251008 0.09262064 0.09298030 0.09277697 0.09323846 0.09321967 0.09339102 0.09348646 0.09323216 0.09355204 0.09403180 0.09449579 0.09491168 0.09472916 0.09374857 0.09376414
0.07349924 0.07266386 0.07196671 0.07118777 0.07054421 0.07027207 0.07049289 0.07086900 0.07138939 0.07198334 0.07240689 0.07270254 0.07302006 0.07299045 0.07308083 0.07305036 0.07324378 0.07328858 0.07333756 0.07367092 0.07375512 0.07376019 0.07371055 0.07370446 0.07389309 0.07387459 0.07417897 0.07433449 0.07467118 0.07469931 0.07455265 0.07414512
0.06267406 0.06195123 0.06133214 0.06059111 0.06024077 0.06003769 0.06020950 0.06062027 0.06105623 0.06174904 0.06207716 0.06239423 0.06261977 0.06261572 0.06263771 0.06269749 0.06282664 0.06295570 0.06309243 0.06326082 0.06335815 0.06331336 0.06331312 0.06329514 0.06329381 0.06329937 0.06341556 0.06365261 0.06373409 0.06390144 0.06372077 0.06325336
0.05800939 0.05733109 0.05672121 0.05615245 0.05580107 0.05573521 0.05588084 0.05621589 0.05675140 0.05724012 0.05752588 0.05787514 0.05810317 0.05806758 0.05822776 0.05828425 0.05848386 0.05874545 0.05896244 0.05915754 0.05927273 0.05929830 0.05916508 0.05913933 0.05905048 0.05897985 0.05904822 0.05913637 0.05923740 0.05920776 0.05899874 0.05856111
0.05657930 0.05588838 0.05541243 0.05473156 0.05458667 0.05447738 0.05457580 0.05493536 0.05544263 0.05573399 0.05613341 0.05654839 0.05657000 0.05673003 0.05689036 0.05708460 0.05744755 0.05769863 0.05803348 0.05830231 0.05842638 0.05832986 0.05833258 0.05812968 0.05807908 0.05799018 0.05798170 0.05797517 0.05778371 0.05783129 0.05756552 0.05712736
0.05625932 0.05564542 0.05505804 0.05453282 0.05426509 0.05418570 0.05430079 0.05460994 0.05493215 0.05547428 0.05558059 0.05592067 0.05599048 0.05621468 0.05647145 0.05670166 0.05692166 0.05752862 0.05793761 0.05828400 0.05847467 0.05852129 0.05848349 0.05811407 0.05808355 0.05797005 0.05783394 0.05784880 0.05779854 0.05761055 0.05728893 0.05681012
