32 32 0.050649 1.2037
0.05390184 0.05326364 0.05283966 0.05230941 0.05195340 0.05177652 0.05174232 0.05161860 0.05171227 0.05183559 0.05195269 0.05207030 0.05213854 0.05245687 0.05274765 0.05314965 0.05362851 0.05434100 0.05495812 0.05548366 0.05573002 0.05579914 0.05592891 0.05592380 0.05579770 0.05571557 0.05556680 0.05544185 0.05534496 0.05515926 0.05483897 0.05440791
0.05369529 0.05312513 0.05259520 0.05205894 0.05168405 0.05152725 0.05138937 0.05116082 0.05122983 0.05141566 0.05168315 0.05167808 0.05170131 0.05189848 0.05233280 0.05283763 0.05350757 0.05415400 0.05470881 0.05541210 0.05581283 0.05591220 0.05605460 0.05597134 0.05578049 0.05578162 0.05557137 0.05540677 0.05519416 0.05498001 0.05465058 0.05419655
0.05346773 0.05289980 0.05237443 0.05201337 0.05154731 0.05116506 0.05109259 0.05064898 0.05094670 0.05087855 0.05101244 0.05095953 0.05119227 0.05146233 0.05185882 0.05232842 0.05306426 0.05363263 0.05451725 0.05516392 0.05554399 0.05588956 0.05597446 0.05587802 0.05572489 0.05565771 0.05539839 0.05524372 0.05502876 0.05468264 0.05443021 0.05391719
0.05333616 0.05279076 0.05229408 0.05184449 0.05134440 0.05113967 0.05091812 0.05080945 0.05066798 0.05065668 0.05066378 0.05065178 0.05080551 0.05109441 0.05148749 0.05217535 0.05285731 0.05358803 0.05435103 0.05523652 0.05554518 0.05581587 0.05590464 0.05579883 0.05563910 0.05550766 0.05526044 0.05507439 0.05489947 0.05458838 0.05423880 0.05382581
0.05453593 0.05400600 0.05353600 0.05303252 0.05263938 0.05235023 0.05207915 0.05186504 0.05172318 0.05165075 0.05163369 0.05160850 0.05176948 0.05197319 0.05245411 0.05308563 0.05383161 0.05465868 0.05535565 0.05607094 0.05663171 0.05678530 0.05697824 0.05683185 0.05664175 0.05647855 0.05625883 0.05597496 0.05573909 0.05553254 0.05518863 0.05478452
0.05987986 0.05945107 0.05902732 0.05853769 0.05826192 0.05795916 0.05758549 0.05736960 0.05713841 0.05691244 0.05691635 0.05695724 0.05707373 0.05735993 0.05778935 0.05833758 0.05911715 0.05988176 0.06057721 0.06129117 0.06174458 0.06205690 0.06210434 0.06207582 0.06185057 0.06159298 0.06142593 0.06113930 0.06084451 0.06061258 0.06039997 0.06024963
0.07435582 0.07387249 0.07354012 0.07316232 0.07264079 0.07240281 0.07198359 0.07162501 0.07138739 0.07129353 0.07119298 0.07124434 0.07137909 0.07158981 0.07208057 0.07268962 0.07350400 0.07393317 0.07476596 0.07534600 0.07585593 0.07602074 0.07593542 0.07617600 0.07578347 0.07568794 0.07515831 0.07508843 0.07486949 0.07497508 0.07476901 0.07441260
0.10334920 0.10342425 0.10315392 0.10265886 0.10206199 0.10166353 0.10115694 0.10136982 0.10079901 0.10027230 0.10055733 0.10029500 0.10051945 0.10085586 0.10136798 0.10225120 0.10241796 0.10274876 0.10357433 0.10403775 0.10457880 0.10471526 0.10439696 0.10454004 0.10436436 0.10377581 0.10399288 0.10397553 0.10379198 0.10346912 0.10375827 0.10294635
0.15373528 0.15335152 0.15356827 0.15267036 0.15236794 0.15230976 0.15155153 0.15108671 0.15131588 0.15059861 0.15039814 0.15060218 0.15055692 0.15085044 0.15096991 0.15176283 0.15144927 0.15260791 0.15225262 0.15281645 0.15356942 0.15385125 0.15360840 0.15350931 0.15284287 0.15338224 0.15343510 0.15316745 0.15269267 0.15278779 0.15324142 0.15396728
0.22857547 0.23054505 0.22800002 0.22897909 0.22988832 0.22886685 0.22821580 0.22828857 0.22969034 0.22710263 0.22651049 0.22724386 0.22529383 0.22900858 0.22719148 0.22774579 0.22643005 0.22887702 0.22864047 0.22991469 0.23030223 0.22976805 0.22905284 0.22975891 0.22972651 0.22921588 0.22896849 0.22881714 0.22989824 0.22940197 0.22904069 0.23021798
0.33785939 0.33425077 0.33705957 0.33830789 0.33473802 0.33641809 0.33576209 0.33606121 0.33443104 0.33655960 0.33318104 0.33683426 0.33346711 0.33523570 0.33354148 0.33269807 0.33595643 0.33640378 0.33739391 0.33639281 0.33498773 0.33651998 0.33467668 0.33530275 0.33539636 0.33563062 0.33335865 0.33465110 0.33586656 0.33511143 0.33741058 0.33449460
0.47465615 0.47433851 0.47560191 0.47822845 0.48032788 0.47477316 0.47593431 0.47351994 0.47508172 0.47360039 0.47074505 0.47173825 0.46918413 0.47575513 0.47327421 0.47846746 0.47192890 0.47604628 0.47608758 0.47315760 0.47471688 0.47318677 0.46818013 0.47843747 0.47349648 0.47008898 0.47301186 0.47263327 0.47582490 0.47310139 0.47712985 0.47429335
0.64105507 0.64170346 0.63708808 0.64370328 0.63845755 0.63671408 0.63460492 0.63707346 0.63835467 0.63612824 0.63790400 0.64042497 0.63137038 0.63862335 0.64291327 0.64096061 0.63852611 0.63315921 0.63729595 0.63771363 0.63530628 0.64045369 0.63193712 0.63674793 0.62699557 0.63448456 0.63310624 0.63280717 0.63475993 0.63739382 0.63397766 0.63723531
0.81237053 0.81583418 0.82019576 0.80609422 0.82311513 0.80265077 0.81581941 0.80831963 0.81209792 0.81510403 0.80827144 0.81695295 0.81667535 0.81383586 0.80886843 0.81454516 0.81224774 0.79889254 0.81594260 0.81744680 0.81123145 0.81035089 0.80364332 0.81707617 0.81020371 0.80436594 0.80674119 0.81245994 0.81225758 0.81231297 0.81642987 0.80712479
0.97658579 0.98603076 0.99633638 0.99752906 0.98701135 0.98026622 0.97993316 0.98576287 0.98897959 0.97399504 0.97875597 0.97700310 0.99508154 0.99423766 1.00548720 0.97218579 0.98456858 0.97950949 0.97569273 0.98761225 0.97251186 0.97085935 0.98255811 0.97946108 0.97999050 0.97265717 0.98746180 0.97842059 0.98011392 0.98073990 0.99013897 0.99143551
1.11883536 1.13165776 1.12247319 1.13356803 1.13214385 1.11573664 1.12513787 1.12457670 1.12145069 1.12574091 1.12680124 1.11460105 1.13085032 1.13261375 1.13219131 1.12083281 1.12093724 1.12127428 1.10739224 1.10444108 1.11738465 1.12888226 1.11435054 1.13806561 1.11146566 1.10173159 1.12687826 1.14045825 1.13558452 1.12911601 1.11047873 1.11650562
1.22878277 1.21496064 1.24186647 1.21936128 1.21951021 1.22251361 1.21270907 1.20281264 1.21197815 1.21296446 1.21819231 1.21418220 1.20996402 1.20462077 1.21850057 1.22312526 1.21241089 1.21453358 1.19588778 1.20385103 1.21318197 1.20983122 1.19828368 1.22593149 1.21245908 1.20778273 1.21052267 1.22168114 1.21058840 1.22644957 1.22357717 1.20654200
1.24709743 1.25382211 1.24794178 1.24713640 1.24421660 1.23524733 1.23729003 1.23652543 1.22981935 1.23510479 1.23682740 1.23820090 1.23872498 1.24236238 1.23664213 1.24152139 1.24195156 1.24310930 1.23183858 1.23745355 1.23592658 1.23482546 1.23526351 1.23604789 1.23931169 1.24099991 1.24230744 1.24740738 1.24315705 1.24796908 1.25438635 1.24165464
1.20876700 1.20603995 1.20585511 1.19538205 1.18749670 1.17813364 1.18068083 1.19186080 1.18913326 1.19349287 1.18989653 1.19160878 1.18637022 1.20249403 1.19576647 1.20148751 1.19556717 1.18636855 1.20464042 1.21024341 1.19294113 1.20671933 1.19461802 1.18744626 1.21466950 1.19427584 1.18250992 1.19752007 1.20447929 1.20809502 1.21669550 1.21131839
1.10639908 1.10341099 1.11067959 1.10057516 1.08443372 1.09569807 1.07599440 1.08670108 1.08451013 1.06969786 1.07599581 1.09303029 1.09925850 1.11081155 1.10526126 1.08667610 1.11953383 1.08397061 1.12001160 1.08949260 1.09885672 1.08763360 1.08691421 1.10260632 1.09064071 1.11747483 1.10946935 1.10321848 1.10849261 1.10370432 1.09785834 1.09877563
0.97047915 0.94711703 0.94993009 0.95160915 0.93185704 0.94024156 0.94283941 0.94935814 0.95516972 0.94517246 0.94598794 0.92947005 0.94210266 0.94881296 0.96819560 0.95194140 0.94292935 0.94801630 0.94047735 0.95122282 0.94270617 0.93391467 0.94026989 0.95099873 0.94090397 0.95458844 0.95367734 0.94663567 0.95633016 0.96559387 0.95880519 0.95740631
0.78169050 0.78483842 0.77746688 0.76218539 0.76459808 0.77268283 0.76980790 0.76781008 0.76101149 0.75775744 0.76490744 0.76797863 0.77356783 0.77586032 0.77609683 0.77608578 0.77018430 0.77347826 0.76284579 0.76427715 0.77806264 0.77182806 0.76923982 0.77453141 0.78200733 0.78197947 0.77704626 0.78638609 0.77715241 0.78030571 0.77338043 0.78586059
0.60182561 0.59906409 0.60077053 0.59799565 0.60075725 0.59405315 0.59155922 0.59243000 0.58927110 0.59511087 0.59457474 0.59868233 0.59118958 0.60175155 0.59895996 0.59966943 0.60192727 0.60057027 0.59572709 0.60143592 0.60053616 0.60185616 0.60431451 0.60451908 0.60170124 0.60221443 0.60436988 0.59853047 0.59647932 0.60952787 0.61369290 0.60081632
0.44424852 0.44484808 0.44139978 0.44216375 0.43793454 0.43886301 0.43328112 0.44000024 0.43817087 0.43927683 0.43880522 0.43741983 0.43710462 0.44129125 0.43949535 0.43679890 0.44059380 0.43989119 0.44216739 0.44095557 0.44147726 0.44282765 0.44144973 0.44492771 0.44077733 0.44579950 0.44459243 0.44873097 0.44788920 0.44866348 0.44406091 0.44431362
0.31428907 0.31357140 0.31192018 0.31059114 0.30923823 0.30526096 0.30770424 0.30515859 0.30558893 0.30511552 0.30622346 0.30820227 0.30820596 0.30914074 0.30972840 0.31017355 0.30854756 0.31009468 0.30979817 0.30972141 0.31112878 0.30927911 0.31309298 0.31220227 0.31335866 0.31233255 0.31449285 0.31644660 0.31561013 0.31541782 0.31640070 0.31380201
0.21318848 0.21235372 0.21108753 0.20803784 0.20890691 0.20706614 0.20751910 0.20744485 0.20777888 0.20727555 0.20788686 0.20666537 0.20859842 0.20930368 0.21003753 0.20788704 0.20963819 0.20922615 0.20944097 0.21008974 0.21039086 0.20963214 0.21188717 0.21270370 0.21302550 0.21370524 0.21568598 0.21481346 0.21620401 0.21583218 0.21499047 0.21527272
0.14266015 0.14175945 0.14087340 0.13949392 0.13919031 0.13841413 0.13806703 0.13806378 0.13853593 0.13874129 0.13882322 0.13894481 0.13855198 0.13925331 0.13912908 0.13904503 0.13946139 0.13965972 0.14044924 0.13992700 0.14115930 0.14123320 0.14185281 0.14227234 0.14196223 0.14273521 0.14382693 0.14465106 0.14536297 0.14487257 0.14342361 0.14347557
0.09799442 0.09707818 0.09626018 0.09539114 0.09442108 0.09360716 0.09385443 0.09399135 0.09420856 0.09445790 0.09489467 0.09455294 0.09488347 0.09460709 0.09494895 0.09495908 0.09541148 0.09554680 0.09570355 0.09643524 0.09673905 0.09682467 0.09702988 0.09720720 0.09780795 0.09772426 0.09847497 0.09859465 0.09930638 0.09919868 0.09905686 0.09870629
0.07217182 0.07147787 0.07077649 0.06997976 0.06947143 0.06903971 0.06903440 0.06912664 0.06929216 0.06966879 0.06969775 0.06990393 0.06999223 0.07002789 0.07015606 0.07017922 0.07053451 0.07079395 0.07106704 0.07134308 0.07165135 0.07172654 0.07194890 0.07211752 0.07231223 0.07242445 0.07261974 0.07301824 0.07316509 0.07347936 0.07335031 0.07285220
0.05992792 0.05925393 0.05865374 0.05802648 0.05765658 0.05743917 0.05737929 0.05742658 0.05770091 0.05787368 0.05796706 0.05810531 0.05814783 0.05815590 0.05837054 0.05852659 0.05883296 0.05931739 0.05971550 0.06005450 0.06030051 0.06045993 0.06047998 0.06057793 0.06059310 0.06057762 0.06074590 0.06093009 0.06105931 0.06108645 0.06094013 0.06048102
0.05536523 0.05477610 0.05420690 0.05357504 0.05335417 0.05315795 0.05309479 0.05318256 0.05339646 0.05345075 0.05360682 0.05383114 0.05378065 0.05395977 0.05416734 0.05449265 0.05499544 0.05540548 0.05587917 0.05628679 0.05653149 0.05659154 0.05663041 0.05654293 0.05659878 0.05653856 0.05658825 0.05663308 0.05651009 0.05656606 0.05629421 0.05588513
0.05415514 0.05358594 0.05300310 0.05253475 0.05217573 0.05198065 0.05194946 0.05201449 0.05212672 0.05242557 0.05233553 0.05252252 0.05255845 0.05277542 0.05308327 0.05343387 0.05384302 0.05452216 0.05510834 0.05553055 0.05585006 0.05603194 0.05605961 0.05573265 0.05578933 0.05570244 0.05561770 0.05563095 0.05563972 0.05542276 0.05516555 0.05466016
