32 32 0.049186 0.3823
0.05737170 0.05630362 0.05526799 0.05424012 0.05338619 0.05276921 0.05246811 0.05212762 0.05214167 0.05222244 0.05232478 0.05257879 0.05278403 0.05320083 0.05378128 0.05435789 0.05506620 0.05599748 0.05686757 0.05763877 0.05816227 0.05848360 0.05893249 0.05911559 0.05939065 0.05955011 0.05961985 0.05971184 0.05965045 0.05950786 0.05895967 0.05827474
0.05689481 0.05586367 0.05476980 0.05370150 0.05287888 0.05224753 0.05177981 0.05137555 0.05128162 0.05144759 0.05171354 0.05187792 0.05201676 0.05241579 0.05305819 0.05380779 0.05479217 0.05570767 0.05651270 0.05751742 0.05812390 0.05859528 0.05900008 0.05920085 0.05925930 0.05949688 0.05947905 0.05948818 0.05933888 0.05908151 0.05858075 0.05778002
0.05639419 0.05532949 0.05425259 0.05333771 0.05236362 0.05157914 0.05113753 0.05048892 0.05066557 0.05054159 0.05070391 0.05074951 0.05118352 0.05163470 0.05234503 0.05308668 0.05407558 0.05493733 0.05616142 0.05714242 0.05782398 0.05848918 0.05886505 0.05901184 0.05907923 0.05926325 0.05914790 0.05909819 0.05893903 0.05852477 0.05809192 0.05712728
0.05579502 0.05473823 0.05362089 0.05274082 0.05165892 0.05103794 0.05042611 0.05009786 0.04983242 0.04978770 0.04978991 0.04988907 0.05025107 0.05074134 0.05141181 0.05245966 0.05346394 0.05460396 0.05572068 0.05698431 0.05759300 0.05822627 0.05857808 0.05875362 0.05882640 0.05887981 0.05875820 0.05866579 0.05849704 0.05798966 0.05748961 0.05674158
0.05543117 0.05439480 0.05336586 0.05233250 0.05140598 0.05064463 0.05004956 0.04960242 0.04932172 0.04918646 0.04920793 0.04926897 0.04963029 0.05013043 0.05089908 0.05186468 0.05301029 0.05425579 0.05540276 0.05648987 0.05748886 0.05799044 0.05844683 0.05867187 0.05872809 0.05872122 0.05862786 0.05852351 0.05815484 0.05771931 0.05710038 0.05627690
0.05634395 0.05538698 0.05431905 0.05321337 0.05238734 0.05160711 0.05090838 0.05045597 0.05010212 0.04987429 0.04978018 0.04996465 0.05025353 0.05081957 0.05158249 0.05255798 0.05373963 0.05494909 0.05611163 0.05730664 0.05814729 0.05889024 0.05936681 0.05953400 0.05963350 0.05960832 0.05950821 0.05925335 0.05893094 0.05853800 0.05794256 0.05724693
0.06017375 0.05912399 0.05822512 0.05721810 0.05620876 0.05543446 0.05475242 0.05414671 0.05371866 0.05336195 0.05338506 0.05348740 0.05377562 0.05433551 0.05511320 0.05605448 0.05727410 0.05843061 0.05967980 0.06077405 0.06172558 0.06239067 0.06283945 0.06322402 0.06324716 0.06329152 0.06307251 0.06289380 0.06247296 0.06225399 0.06169418 0.06098677
0.06876159 0.06798077 0.06703192 0.06605192 0.06504371 0.06421117 0.06340930 0.06292040 0.06241863 0.06197587 0.06198121 0.06188943 0.06213881 0.06265925 0.06342613 0.06454325 0.06547411 0.06665751 0.06781772 0.06892024 0.06991420 0.07057507 0.07095474 0.07133987 0.07152608 0.07135036 0.07148869 0.07133522 0.07115388 0.07058534 0.07021159 0.06915036
0.08416827 0.08290425 0.08253750 0.08143478 0.08059191 0.07978016 0.07888905 0.07816392 0.07779892 0.07725066 0.07699947 0.07702523 0.07713813 0.07760554 0.07822555 0.07922623 0.07996594 0.08130458 0.08205784 0.08328585 0.08427682 0.08502888 0.08555147 0.08589113 0.08601963 0.08638079 0.08612013 0.08614841 0.08585134 0.08554202 0.08523124 0.08486625
0.10729185 0.10727205 0.10571797 0.10520363 0.10462821 0.10362094 0.10269563 0.10214206 0.10208016 0.10087340 0.10047311 0.10066220 0.10003526 0.10146801 0.10146635 0.10233680 0.10274291 0.10428907 0.10526440 0.10630016 0.10720559 0.10775273 0.10820146 0.10892047 0.10910316 0.10925978 0.10934321 0.10928314 0.10949568 0.10904738 0.10859458 0.10845979
0.14159334 0.13977518 0.13999288 0.13957529 0.13793964 0.13744248 0.13654114 0.13597124 0.13496333 0.13507634 0.13380354 0.13485501 0.13371554 0.13451328 0.13441044 0.13476480 0.13641563 0.13745662 0.13851347 0.13891922 0.13931177 0.14041209 0.14051126 0.14120744 0.14164546 0.14209366 0.14165236 0.14215312 0.14231439 0.14200666 0.14243402 0.14114334
0.18470366 0.18421275 0.18347342 0.18367618 0.18341408 0.18094216 0.18082411 0.17944970 0.17912512 0.17855664 0.17741222 0.17719162 0.17668645 0.17861883 0.17817055 0.18040522 0.17898558 0.18094149 0.18166877 0.18148226 0.18272776 0.18290398 0.18216586 0.18536080 0.18475570 0.18421212 0.18517758 0.18532345 0.18637698 0.18539730 0.18635763 0.18532803
0.23747123 0.23669541 0.23513276 0.23592500 0.23351943 0.23228330 0.23179475 0.23189261 0.23117260 0.23059159 0.22990904 0.23023489 0.22816620 0.23001573 0.23175964 0.23131091 0.23188281 0.23120504 0.23240669 0.23313890 0.23342305 0.23546080 0.23390799 0.23551859 0.23398107 0.23630908 0.23615694 0.23604909 0.23708672 0.23726946 0.23659361 0.23759260
0.29080521 0.29314759 0.29320610 0.28817651 0.29221534 0.28517422 0.28814947 0.28726811 0.28715922 0.28638085 0.28418219 0.28678115 0.28554101 0.28636205 0.28578285 0.28713643 0.28624013 0.28449686 0.28929024 0.29044547 0.28923087 0.28997284 0.28999138 0.29345855 0.29220170 0.29076627 0.29215615 0.29422347 0.29219775 0.29340957 0.29379138 0.29135716
0.34468059 0.34662475 0.34711970 0.34700875 0.34352407 0.34067163 0.34029269 0.34241802 0.34144447 0.33741763 0.33887925 0.33768498 0.34161491 0.34323494 0.34539459 0.33971015 0.34264222 0.34245314 0.34092360 0.34402028 0.34292344 0.34187198 0.34558763 0.34567951 0.34667063 0.34646124 0.35017561 0.34705589 0.34774989 0.34790408 0.34894794 0.34971800
0.38918316 0.39110742 0.38961788 0.38945027 0.38922934 0.38700783 0.38667901 0.38612490 0.38460481 0.38579395 0.38498697 0.38113203 0.38612298 0.38657999 0.38724971 0.38559956 0.38427404 0.38840611 0.38480776 0.38329136 0.39132784 0.39198228 0.39071742 0.39361294 0.39001242 0.39081571 0.39441042 0.39794164 0.39737965 0.39217842 0.38900770 0.39114146
0.42207469 0.41609482 0.42285824 0.41574328 0.41730838 0.41636974 0.41343501 0.41116237 0.41212855 0.41190823 0.41232991 0.41157472 0.41098333 0.41180298 0.41427958 0.41744337 0.41520175 0.41653512 0.41323489 0.41313552 0.42035847 0.41953806 0.41664605 0.42443192 0.42185713 0.42224577 0.42120955 0.42436350 0.42013321 0.42497041 0.42347754 0.42043985
0.42582946 0.42655518 0.42385466 0.42266996 0.42129694 0.41868447 0.41905773 0.41814111 0.41752654 0.41837641 0.41888909 0.41944496 0.41977895 0.42082454 0.42062198 0.42217812 0.42363035 0.42441866 0.42420202 0.42634237 0.42683412 0.42700712 0.42884626 0.43005255 0.43063386 0.43121512 0.43147801 0.43149063 0.43054476 0.43051255 0.43040752 0.42778522
0.41108793 0.41125276 0.40969105 0.40491251 0.40305246 0.39897886 0.39859684 0.40142063 0.40026872 0.40200432 0.40154496 0.40218134 0.40398330 0.40959621 0.40801881 0.40931083 0.40967518 0.40690185 0.41344951 0.41438717 0.41187345 0.41971361 0.41522207 0.40976300 0.42121062 0.41560865 0.41228467 0.41430995 0.41898691 0.41911036 0.41807041 0.41376911
0.38020346 0.37601949 0.37739822 0.37341675 0.36676951 0.37131176 0.36580459 0.36490632 0.36727676 0.36476084 0.36675803 0.37163699 0.37525472 0.37607306 0.37733795 0.37264958 0.37957440 0.37295314 0.38328502 0.37743299 0.37961006 0.37984152 0.37787241 0.38402223 0.38189184 0.38835053 0.38633189 0.38188322 0.38522034 0.38269238 0.38055273 0.37898775
0.33260729 0.32683121 0.32488207 0.32502856 0.31897958 0.31878614 0.32052310 0.32052030 0.32286777 0.32144564 0.32137856 0.31995365 0.32321590 0.32395122 0.33004321 0.32687955 0.32599244 0.32824997 0.32726685 0.33212024 0.33213621 0.33029565 0.33200068 0.33347307 0.33344161 0.33544083 0.33629514 0.33494144 0.33623105 0.33661591 0.33366242 0.33257656
0.27462047 0.27412957 0.26960662 0.26593556 0.26543422 0.26695655 0.26478331 0.26413758 0.26308337 0.26357386 0.26583364 0.26693896 0.26907048 0.27103231 0.27107505 0.27208719 0.27154686 0.27366733 0.27139874 0.27319438 0.27732645 0.27539761 0.27600763 0.27758679 0.27971705 0.28014081 0.27948850 0.28135600 0.27814239 0.27757016 0.27564499 0.27781538
0.21890330 0.21753109 0.21559456 0.21416966 0.21320873 0.21089537 0.20986763 0.21064491 0.21037191 0.21169724 0.21275948 0.21440808 0.21300496 0.21640871 0.21595836 0.21668641 0.21814399 0.21887396 0.21797291 0.22006728 0.22068437 0.22122905 0.22297149 0.22361040 0.22331371 0.22367521 0.22438016 0.22251831 0.22226190 0.22475442 0.22474791 0.21990008
0.17055183 0.16927054 0.16709605 0.16595060 0.16408430 0.16364024 0.16189817 0.16355212 0.16356269 0.16434364 0.16475553 0.16495173 0.16544294 0.16722287 0.16695645 0.16697844 0.16822478 0.16878512 0.16980096 0.17011431 0.17086975 0.17183999 0.17204298 0.17336625 0.17269497 0.17463059 0.17417290 0.17554929 0.17532489 0.17482307 0.17282396 0.17175297
0.13146801 0.13001146 0.12832857 0.12681147 0.12555306 0.12406507 0.12425175 0.12374843 0.12396445 0.12425404 0.12525821 0.12601047 0.12654615 0.12725433 0.12778626 0.12829980 0.12808390 0.12910374 0.12933356 0.12980811 0.13087013 0.13069054 0.13230442 0.13244457 0.13314147 0.13329942 0.13433017 0.13499864 0.13472815 0.13448841 0.13415601 0.13240677
0.10173906 0.10034106 0.09883343 0.09707000 0.09636607 0.09532018 0.09518061 0.09512145 0.09539708 0.09571774 0.09623774 0.09626101 0.09722181 0.09769628 0.09823771 0.09794788 0.09862827 0.09887874 0.09937508 0.09991964 0.10033462 0.10066468 0.10167613 0.10235350 0.10285975 0.10347945 0.10445604 0.10461685 0.10510631 0.10471861 0.10405668 0.10320815
0.08135485 0.08007203 0.07885120 0.07739874 0.07655354 0.07582717 0.07550195 0.07546662 0.07576246 0.07605490 0.07634061 0.07690907 0.07698450 0.07749563 0.07765911 0.07789339 0.07821144 0.07862430 0.07916807 0.07942264 0.08009887 0.08047293 0.08106174 0.08156049 0.08185858 0.08260528 0.08325207 0.08388347 0.08420812 0.08403898 0.08291734 0.08248755
0.06888289 0.06759303 0.06642111 0.06522297 0.06416704 0.06351687 0.06331400 0.06334776 0.06356663 0.06389146 0.06418932 0.06443690 0.06476293 0.06489689 0.06517997 0.06537849 0.06581351 0.06616450 0.06648744 0.06708606 0.06753709 0.06790372 0.06830632 0.06872262 0.06929871 0.06971972 0.07026688 0.07072024 0.07103772 0.07105648 0.07066067 0.06992114
0.06197617 0.06080399 0.05970275 0.05850292 0.05768868 0.05704386 0.05679047 0.05680118 0.05688957 0.05735295 0.05752358 0.05779319 0.05808807 0.05822132 0.05843140 0.05873441 0.05910367 0.05952437 0.05994747 0.06039896 0.06084418 0.06115180 0.06156306 0.06195135 0.06236254 0.06278640 0.06322059 0.06367025 0.06386360 0.06397440 0.06364212 0.06289674
0.05901395 0.05792432 0.05681204 0.05568408 0.05490711 0.05441528 0.05408540 0.05399901 0.05421621 0.05445688 0.05457162 0.05490636 0.05514305 0.05527913 0.05560027 0.05591771 0.05637317 0.05691989 0.05742427 0.05793331 0.05838463 0.05875576 0.05898516 0.05936818 0.05969602 0.06003785 0.06042826 0.06075136 0.06102638 0.06094750 0.06068412 0.05993248
0.05807440 0.05692631 0.05594336 0.05475769 0.05409322 0.05352713 0.05319707 0.05312303 0.05330472 0.05332224 0.05357643 0.05394635 0.05401688 0.05434736 0.05469684 0.05515225 0.05580366 0.05632433 0.05698086 0.05760597 0.05805605 0.05834094 0.05870979 0.05892421 0.05923288 0.05950086 0.05980985 0.06003538 0.06004741 0.06008479 0.05965923 0.05895744
0.05770028 0.05665615 0.05554253 0.05456390 0.05372933 0.05315708 0.05279703 0.05270935 0.05271123 0.05301061 0.05297986 0.05327399 0.05340048 0.05378020 0.05426477 0.05474745 0.05546704 0.05621491 0.05694842 0.05767210 0.05821835 0.05860089 0.05896546 0.05903812 0.05930599 0.05953097 0.05969506 0.05995668 0.06006791 0.05979604 0.05940371 0.05863029
