32 32 0.054274 0.0013579
0.05528261 0.05526885 0.05533163 0.05531604 0.05527431 0.05522988 0.05525696 0.05524494 0.05525899 0.05528353 0.05528122 0.05529593 0.05529928 0.05517896 0.05522826 0.05526607 0.05519986 0.05508963 0.05503277 0.05498000 0.05495265 0.05474255 0.05496830 0.05497526 0.05502700 0.05506816 0.05505542 0.05510069 0.05518212 0.05526268 0.05523414 0.05526216
0.05533444 0.05533930 0.05533230 0.05525798 0.05520394 0.05525005 0.05520623 0.05514735 0.05501637 0.05514015 0.05526127 0.05520536 0.05517314 0.05513701 0.05515348 0.05515151 0.05513454 0.05509620 0.05497710 0.05500465 0.05497556 0.05499347 0.05501008 0.05504595 0.05502125 0.05512165 0.05512563 0.05515305 0.05517642 0.05522965 0.05526244 0.05531890
0.05533805 0.05534728 0.05536448 0.05541100 0.05529181 0.05521133 0.05516132 0.05490916 0.05507044 0.05498047 0.05506888 0.05507201 0.05510203 0.05509768 0.05513616 0.05499894 0.05506649 0.05483048 0.05504731 0.05502385 0.05503047 0.05503879 0.05506417 0.05506270 0.05507971 0.05514326 0.05511742 0.05514628 0.05516695 0.05518904 0.05532582 0.05517759
0.05537191 0.05531177 0.05537397 0.05531951 0.05530972 0.05521016 0.05511807 0.05497762 0.05496308 0.05495826 0.05489465 0.05493809 0.05498523 0.05501660 0.05481977 0.05499062 0.05504163 0.05494844 0.05502955 0.05503890 0.05508200 0.05508848 0.05511826 0.05508641 0.05511062 0.05511560 0.05513851 0.05516193 0.05519556 0.05523579 0.05527331 0.05531232
0.05540702 0.05540273 0.05537818 0.05531398 0.05518511 0.05510611 0.05502761 0.05492533 0.05484930 0.05482689 0.05485392 0.05478128 0.05492642 0.05489937 0.05498227 0.05501477 0.05499458 0.05504095 0.05504286 0.05506311 0.05512602 0.05509592 0.05512670 0.05512463 0.05512848 0.05515765 0.05513333 0.05523283 0.05518212 0.05520028 0.05525227 0.05530278
0.05535047 0.05536031 0.05533898 0.05523252 0.05518589 0.05516769 0.05494642 0.05478714 0.05483785 0.05473883 0.05475546 0.05483103 0.05482916 0.05489884 0.05495513 0.05497105 0.05505933 0.05507628 0.05508932 0.05512659 0.05507394 0.05515014 0.05518085 0.05518998 0.05511299 0.05514912 0.05513068 0.05507821 0.05515068 0.05527137 0.05526312 0.05539886
0.05532675 0.05529144 0.05533495 0.05521536 0.05510417 0.05502900 0.05489078 0.05481832 0.05469956 0.05467533 0.05466895 0.05472290 0.05477097 0.05486848 0.05491104 0.05493834 0.05504869 0.05508675 0.05509851 0.05513962 0.05514714 0.05516930 0.05515822 0.05513653 0.05512210 0.05515922 0.05509362 0.05514633 0.05515140 0.05524902 0.05526927 0.05530684
0.05533320 0.05531936 0.05531119 0.05522813 0.05508649 0.05497244 0.05482727 0.05473414 0.05471491 0.05468225 0.05471451 0.05470032 0.05473953 0.05486269 0.05489317 0.05491485 0.05501599 0.05506360 0.05509088 0.05512412 0.05507541 0.05512311 0.05513826 0.05515687 0.05512152 0.05515227 0.05514378 0.05508991 0.05520216 0.05525362 0.05530246 0.05529613
0.05540831 0.05525610 0.05526302 0.05514136 0.05515856 0.05495507 0.05482286 0.05472511 0.05470545 0.05465854 0.05468063 0.05471085 0.05471710 0.05483480 0.05489621 0.05494545 0.05495848 0.05503977 0.05503517 0.05507894 0.05509025 0.05510653 0.05508592 0.05509599 0.05512574 0.05509219 0.05502354 0.05514467 0.05521826 0.05523028 0.05527034 0.05527181
0.05519777 0.05520528 0.05520410 0.05512317 0.05509685 0.05491677 0.05484421 0.05474865 0.05469158 0.05468379 0.05468488 0.05477451 0.05468718 0.05477467 0.05486284 0.05492664 0.05495520 0.05498340 0.05513729 0.05496314 0.05497328 0.05505762 0.05499162 0.05502329 0.05499933 0.05503430 0.05504676 0.05509563 0.05517962 0.05521882 0.05523270 0.05527344
0.05522767 0.05531301 0.05517780 0.05508408 0.05516268 0.05492502 0.05484282 0.05478828 0.05473719 0.05487652 0.05473531 0.05475803 0.05477204 0.05478242 0.05486471 0.05491434 0.05491210 0.05489776 0.05489376 0.05489013 0.05497320 0.05489694 0.05489444 0.05490291 0.05491598 0.05495396 0.05499156 0.05503765 0.05510384 0.05518439 0.05521203 0.05515114
0.05520323 0.05518794 0.05516426 0.05504885 0.05500929 0.05488017 0.05487520 0.05484905 0.05484665 0.05483316 0.05482767 0.05488407 0.05484936 0.05484056 0.05487648 0.05494439 0.05487101 0.05486822 0.05489177 0.05482263 0.05478105 0.05479117 0.05487716 0.05478887 0.05486739 0.05491831 0.05491213 0.05500461 0.05496591 0.05514683 0.05510132 0.05522473
0.05514750 0.05513776 0.05509667 0.05493518 0.05498496 0.05494500 0.05494849 0.05496503 0.05493405 0.05490342 0.05493435 0.05496325 0.05494144 0.05491158 0.05480065 0.05488033 0.05484427 0.05486185 0.05477574 0.05472028 0.05470621 0.05472267 0.05469524 0.05472858 0.05474794 0.05482103 0.05492460 0.05501484 0.05505559 0.05513055 0.05517688 0.05515839
0.05515104 0.05507362 0.05507262 0.05502978 0.05503458 0.05501255 0.05500991 0.05502728 0.05500382 0.05499932 0.05498974 0.05503078 0.05500925 0.05492853 0.05495682 0.05481747 0.05479633 0.05473029 0.05469620 0.05456335 0.05461378 0.05461413 0.05459910 0.05471530 0.05474918 0.05482900 0.05491433 0.05500198 0.05511948 0.05515867 0.05521317 0.05517906
0.05516790 0.05511029 0.05508670 0.05503658 0.05500906 0.05499247 0.05500058 0.05504338 0.05508000 0.05507567 0.05509678 0.05509307 0.05502915 0.05491865 0.05494689 0.05480503 0.05476760 0.05472352 0.05462031 0.05456691 0.05455747 0.05454604 0.05457009 0.05464109 0.05473381 0.05481390 0.05499858 0.05508059 0.05517818 0.05522732 0.05525261 0.05522146
0.05518886 0.05513923 0.05509182 0.05501486 0.05502137 0.05503651 0.05499763 0.05504999 0.05510444 0.05514235 0.05512475 0.05507871 0.05514101 0.05501328 0.05496722 0.05484002 0.05469095 0.05462077 0.05454670 0.05450477 0.05446331 0.05448477 0.05456698 0.05467711 0.05474976 0.05493375 0.05506866 0.05516537 0.05530767 0.05529890 0.05527947 0.05532343
0.05525849 0.05509010 0.05514418 0.05501655 0.05489532 0.05493569 0.05503547 0.05504071 0.05507881 0.05512766 0.05510765 0.05514569 0.05511497 0.05501966 0.05490238 0.05474413 0.05467800 0.05458156 0.05445710 0.05445578 0.05442648 0.05443705 0.05452845 0.05475054 0.05477372 0.05494872 0.05512346 0.05527046 0.05538864 0.05543541 0.05540053 0.05538079
0.05523741 0.05516697 0.05499294 0.05493799 0.05490722 0.05488939 0.05493040 0.05499667 0.05498269 0.05508718 0.05511530 0.05513350 0.05508194 0.05500052 0.05489067 0.05472953 0.05464983 0.05452608 0.05442160 0.05434428 0.05438388 0.05444146 0.05449552 0.05458748 0.05481234 0.05501051 0.05510756 0.05536797 0.05544796 0.05549437 0.05548679 0.05545761
0.05528044 0.05517314 0.05496858 0.05487797 0.05482791 0.05475176 0.05478339 0.05489465 0.05493954 0.05500743 0.05508047 0.05514119 0.05507131 0.05490381 0.05485152 0.05470446 0.05457984 0.05446047 0.05434174 0.05427367 0.05432503 0.05442818 0.05448802 0.05460547 0.05482010 0.05502035 0.05521453 0.05540181 0.05550375 0.05552306 0.05555324 0.05543579
0.05518763 0.05501792 0.05490512 0.05475850 0.05468166 0.05465631 0.05467719 0.05471788 0.05486065 0.05499063 0.05492060 0.05504955 0.05505993 0.05500050 0.05487462 0.05465896 0.05448667 0.05445450 0.05432968 0.05430627 0.05430437 0.05434131 0.05441475 0.05461120 0.05483511 0.05496453 0.05529321 0.05540890 0.05549524 0.05555764 0.05552652 0.05537807
0.05517590 0.05494112 0.05474754 0.05462167 0.05449890 0.05456613 0.05458281 0.05465042 0.05471892 0.05482907 0.05491193 0.05502798 0.05495764 0.05492738 0.05488277 0.05476914 0.05455938 0.05443369 0.05433881 0.05428100 0.05431472 0.05440155 0.05446245 0.05460383 0.05479840 0.05505578 0.05519064 0.05541630 0.05554834 0.05552052 0.05552443 0.05531061
0.05505989 0.05487975 0.05466617 0.05433719 0.05447484 0.05449098 0.05447048 0.05461300 0.05471684 0.05481206 0.05494174 0.05502077 0.05502030 0.05498222 0.05487928 0.05473012 0.05459177 0.05447498 0.05434914 0.05434696 0.05430174 0.05441459 0.05444666 0.05459733 0.05483177 0.05499067 0.05516107 0.05531732 0.05542644 0.05542244 0.05563153 0.05528106
0.05493315 0.05472616 0.05457321 0.05447282 0.05438705 0.05438001 0.05447397 0.05458870 0.05468971 0.05484189 0.05500990 0.05503070 0.05506844 0.05507660 0.05493084 0.05483939 0.05472295 0.05452251 0.05449029 0.05433259 0.05440079 0.05444182 0.05445521 0.05467631 0.05478622 0.05495589 0.05513095 0.05525787 0.05528350 0.05540118 0.05532464 0.05514865
0.05490809 0.05472863 0.05455221 0.05450056 0.05439782 0.05440264 0.05447241 0.05459543 0.05474652 0.05493049 0.05505681 0.05513994 0.05515487 0.05513164 0.05512046 0.05490203 0.05487228 0.05474661 0.05465065 0.05452424 0.05451289 0.05452770 0.05458675 0.05465265 0.05478029 0.05499075 0.05514092 0.05531723 0.05525954 0.05527970 0.05517642 0.05510671
0.05487591 0.05466288 0.05452811 0.05442521 0.05444595 0.05454794 0.05455535 0.05474324 0.05481280 0.05500271 0.05522109 0.05518690 0.05529153 0.05529547 0.05524107 0.05514956 0.05494743 0.05488739 0.05481388 0.05467698 0.05463957 0.05461601 0.05460569 0.05469792 0.05479889 0.05491323 0.05504213 0.05510618 0.05516604 0.05518693 0.05512225 0.05495285
0.05482620 0.05470454 0.05463261 0.05460618 0.05451311 0.05455477 0.05466873 0.05478617 0.05497360 0.05510570 0.05522789 0.05537280 0.05542947 0.05541882 0.05543634 0.05524456 0.05517510 0.05502282 0.05498196 0.05481795 0.05471526 0.05471260 0.05469547 0.05471777 0.05478928 0.05489545 0.05492317 0.05513857 0.05518878 0.05515531 0.05513167 0.05499302
0.05485002 0.05474041 0.05469149 0.05464049 0.05464887 0.05467658 0.05478333 0.05485100 0.05506088 0.05509957 0.05537708 0.05546819 0.05543940 0.05551775 0.05545499 0.05546366 0.05523602 0.05515863 0.05505152 0.05488351 0.05480552 0.05473239 0.05475161 0.05474414 0.05483818 0.05492106 0.05503570 0.05504794 0.05512104 0.05512857 0.05508779 0.05493512
0.05494031 0.05486969 0.05480661 0.05477146 0.05473278 0.05476449 0.05491333 0.05505986 0.05513943 0.05529897 0.05535829 0.05548875 0.05555211 0.05551063 0.05551695 0.05541838 0.05541440 0.05522202 0.05505876 0.05497026 0.05492650 0.05481891 0.05479207 0.05481807 0.05485971 0.05495773 0.05497065 0.05509509 0.05509973 0.05513001 0.05507310 0.05501516
0.05501806 0.05493201 0.05496623 0.05487602 0.05493202 0.05493377 0.05501198 0.05510991 0.05518582 0.05531543 0.05542980 0.05547247 0.05559506 0.05556191 0.05556328 0.05541031 0.05534400 0.05522160 0.05508748 0.05499941 0.05492279 0.05480623 0.05483210 0.05485163 0.05490458 0.05494299 0.05494939 0.05509699 0.05514846 0.05512787 0.05512320 0.05512032
0.05510689 0.05498966 0.05505885 0.05495007 0.05502171 0.05502865 0.05509703 0.05518414 0.05531486 0.05534077 0.05543651 0.05552462 0.05549138 0.05550517 0.05544393 0.05540677 0.05539747 0.05520719 0.05510829 0.05502368 0.05492911 0.05485600 0.05480626 0.05491002 0.05492628 0.05496959 0.05503860 0.05507632 0.05514198 0.05515379 0.05511610 0.05513835
0.05517037 0.05514089 0.05520428 0.05497925 0.05510651 0.05514661 0.05521279 0.05524018 0.05539599 0.05532200 0.05542967 0.05536433 0.05544771 0.05545671 0.05543724 0.05534875 0.05536909 0.05518886 0.05506776 0.05500583 0.05495914 0.05489490 0.05488729 0.05490639 0.05502061 0.05502694 0.05507102 0.05511385 0.05498310 0.05516460 0.05517263 0.05517029
0.05522739 0.05524337 0.05525267 0.05524153 0.05519092 0.05524908 0.05519797 0.05526416 0.05528708 0.05529910 0.05528353 0.05542803 0.05536994 0.05533872 0.05534626 0.05524868 0.05527993 0.05512028 0.05506349 0.05502712 0.05495146 0.05494436 0.05500506 0.05492625 0.05499071 0.05504731 0.05513548 0.05512932 0.05519496 0.05522759 0.05525626 0.05522829
