32 32 0.051642 0.568
0.05610734 0.05539861 0.05481211 0.05417417 0.05376657 0.05354903 0.05350870 0.05344979 0.05363776 0.05383354 0.05397915 0.05412683 0.05420947 0.05446004 0.05473866 0.05505446 0.05547772 0.05608809 0.05666801 0.05717758 0.05743794 0.05754840 0.05779143 0.05776030 0.05780975 0.05779256 0.05771418 0.05767178 0.05763913 0.05747621 0.05711327 0.05660890
0.05578035 0.05513133 0.05447178 0.05388109 0.05341747 0.05317188 0.05303703 0.05287350 0.05298267 0.05322985 0.05352368 0.05361951 0.05360150 0.05377648 0.05415311 0.05456860 0.05518406 0.05575827 0.05624070 0.05694919 0.05728280 0.05749943 0.05771879 0.05771374 0.05762000 0.05771576 0.05761439 0.05750024 0.05736818 0.05719264 0.05686026 0.05632158
0.05539549 0.05471849 0.05409323 0.05359330 0.05306140 0.05267264 0.05256121 0.05216700 0.05251390 0.05251779 0.05266826 0.05263365 0.05290033 0.05314541 0.05356317 0.05396235 0.05453103 0.05497410 0.05586463 0.05648515 0.05682448 0.05725636 0.05741787 0.05739021 0.05733225 0.05741323 0.05723663 0.05715844 0.05703398 0.05672201 0.05645774 0.05579945
0.05490566 0.05426789 0.05364799 0.05315512 0.05249632 0.05225813 0.05204222 0.05191684 0.05185281 0.05193904 0.05194955 0.05198867 0.05217999 0.05243265 0.05276677 0.05338181 0.05397267 0.05468087 0.05537541 0.05623110 0.05651981 0.05684923 0.05698342 0.05699602 0.05695974 0.05695815 0.05684713 0.05673658 0.05662096 0.05624480 0.05593401 0.05550143
0.05486400 0.05428552 0.05368501 0.05306474 0.05261947 0.05223200 0.05195841 0.05177474 0.05167235 0.05164212 0.05170736 0.05173753 0.05192545 0.05216360 0.05256468 0.05313199 0.05381457 0.05453360 0.05521975 0.05585678 0.05644419 0.05664516 0.05696417 0.05697810 0.05694948 0.05687171 0.05681143 0.05672627 0.05647880 0.05621346 0.05582669 0.05529956
0.05674173 0.05622553 0.05562513 0.05499638 0.05459548 0.05422045 0.05385062 0.05364316 0.05348031 0.05337197 0.05335405 0.05347689 0.05363038 0.05391894 0.05433113 0.05484957 0.05552624 0.05621226 0.05688657 0.05755954 0.05806528 0.05848650 0.05870790 0.05885239 0.05877809 0.05871593 0.05863129 0.05840707 0.05817221 0.05796767 0.05759625 0.05725709
0.06305461 0.06244476 0.06200046 0.06148682 0.06085619 0.06048893 0.06013007 0.05977552 0.05956512 0.05942973 0.05947218 0.05956629 0.05972591 0.06002864 0.06044445 0.06091902 0.06165338 0.06221214 0.06293109 0.06357057 0.06415348 0.06450559 0.06470441 0.06502307 0.06493389 0.06496306 0.06467788 0.06460070 0.06434725 0.06424061 0.06389976 0.06340917
0.07657438 0.07623120 0.07574425 0.07513825 0.07453447 0.07411054 0.07359659 0.07350954 0.07319166 0.07290404 0.07306358 0.07292857 0.07311909 0.07341865 0.07383250 0.07453294 0.07488592 0.07541572 0.07615053 0.07674932 0.07740820 0.07782021 0.07790375 0.07819962 0.07833584 0.07814874 0.07824597 0.07813870 0.07797011 0.07756726 0.07742285 0.07659257
0.10035609 0.09952806 0.09960436 0.09879856 0.09840911 0.09800631 0.09741191 0.09702996 0.09700919 0.09656382 0.09643309 0.09653891 0.09657101 0.09682097 0.09705584 0.09767416 0.09775702 0.09865758 0.09882948 0.09956272 0.10030939 0.10083961 0.10115593 0.10139380 0.10132830 0.10177514 0.10161782 0.10152376 0.10115900 0.10090218 0.10083128 0.10084336
0.13596193 0.13654119 0.13494748 0.13512890 0.13517755 0.13442471 0.13384789 0.13370470 0.13415557 0.13284710 0.13255071 0.13297899 0.13196438 0.13373645 0.13307833 0.13352391 0.13320599 0.13459520 0.13502249 0.13587817 0.13662878 0.13677867 0.13695021 0.13769421 0.13788165 0.13781973 0.13779521 0.13762877 0.13796448 0.13736034 0.13689536 0.13709857
0.18816953 0.18611876 0.18714487 0.18740735 0.18562097 0.18588753 0.18530543 0.18519080 0.18431089 0.18512256 0.18351486 0.18523011 0.18354861 0.18451745 0.18380492 0.18358330 0.18523975 0.18581538 0.18681203 0.18662277 0.18652159 0.18778131 0.18742814 0.18817977 0.18857210 0.18891055 0.18783473 0.18835927 0.18854173 0.18793922 0.18868089 0.18699242
0.25355291 0.25331484 0.25305518 0.25430714 0.25487421 0.25191731 0.25252072 0.25115626 0.25145788 0.25105359 0.24971089 0.24978177 0.24898683 0.25175974 0.25059181 0.25336737 0.25045954 0.25273859 0.25312851 0.25220598 0.25358837 0.25341484 0.25164091 0.25666804 0.25505021 0.25362301 0.25479042 0.25450067 0.25581176 0.25401881 0.25555623 0.25395905
0.33323869 0.33283763 0.33100537 0.33338367 0.33060270 0.32958783 0.32937955 0.33031857 0.33019369 0.32964349 0.32944343 0.33033667 0.32691329 0.32974772 0.33199043 0.33079109 0.33086179 0.32909058 0.33047671 0.33114182 0.33102162 0.33384993 0.33084554 0.33308931 0.32966445 0.33290622 0.33203695 0.33134320 0.33229290 0.33248414 0.33109689 0.33268103
0.41371878 0.41735402 0.41852859 0.41174276 0.41915167 0.40930683 0.41490053 0.41362383 0.41443864 0.41435720 0.41133538 0.41553317 0.41407490 0.41457847 0.41307360 0.41486829 0.41302039 0.40924136 0.41645396 0.41786835 0.41550560 0.41610629 0.41517075 0.42038580 0.41768797 0.41474069 0.41594070 0.41836495 0.41555744 0.41647967 0.41722224 0.41331398
0.49353209 0.49768883 0.50023950 0.50107429 0.49654101 0.49315241 0.49339541 0.49706515 0.49689661 0.49084117 0.49334852 0.49191684 0.49868810 0.50011627 0.50352288 0.49281810 0.49711423 0.49602342 0.49345232 0.49814623 0.49505277 0.49340524 0.49890345 0.49822520 0.49885083 0.49704263 0.50229096 0.49687888 0.49729582 0.49720262 0.49946137 0.50068631
0.55954408 0.56453067 0.56318516 0.56495711 0.56499551 0.56149060 0.56274673 0.56266161 0.56110498 0.56281744 0.56241617 0.55698052 0.56386629 0.56459059 0.56490245 0.56119977 0.55911584 0.56389598 0.55770993 0.55520179 0.56541008 0.56775032 0.56422757 0.57025190 0.56176871 0.56057606 0.56718929 0.57195221 0.57022782 0.56345746 0.55760515 0.56111847
0.60884705 0.60199750 0.61393056 0.60398330 0.60593323 0.60681942 0.60290205 0.59961338 0.60230745 0.60264493 0.60354383 0.60168941 0.60034108 0.60061898 0.60406896 0.60765463 0.60344674 0.60484530 0.59867132 0.60068218 0.60797993 0.60655599 0.60226171 0.61336023 0.60784046 0.60679839 0.60532208 0.60874271 0.60319213 0.61031825 0.60844679 0.60385078
0.61334601 0.61699854 0.61443936 0.61412073 0.61267805 0.60939818 0.61133596 0.61090823 0.60937493 0.61022444 0.61187317 0.61241235 0.61206975 0.61298040 0.61131546 0.61327333 0.61465521 0.61483899 0.61302311 0.61573025 0.61577206 0.61540898 0.61712805 0.61827522 0.61833043 0.61880866 0.61872641 0.61963836 0.61618713 0.61698692 0.61751382 0.61435970
0.59204386 0.59293098 0.59232015 0.58734025 0.58516370 0.57993014 0.58036003 0.58544308 0.58378423 0.58656781 0.58545328 0.58531264 0.58609554 0.59376735 0.59035362 0.59199917 0.59111444 0.58684406 0.59606631 0.59724671 0.59194329 0.60173949 0.59491060 0.58779084 0.60342894 0.59333440 0.58744013 0.59101109 0.59696540 0.59790386 0.59860414 0.59366304
0.54397592 0.54017509 0.54424758 0.53945539 0.53100357 0.53830959 0.53026988 0.53055554 0.53317539 0.52816992 0.53114641 0.53788848 0.54211715 0.54344754 0.54354189 0.53525856 0.54588328 0.53422051 0.54956929 0.53930200 0.54265700 0.54095732 0.53803223 0.54626707 0.54173969 0.55153544 0.54781139 0.54179022 0.54624978 0.54315770 0.54090369 0.54033331
0.47328874 0.46545910 0.46478882 0.46633475 0.45797182 0.45948219 0.46230846 0.46318485 0.46642859 0.46363786 0.46312261 0.45907265 0.46341290 0.46409387 0.47221060 0.46619188 0.46379581 0.46645339 0.46421631 0.47052651 0.46918835 0.46589781 0.46791322 0.47006665 0.46822568 0.47140837 0.47179639 0.46918594 0.47188322 0.47397779 0.47054710 0.47044281
0.38507461 0.38617081 0.38140452 0.37674586 0.37715102 0.38050100 0.37804877 0.37726281 0.37525219 0.37531748 0.37822784 0.37917609 0.38153741 0.38329159 0.38260947 0.38315025 0.38148738 0.38384733 0.37991114 0.38167791 0.38731582 0.38410044 0.38403135 0.38574710 0.38829558 0.38813424 0.38646488 0.38950475 0.38487593 0.38501717 0.38284226 0.38798307
0.30079725 0.30019621 0.29912448 0.29835876 0.29828640 0.29549267 0.29442527 0.29559952 0.29496975 0.29687600 0.29764375 0.29945519 0.29645130 0.30085587 0.29939319 0.29978032 0.30125637 0.30166220 0.29987385 0.30241139 0.30269245 0.30299176 0.30472894 0.30487756 0.30359235 0.30347941 0.30406118 0.30110099 0.30067275 0.30536442 0.30649496 0.30071425
0.22762867 0.22731032 0.22548338 0.22514555 0.22333845 0.22346020 0.22123451 0.22410595 0.22391195 0.22477764 0.22484056 0.22448609 0.22454452 0.22655512 0.22560279 0.22494162 0.22644070 0.22672072 0.22780605 0.22775932 0.22832652 0.22910836 0.22865949 0.22993684 0.22802474 0.23023954 0.22916937 0.23086431 0.23059570 0.23047424 0.22837267 0.22797356
0.16835820 0.16756638 0.16639248 0.16539403 0.16442755 0.16284161 0.16374765 0.16308463 0.16341743 0.16367382 0.16459101 0.16540300 0.16563560 0.16621093 0.16653986 0.16679272 0.16613098 0.16725957 0.16724925 0.16750309 0.16852666 0.16770104 0.16937678 0.16890687 0.16922308 0.16870450 0.16959069 0.17030139 0.16982580 0.16978618 0.17004017 0.16850703
0.12316748 0.12231030 0.12128467 0.11970202 0.11969039 0.11883956 0.11905000 0.11921763 0.11968207 0.11988264 0.12042157 0.12012387 0.12110646 0.12147470 0.12187755 0.12101245 0.12183558 0.12186696 0.12222678 0.12267068 0.12287124 0.12277709 0.12365350 0.12393045 0.12398324 0.12420997 0.12503394 0.12474205 0.12537621 0.12502170 0.12456200 0.12433700
0.09215526 0.09133776 0.09058286 0.08954325 0.08916462 0.08874336 0.08869311 0.08886742 0.08939914 0.08976590 0.09001901 0.09046913 0.09029790 0.09076714 0.09073367 0.09076621 0.09099807 0.09128310 0.09177852 0.09173564 0.09234053 0.09240829 0.09267868 0.09280603 0.09254860 0.09291882 0.09332023 0.09374290 0.09410228 0.09390157 0.09288409 0.09287525
0.07307624 0.07222341 0.07145535 0.07071414 0.07003936 0.06966731 0.06984081 0.07010894 0.07051680 0.07092283 0.07127932 0.07137509 0.07165169 0.07155756 0.07174031 0.07178907 0.07207413 0.07228890 0.07252848 0.07296398 0.07322668 0.07329483 0.07334829 0.07340056 0.07361842 0.07360377 0.07388513 0.07402515 0.07434778 0.07430499 0.07414600 0.07373494
0.06261480 0.06174602 0.06110006 0.06030704 0.05987779 0.05961701 0.05968701 0.05995642 0.06025463 0.06078660 0.06098518 0.06121418 0.06138273 0.06136200 0.06145833 0.06154395 0.06179759 0.06206458 0.06232522 0.06263139 0.06286009 0.06294436 0.06305116 0.06308600 0.06311551 0.06318795 0.06332514 0.06356676 0.06360008 0.06378478 0.06360410 0.06309674
0.05794543 0.05726681 0.05657578 0.05590211 0.05551867 0.05532652 0.05536367 0.05555319 0.05598057 0.05626088 0.05644170 0.05669775 0.05683362 0.05680959 0.05697342 0.05713614 0.05735264 0.05779632 0.05814968 0.05847413 0.05870092 0.05887719 0.05884107 0.05889169 0.05889652 0.05891313 0.05900783 0.05912851 0.05927105 0.05922203 0.05898025 0.05853210
0.05658013 0.05583913 0.05529158 0.05454208 0.05428434 0.05407131 0.05404476 0.05424047 0.05460036 0.05474154 0.05499513 0.05529318 0.05527765 0.05544101 0.05562079 0.05585480 0.05627869 0.05663797 0.05708482 0.05746022 0.05771529 0.05777299 0.05787299 0.05782708 0.05789650 0.05786690 0.05793140 0.05796823 0.05778614 0.05789977 0.05760600 0.05712188
0.05625749 0.05558853 0.05491714 0.05436258 0.05395988 0.05375294 0.05370820 0.05386533 0.05404739 0.05443728 0.05445288 0.05467560 0.05469443 0.05488076 0.05514439 0.05541281 0.05565686 0.05633479 0.05683914 0.05730086 0.05763233 0.05783180 0.05790538 0.05768378 0.05780404 0.05780160 0.05779100 0.05786482 0.05787563 0.05763975 0.05735882 0.05685586
