32 32 0.058703 0.0022728
0.05989051 0.05987164 0.05996832 0.05993146 0.05992353 0.05994781 0.05992436 0.05994142 0.06005131 0.06011159 0.06023026 0.06031776 0.06044883 0.06044904 0.06056123 0.06070243 0.06075802 0.06075366 0.06076492 0.06074421 0.06062273 0.06035292 0.06046840 0.06031581 0.06023033 0.06010541 0.05998487 0.05988492 0.05988186 0.05986622 0.05983607 0.05984756
0.05993090 0.05993095 0.05992209 0.05991139 0.05981890 0.05988374 0.05985305 0.05979962 0.05973428 0.05997637 0.06014236 0.06019768 0.06027948 0.06036271 0.06050615 0.06060299 0.06070523 0.06076603 0.06066781 0.06074035 0.06068136 0.06059949 0.06052446 0.06039733 0.06020810 0.06020098 0.06003744 0.05995699 0.05991525 0.05989804 0.05989513 0.05987168
0.05995435 0.05994594 0.05996017 0.05997245 0.05990473 0.05983453 0.05983035 0.05939656 0.05981706 0.05979170 0.05994386 0.06002748 0.06017597 0.06027728 0.06040207 0.06042293 0.06060071 0.06047218 0.06071043 0.06073785 0.06066239 0.06064769 0.06057114 0.06045255 0.06033207 0.06018906 0.06009217 0.06001959 0.05995563 0.05990796 0.05998742 0.05982958
0.06000076 0.05992392 0.05995564 0.05990016 0.05992976 0.05982674 0.05977946 0.05966273 0.05969308 0.05970573 0.05977256 0.05986362 0.06000777 0.06015741 0.06021455 0.06034884 0.06054735 0.06056791 0.06068998 0.06074915 0.06077280 0.06069745 0.06064390 0.06049879 0.06035138 0.06027368 0.06016734 0.06009972 0.06004706 0.06000930 0.06000211 0.05998384
0.06005812 0.05999362 0.05996439 0.05986180 0.05977893 0.05973750 0.05964243 0.05958265 0.05956042 0.05960620 0.05969602 0.05971935 0.05991484 0.06003007 0.06023758 0.06036624 0.06052504 0.06063767 0.06070004 0.06074581 0.06078430 0.06073073 0.06069021 0.06059968 0.06052487 0.06042124 0.06025524 0.06029694 0.06012700 0.06005653 0.06001967 0.06000041
0.06002804 0.05998423 0.05991407 0.05983512 0.05977555 0.05970720 0.05955604 0.05944806 0.05949399 0.05950196 0.05956490 0.05971358 0.05980950 0.06001440 0.06019820 0.06035523 0.06055478 0.06068059 0.06078449 0.06082868 0.06080668 0.06082186 0.06080493 0.06068329 0.06049176 0.06044136 0.06034750 0.06012926 0.06017583 0.06011246 0.06006189 0.06019891
0.05998188 0.05987971 0.05987272 0.05980837 0.05966269 0.05959191 0.05950321 0.05943118 0.05938641 0.05941416 0.05945566 0.05959422 0.05974065 0.05997508 0.06015383 0.06028611 0.06052430 0.06069033 0.06079914 0.06088900 0.06092476 0.06088654 0.06083417 0.06074186 0.06060672 0.06049853 0.06033789 0.06025376 0.06011279 0.06013222 0.06003943 0.06001150
0.05993979 0.05984904 0.05982611 0.05974688 0.05960951 0.05951515 0.05940824 0.05933706 0.05935921 0.05938710 0.05942167 0.05954062 0.05967146 0.05992999 0.06008607 0.06033250 0.06053815 0.06073399 0.06083385 0.06092354 0.06092971 0.06090197 0.06081957 0.06077391 0.06064345 0.06051907 0.06036529 0.06023543 0.06024490 0.06012618 0.06002118 0.06004623
0.05994708 0.05973108 0.05977689 0.05963557 0.05967307 0.05947197 0.05939318 0.05937955 0.05931853 0.05935036 0.05942894 0.05955334 0.05964342 0.05990191 0.06011677 0.06036356 0.06052006 0.06072876 0.06075347 0.06090375 0.06091706 0.06093664 0.06082985 0.06075711 0.06065631 0.06054384 0.06021713 0.06021559 0.06014764 0.06008971 0.05998151 0.05989238
0.05971170 0.05972346 0.05972773 0.05961922 0.05959600 0.05944832 0.05941359 0.05931879 0.05930841 0.05936599 0.05941448 0.05961670 0.05955197 0.05985043 0.06012369 0.06034191 0.06059221 0.06068213 0.06097544 0.06084141 0.06085202 0.06085845 0.06078551 0.06072114 0.06049438 0.06038961 0.06025673 0.06012867 0.06006406 0.05997493 0.05990309 0.05984899
0.05974001 0.05982154 0.05966910 0.05958416 0.05969440 0.05949050 0.05944010 0.05942752 0.05937474 0.05944246 0.05950181 0.05956536 0.05975296 0.05987175 0.06011739 0.06035679 0.06051960 0.06079402 0.06077495 0.06080985 0.06088228 0.06078345 0.06068552 0.06057647 0.06042136 0.06027843 0.06017989 0.06004876 0.05992007 0.05990787 0.05980986 0.05975654
0.05971454 0.05967058 0.05964521 0.05962318 0.05954054 0.05949659 0.05947433 0.05947983 0.05949012 0.05954091 0.05962942 0.05974108 0.05975761 0.05994126 0.06016509 0.06037951 0.06049106 0.06059155 0.06074608 0.06075475 0.06069759 0.06068796 0.06061656 0.06041312 0.06036164 0.06020754 0.06001348 0.05995107 0.05983647 0.05982682 0.05968711 0.05975505
0.05970545 0.05968300 0.05967619 0.05954649 0.05960698 0.05957619 0.05961944 0.05963723 0.05964132 0.05961791 0.05970485 0.05982836 0.05995249 0.06005182 0.06013901 0.06036816 0.06046395 0.06055503 0.06064472 0.06064947 0.06063811 0.06058064 0.06046999 0.06033891 0.06019335 0.06009931 0.06001323 0.05993953 0.05983357 0.05979320 0.05977543 0.05975959
0.05970102 0.05968402 0.05968616 0.05971396 0.05967282 0.05963993 0.05970108 0.05974188 0.05971404 0.05974510 0.05981648 0.05993258 0.05999180 0.06009749 0.06022043 0.06033353 0.06046165 0.06047694 0.06055913 0.06051774 0.06052227 0.06046205 0.06033277 0.06032747 0.06017560 0.06008369 0.05997690 0.05988666 0.05985636 0.05981235 0.05974372 0.05975113
0.05973817 0.05969998 0.05970665 0.05970252 0.05967197 0.05968009 0.05967389 0.05973270 0.05980846 0.05980673 0.05991035 0.05997872 0.06002060 0.06008246 0.06026590 0.06027591 0.06039730 0.06044936 0.06046169 0.06049067 0.06042888 0.06034146 0.06026487 0.06018409 0.06010629 0.06002647 0.06002681 0.05993836 0.05991412 0.05986615 0.05982218 0.05980953
0.05975774 0.05971017 0.05965234 0.05962295 0.05965309 0.05965498 0.05964080 0.05972934 0.05978671 0.05988477 0.05991452 0.05998258 0.06015681 0.06012162 0.06027613 0.06026226 0.06027564 0.06030761 0.06031750 0.06039458 0.06029291 0.06024521 0.06019964 0.06013691 0.06006925 0.06013306 0.06005590 0.05993886 0.06000780 0.05992267 0.05985335 0.05981838
0.05975295 0.05959368 0.05966085 0.05957521 0.05937665 0.05944753 0.05958275 0.05961867 0.05971030 0.05982451 0.05988217 0.06001143 0.06009965 0.06014149 0.06015358 0.06014747 0.06018519 0.06021736 0.06017285 0.06019142 0.06019865 0.06011384 0.06007230 0.06015690 0.06004340 0.06006204 0.06003761 0.06003604 0.06004968 0.06000933 0.05995016 0.05992285
0.05970403 0.05963090 0.05945369 0.05941503 0.05940342 0.05934114 0.05942638 0.05948613 0.05959075 0.05971158 0.05982575 0.05993574 0.06000965 0.06003661 0.06008040 0.06004481 0.06008271 0.06007323 0.06004837 0.06001048 0.06003804 0.06002834 0.05998773 0.05995427 0.05999872 0.06001877 0.05994087 0.06003053 0.06004779 0.05999678 0.05995837 0.05984072
0.05962546 0.05951946 0.05934562 0.05925908 0.05919774 0.05913878 0.05921010 0.05929217 0.05936916 0.05952834 0.05971949 0.05988663 0.05997968 0.05990081 0.05998956 0.05995363 0.05996292 0.05989840 0.05990497 0.05983116 0.05985852 0.05988856 0.05988882 0.05986190 0.05992503 0.05996443 0.06000239 0.06006350 0.06004478 0.06001120 0.05996395 0.05978118
0.05947880 0.05933550 0.05921957 0.05906684 0.05898612 0.05894654 0.05900221 0.05907115 0.05927086 0.05958178 0.05951124 0.05977924 0.05992138 0.05994681 0.05993937 0.05985530 0.05983601 0.05979792 0.05986956 0.05976967 0.05975295 0.05975628 0.05973983 0.05979820 0.05989127 0.05981392 0.06002290 0.05996776 0.05999521 0.05995747 0.05989690 0.05968831
0.05946096 0.05922589 0.05901188 0.05888110 0.05875737 0.05880023 0.05887313 0.05900070 0.05914515 0.05933743 0.05951457 0.05969948 0.05979298 0.05994852 0.05995267 0.05990767 0.05978654 0.05975767 0.05975459 0.05971079 0.05973391 0.05965953 0.05971183 0.05975627 0.05982259 0.05992339 0.05989544 0.05995806 0.05999148 0.05987974 0.05981864 0.05957890
0.05933222 0.05914219 0.05895501 0.05870261 0.05876963 0.05875045 0.05879846 0.05895785 0.05911935 0.05932911 0.05957404 0.05976751 0.05988381 0.05997007 0.05994744 0.05989273 0.05981422 0.05976299 0.05970207 0.05972596 0.05965248 0.05969055 0.05967158 0.05970214 0.05980249 0.05982645 0.05986388 0.05987424 0.05986285 0.05981308 0.05994126 0.05955032
0.05924427 0.05914473 0.05889034 0.05880843 0.05871252 0.05877579 0.05883291 0.05902449 0.05920419 0.05942555 0.05969288 0.05986505 0.06000276 0.06010305 0.06004761 0.06002994 0.05989812 0.05984153 0.05980424 0.05969073 0.05977284 0.05971623 0.05963915 0.05979602 0.05980007 0.05981267 0.05986294 0.05984848 0.05976794 0.05978359 0.05971941 0.05949342
0.05927063 0.05910307 0.05895792 0.05890393 0.05884401 0.05886323 0.05896418 0.05911125 0.05932648 0.05961310 0.05984284 0.06004515 0.06018344 0.06016455 0.06028112 0.06010709 0.06015733 0.06006130 0.06001034 0.05990559 0.05988549 0.05986762 0.05984991 0.05981098 0.05992544 0.05986757 0.05990084 0.05996841 0.05978653 0.05972678 0.05957592 0.05948330
0.05932261 0.05908509 0.05904055 0.05896919 0.05900862 0.05913853 0.05917150 0.05939638 0.05956231 0.05982164 0.06011498 0.06018643 0.06036094 0.06039961 0.06046257 0.06040259 0.06030730 0.06024755 0.06024820 0.06010458 0.06008304 0.06007167 0.05992937 0.05993269 0.05992864 0.05987985 0.05987095 0.05979546 0.05977232 0.05968207 0.05960893 0.05939749
0.05940597 0.05928390 0.05922141 0.05930843 0.05919901 0.05926596 0.05940994 0.05955915 0.05980414 0.06004262 0.06023033 0.06047159 0.06059194 0.06063927 0.06068054 0.06065790 0.06053295 0.06047143 0.06045386 0.06033107 0.06016590 0.06021808 0.06010412 0.06001020 0.05998321 0.05993892 0.05975624 0.05989629 0.05982431 0.05977896 0.05967301 0.05951699
0.05954104 0.05939759 0.05945156 0.05934187 0.05942094 0.05947216 0.05961219 0.05974587 0.06004543 0.06008638 0.06041869 0.06061432 0.06065515 0.06078575 0.06077754 0.06086118 0.06068907 0.06067421 0.06063753 0.06048284 0.06040236 0.06028837 0.06021623 0.06014595 0.06006074 0.06005029 0.05993840 0.05989786 0.05983332 0.05978004 0.05958065 0.05951723
0.05960963 0.05952845 0.05956728 0.05957454 0.05954324 0.05970759 0.05978583 0.05998026 0.06014624 0.06033826 0.06043886 0.06069160 0.06075539 0.06083266 0.06088248 0.06085738 0.06091974 0.06080083 0.06071430 0.06065097 0.06065522 0.06044594 0.06035352 0.06024197 0.06016044 0.06003882 0.05997050 0.05988433 0.05982714 0.05977830 0.05972716 0.05967042
0.05972827 0.05966529 0.05966989 0.05967549 0.05973862 0.05979142 0.05988400 0.06002256 0.06013796 0.06033992 0.06052764 0.06065165 0.06086594 0.06085690 0.06096203 0.06088656 0.06090499 0.06087095 0.06082505 0.06073505 0.06064748 0.06049718 0.06040386 0.06028966 0.06018917 0.06007550 0.05992739 0.05994855 0.05990863 0.05982317 0.05977927 0.05975113
0.05976608 0.05969830 0.05976835 0.05972938 0.05981894 0.05991584 0.05996999 0.06006524 0.06026402 0.06034612 0.06049182 0.06068485 0.06075197 0.06084429 0.06085256 0.06091170 0.06094271 0.06089597 0.06083755 0.06078897 0.06068882 0.06056824 0.06043124 0.06038348 0.06020592 0.06009069 0.06000696 0.05991731 0.05987536 0.05982954 0.05978641 0.05978036
0.05980379 0.05981367 0.05989544 0.05974267 0.05986222 0.05989594 0.05996545 0.06006566 0.06028471 0.06028341 0.06047326 0.06047325 0.06063064 0.06073437 0.06084316 0.06085302 0.06095930 0.06087744 0.06083374 0.06078555 0.06071163 0.06056301 0.06045494 0.06034156 0.06026564 0.06010057 0.06000685 0.05989190 0.05969094 0.05980862 0.05979783 0.05981378
0.05983268 0.05987651 0.05993096 0.05988349 0.05988241 0.05996876 0.05995776 0.06003493 0.06010916 0.06018559 0.06031974 0.06050475 0.06052488 0.06061421 0.06069752 0.06074234 0.06091343 0.06081685 0.06079960 0.06082078 0.06069309 0.06052914 0.06055683 0.06032123 0.06020728 0.06009615 0.06006123 0.05991904 0.05987314 0.05986661 0.05984059 0.05983894
