32 32 0.052076 0.91549
0.05366737 0.05326404 0.05307928 0.05281280 0.05268124 0.05278392 0.05292813 0.05301031 0.05328214 0.05355387 0.05371374 0.05389595 0.05392164 0.05421939 0.05445445 0.05474304 0.05510031 0.05562629 0.05603077 0.05627136 0.05628361 0.05604556 0.05594352 0.05557498 0.05525169 0.05497136 0.05471994 0.05455235 0.05446889 0.05436104 0.05416700 0.05393960
0.05342448 0.05314064 0.05284581 0.05248762 0.05246243 0.05254776 0.05260027 0.05264097 0.05278216 0.05310648 0.05341641 0.05347110 0.05344618 0.05356182 0.05393451 0.05432508 0.05487429 0.05529999 0.05568211 0.05613082 0.05621501 0.05607557 0.05595699 0.05558648 0.05513733 0.05494539 0.05462918 0.05441380 0.05423827 0.05413547 0.05396560 0.05366739
0.05318021 0.05287574 0.05262987 0.05255045 0.05239198 0.05226697 0.05237788 0.05207567 0.05258135 0.05259434 0.05271290 0.05267810 0.05286027 0.05304971 0.05340153 0.05375088 0.05430216 0.05470920 0.05537383 0.05579836 0.05590716 0.05596548 0.05577185 0.05538381 0.05498615 0.05474745 0.05433671 0.05413647 0.05396934 0.05377647 0.05369515 0.05328114
0.05292480 0.05267981 0.05247316 0.05238756 0.05211360 0.05213219 0.05226881 0.05218029 0.05219750 0.05227903 0.05226016 0.05219561 0.05231073 0.05249261 0.05275429 0.05333498 0.05391581 0.05446152 0.05505269 0.05571576 0.05575505 0.05575852 0.05552606 0.05518795 0.05476066 0.05445354 0.05407995 0.05388779 0.05370686 0.05347875 0.05335320 0.05316826
0.05361584 0.05348143 0.05330780 0.05311525 0.05301844 0.05295046 0.05294283 0.05289610 0.05283561 0.05276381 0.05269539 0.05257954 0.05265157 0.05279062 0.05314477 0.05365583 0.05431434 0.05496998 0.05552117 0.05600756 0.05634584 0.05619019 0.05613199 0.05574875 0.05534772 0.05495129 0.05463858 0.05438583 0.05416097 0.05399434 0.05385425 0.05365248
0.05752796 0.05740543 0.05735283 0.05723852 0.05719510 0.05719479 0.05702277 0.05693987 0.05671756 0.05649308 0.05635115 0.05625620 0.05625428 0.05642136 0.05675098 0.05721559 0.05789074 0.05854391 0.05909527 0.05963205 0.05987946 0.05997027 0.05979977 0.05948446 0.05906148 0.05865366 0.05833836 0.05798942 0.05774229 0.05762891 0.05756205 0.05755215
0.06850793 0.06834667 0.06833019 0.06832017 0.06812295 0.06815847 0.06790847 0.06762931 0.06738149 0.06713087 0.06695930 0.06681856 0.06678950 0.06689341 0.06730512 0.06777204 0.06850433 0.06897883 0.06969993 0.07015814 0.07050461 0.07048925 0.07024209 0.07021275 0.06962804 0.06935535 0.06877548 0.06859912 0.06834830 0.06850687 0.06846289 0.06838987
0.09074949 0.09104414 0.09109296 0.09100844 0.09076880 0.09062750 0.09032535 0.09031814 0.08991389 0.08932101 0.08923550 0.08887415 0.08887037 0.08907992 0.08948046 0.09025672 0.09052884 0.09098943 0.09171613 0.09213261 0.09253568 0.09254800 0.09211770 0.09196386 0.09164495 0.09090711 0.09095349 0.09076590 0.09068721 0.09035493 0.09066989 0.09013063
0.12951812 0.12932524 0.12990100 0.12952400 0.12958076 0.12965611 0.12912797 0.12871032 0.12865130 0.12784995 0.12742116 0.12733747 0.12713046 0.12729052 0.12741052 0.12814666 0.12802406 0.12916399 0.12897219 0.12968616 0.13019349 0.13035409 0.13004265 0.12976584 0.12904024 0.12926602 0.12896914 0.12868309 0.12827936 0.12828754 0.12873658 0.12948437
0.18707704 0.18892172 0.18725129 0.18832225 0.18924426 0.18858617 0.18811209 0.18804234 0.18878445 0.18655318 0.18581507 0.18613586 0.18443538 0.18710941 0.18584746 0.18645532 0.18559757 0.18775877 0.18791928 0.18889972 0.18936179 0.18881451 0.18820764 0.18863064 0.18828554 0.18769278 0.18728244 0.18697723 0.18772151 0.18722137 0.18705163 0.18813356
0.27115567 0.26866056 0.27117077 0.27245516 0.27011307 0.27141106 0.27090231 0.27092460 0.26944719 0.27058553 0.26778948 0.27029598 0.26751042 0.26892251 0.26770099 0.26723857 0.26999517 0.27063237 0.27183098 0.27112971 0.27018639 0.27133284 0.26978578 0.27007778 0.26991955 0.26980870 0.26773517 0.26851769 0.26919572 0.26859838 0.27044616 0.26837635
0.37623929 0.37644426 0.37746075 0.37998580 0.38180643 0.37773160 0.37869340 0.37670587 0.37738475 0.37625708 0.37377879 0.37403309 0.37227792 0.37706713 0.37528732 0.37972893 0.37500824 0.37856971 0.37891015 0.37688988 0.37827775 0.37703529 0.37298077 0.38044445 0.37656482 0.37350851 0.37525898 0.37467963 0.37700165 0.37468174 0.37777730 0.37587793
0.50401624 0.50452718 0.50186407 0.50707504 0.50329056 0.50218254 0.50123596 0.50299290 0.50322818 0.50175179 0.50198950 0.50363859 0.49719832 0.50243710 0.50612333 0.50466246 0.50395890 0.50057039 0.50346887 0.50402695 0.50257292 0.50630599 0.49981700 0.50271553 0.49542966 0.50030068 0.49863265 0.49776815 0.49924471 0.50067571 0.49849394 0.50142227
0.63436025 0.63898825 0.64232037 0.63199501 0.64514588 0.62968926 0.63957779 0.63550664 0.63749602 0.63844802 0.63314902 0.63981106 0.63870184 0.63793009 0.63497669 0.63908353 0.63711532 0.62889211 0.64152146 0.64306600 0.63829050 0.63773727 0.63334189 0.64198794 0.63629274 0.63099044 0.63238507 0.63627211 0.63414105 0.63494834 0.63759008 0.63134402
0.76113637 0.76876401 0.77556231 0.77741144 0.77017895 0.76532402 0.76548848 0.77059778 0.77152768 0.76078758 0.76449511 0.76255470 0.77517257 0.77624769 0.78378544 0.76229343 0.77100532 0.76827814 0.76484679 0.77320695 0.76397110 0.76122551 0.76933165 0.76656010 0.76628921 0.76118781 0.77055215 0.76266048 0.76361456 0.76396693 0.77006665 0.77214041
0.86907662 0.87842231 0.87416425 0.88094031 0.88099668 0.87165228 0.87683186 0.87651148 0.87398154 0.87700188 0.87693989 0.86761029 0.87988742 0.88103104 0.88146012 0.87452042 0.87349759 0.87687596 0.86697153 0.86384774 0.87629112 0.88154127 0.87163630 0.88510328 0.86686007 0.86100053 0.87562884 0.88475895 0.88142543 0.87447258 0.86263472 0.86838878
0.95043773 0.94090122 0.96032154 0.94534301 0.94739786 0.94888617 0.94259884 0.93633195 0.94199597 0.94214784 0.94513385 0.94224328 0.93964379 0.93652070 0.94597285 0.95077701 0.94401008 0.94597180 0.93224522 0.93798234 0.94647761 0.94304127 0.93374854 0.95286210 0.94152801 0.93862295 0.93856617 0.94531434 0.93702593 0.94895863 0.94683176 0.93732103
0.96063177 0.96756388 0.96460416 0.96455957 0.96269779 0.95681416 0.95866314 0.95856213 0.95468042 0.95745072 0.95881658 0.95975315 0.95991997 0.96254699 0.95867443 0.96298946 0.96383957 0.96477818 0.95753555 0.96200844 0.96066087 0.95890992 0.95877739 0.95959053 0.95994338 0.96043432 0.96062742 0.96419575 0.95955460 0.96272472 0.96671864 0.95986018
0.93066088 0.93051513 0.93071524 0.92357897 0.91849541 0.91160584 0.91266355 0.92105042 0.91863622 0.92205066 0.91938800 0.92007351 0.91875784 0.93140961 0.92589353 0.92977543 0.92658198 0.91871702 0.93381580 0.93692852 0.92472764 0.93731948 0.92542030 0.91665600 0.93664656 0.92204881 0.91265331 0.92218710 0.92917234 0.93180851 0.93634330 0.93228124
0.85284029 0.84921159 0.85572279 0.84848786 0.83520176 0.84593824 0.83148511 0.83623344 0.83711144 0.82650541 0.83133390 0.84382492 0.84994489 0.85581771 0.85387009 0.83959171 0.86071203 0.83749406 0.86412186 0.84273903 0.84856529 0.84128993 0.83822242 0.84999902 0.84102424 0.85985010 0.85304259 0.84678839 0.85268426 0.84856785 0.84524973 0.84616663
0.74407086 0.72917827 0.73014395 0.73243109 0.71806203 0.72268670 0.72591728 0.72912000 0.73355747 0.72733411 0.72729815 0.71769514 0.72591755 0.72921428 0.74327572 0.73220048 0.72662210 0.73053462 0.72526357 0.73386192 0.72866578 0.72155084 0.72520089 0.73059066 0.72488010 0.73285657 0.73287793 0.72830783 0.73485398 0.74085486 0.73616237 0.73607571
0.60053908 0.60306460 0.59662878 0.58706492 0.58863159 0.59443473 0.59131863 0.58983969 0.58534503 0.58400090 0.58900554 0.59094726 0.59503791 0.59737625 0.59697128 0.59737972 0.59363899 0.59651673 0.58874591 0.59017703 0.59944782 0.59381537 0.59214704 0.59523399 0.60004445 0.59996950 0.59688874 0.60335264 0.59654646 0.59847350 0.59451109 0.60401600
0.46338267 0.46216798 0.46214629 0.46072914 0.46190064 0.45702573 0.45513886 0.45624159 0.45445426 0.45814227 0.45846815 0.46156765 0.45627261 0.46390164 0.46168124 0.46224637 0.46412167 0.46367464 0.45993114 0.46371999 0.46303865 0.46334962 0.46523984 0.46512776 0.46294055 0.46316160 0.46469574 0.46044898 0.45954514 0.46886845 0.47175132 0.46250847
0.34361550 0.34383160 0.34131016 0.34147589 0.33849293 0.33900771 0.33504507 0.33982470 0.33892173 0.33997062 0.33982377 0.33903464 0.33898922 0.34227229 0.34084938 0.33923584 0.34173175 0.34142810 0.34278781 0.34188169 0.34207665 0.34280318 0.34157895 0.34380741 0.34053828 0.34440163 0.34325754 0.34647715 0.34621574 0.34673913 0.34353543 0.34361908
0.24553562 0.24497160 0.24354347 0.24239699 0.24124282 0.23839810 0.24011632 0.23859703 0.23900293 0.23908031 0.24008379 0.24165352 0.24190166 0.24275800 0.24326651 0.24358396 0.24232292 0.24360390 0.24309509 0.24294233 0.24382229 0.24217456 0.24472087 0.24384339 0.24446137 0.24368023 0.24536779 0.24683480 0.24636943 0.24646742 0.24723260 0.24527226
0.16990834 0.16914957 0.16807709 0.16575695 0.16625855 0.16491917 0.16536687 0.16551738 0.16596596 0.16600205 0.16678747 0.16607166 0.16767558 0.16830595 0.16890473 0.16739253 0.16857590 0.16824794 0.16830319 0.16856541 0.16851754 0.16776386 0.16914145 0.16950241 0.16956857 0.16998369 0.17143903 0.17095636 0.17208017 0.17179621 0.17127134 0.17151368
0.11752834 0.11673169 0.11602286 0.11490605 0.11464122 0.11414946 0.11406110 0.11428261 0.11487368 0.11537064 0.11565044 0.11610273 0.11593800 0.11660290 0.11654504 0.11649560 0.11675191 0.11679598 0.11725279 0.11669557 0.11737278 0.11713308 0.11731875 0.11737874 0.11694715 0.11745024 0.11819869 0.11885792 0.11949155 0.11913085 0.11807821 0.11812909
0.08466079 0.08390492 0.08330013 0.08257681 0.08190591 0.08142127 0.08180259 0.08218358 0.08261109 0.08312594 0.08368481 0.08368795 0.08410725 0.08400397 0.08426721 0.08425586 0.08461326 0.08458829 0.08457568 0.08488366 0.08489100 0.08468299 0.08455168 0.08439827 0.08457218 0.08445806 0.08490262 0.08500841 0.08555730 0.08553887 0.08544814 0.08521790
0.06604611 0.06543950 0.06498408 0.06435627 0.06402939 0.06388105 0.06407283 0.06445463 0.06487262 0.06546586 0.06570034 0.06606374 0.06622781 0.06633972 0.06645067 0.06646384 0.06668338 0.06679360 0.06685238 0.06690468 0.06688413 0.06666115 0.06654352 0.06641356 0.06630154 0.06621667 0.06628263 0.06654458 0.06663187 0.06692034 0.06688498 0.06649046
0.05746399 0.05697286 0.05654021 0.05610178 0.05593932 0.05595023 0.05611047 0.05644254 0.05695980 0.05733468 0.05759169 0.05789127 0.05807190 0.05808170 0.05827359 0.05837189 0.05860855 0.05888918 0.05906680 0.05912224 0.05913289 0.05895636 0.05866821 0.05846282 0.05822934 0.05805647 0.05803428 0.05809348 0.05818972 0.05825652 0.05818395 0.05785212
0.05450870 0.05404256 0.05379122 0.05329033 0.05333513 0.05333460 0.05351147 0.05383088 0.05426665 0.05453515 0.05486297 0.05522508 0.05519917 0.05538168 0.05557678 0.05581099 0.05618051 0.05641912 0.05669045 0.05683021 0.05677812 0.05653838 0.05630611 0.05590611 0.05571613 0.05546949 0.05535198 0.05529761 0.05514115 0.05524735 0.05510762 0.05485577
0.05381238 0.05345629 0.05309888 0.05286413 0.05275011 0.05280755 0.05297595 0.05328474 0.05358917 0.05405487 0.05412970 0.05434317 0.05438272 0.05460161 0.05485966 0.05508607 0.05530280 0.05586389 0.05616004 0.05644706 0.05644520 0.05631654 0.05602821 0.05551140 0.05526943 0.05500559 0.05481072 0.05471904 0.05469701 0.05458326 0.05440943 0.05413051
