32 32 0.046057 0.1985
0.05632805 0.05500887 0.05363479 0.05224118 0.05110388 0.05017696 0.04961120 0.04907143 0.04893475 0.04900396 0.04912741 0.04938789 0.04963483 0.05016909 0.05083895 0.05162857 0.05257248 0.05377392 0.05492320 0.05595827 0.05669893 0.05724632 0.05789232 0.05814359 0.05853664 0.05875086 0.05895014 0.05895156 0.05901498 0.05882917 0.05825726 0.05740594
0.05563730 0.05433936 0.05295215 0.05154193 0.05043384 0.04953798 0.04886469 0.04833331 0.04814578 0.04829556 0.04860777 0.04882841 0.04910999 0.04962689 0.05042944 0.05136432 0.05256086 0.05366055 0.05477589 0.05601715 0.05684966 0.05746033 0.05806706 0.05832256 0.05844091 0.05865487 0.05874602 0.05873055 0.05855478 0.05826390 0.05765929 0.05673218
0.05486619 0.05356912 0.05218939 0.05100142 0.04974409 0.04874035 0.04814492 0.04734755 0.04754517 0.04746303 0.04771248 0.04796109 0.04844656 0.04911122 0.04997958 0.05089145 0.05209918 0.05311320 0.05464327 0.05583922 0.05664941 0.05751456 0.05799388 0.05816876 0.05828942 0.05841036 0.05832601 0.05825557 0.05804702 0.05753934 0.05702547 0.05582312
0.05401718 0.05268364 0.05132956 0.05015369 0.04881320 0.04796598 0.04733551 0.04692785 0.04671680 0.04671560 0.04694140 0.04725066 0.04778377 0.04849305 0.04934490 0.05057313 0.05181390 0.05318105 0.05442680 0.05587233 0.05663924 0.05736957 0.05777136 0.05797767 0.05803041 0.05807211 0.05790708 0.05772127 0.05745405 0.05686735 0.05615237 0.05520137
0.05333494 0.05199883 0.05075465 0.04937958 0.04825332 0.04741519 0.04668733 0.04625659 0.04605715 0.04612005 0.04635859 0.04669104 0.04733120 0.04804035 0.04902502 0.05019909 0.05156916 0.05295511 0.05423374 0.05547339 0.05658659 0.05715645 0.05768832 0.05788601 0.05793558 0.05782524 0.05762831 0.05737204 0.05690488 0.05627885 0.05545065 0.05440846
0.05342490 0.05214781 0.05083169 0.04949553 0.04845812 0.04757824 0.04683150 0.04636540 0.04620448 0.04621737 0.04638906 0.04684982 0.04745566 0.04828628 0.04930811 0.05049261 0.05183900 0.05321809 0.05450370 0.05579011 0.05669865 0.05749027 0.05800262 0.05814218 0.05816070 0.05811118 0.05787184 0.05748835 0.05701451 0.05639161 0.05556689 0.05460555
0.05522620 0.05388010 0.05271968 0.05141419 0.05027939 0.04936944 0.04860323 0.04809974 0.04781990 0.04771280 0.04805111 0.04847750 0.04907417 0.04994248 0.05093315 0.05202486 0.05344315 0.05476743 0.05610496 0.05730274 0.05833639 0.05904963 0.05955910 0.05988705 0.05989916 0.05986753 0.05955739 0.05925223 0.05867629 0.05818159 0.05736814 0.05630604
0.05963341 0.05848928 0.05719725 0.05601679 0.05473819 0.05376937 0.05293955 0.05244677 0.05217612 0.05204215 0.05229738 0.05259386 0.05315812 0.05398165 0.05490820 0.05610151 0.05730749 0.05861587 0.05987195 0.06107180 0.06214896 0.06287721 0.06339001 0.06372808 0.06396072 0.06383031 0.06381377 0.06347530 0.06316937 0.06241658 0.06166687 0.06037087
0.06779531 0.06608155 0.06531677 0.06393646 0.06280080 0.06178512 0.06084899 0.06023989 0.05998285 0.05972599 0.05981413 0.06014539 0.06058393 0.06130575 0.06215338 0.06327933 0.06422991 0.06557350 0.06659916 0.06776021 0.06886793 0.06974872 0.07042342 0.07086862 0.07114656 0.07133899 0.07106210 0.07105689 0.07067496 0.07011329 0.06949749 0.06873380
0.07978664 0.07905640 0.07727625 0.07630113 0.07528291 0.07409340 0.07309352 0.07250856 0.07232641 0.07166937 0.07156332 0.07192906 0.07189562 0.07299318 0.07349659 0.07443629 0.07521807 0.07652514 0.07768173 0.07870568 0.07969462 0.08054969 0.08130446 0.08205344 0.08237385 0.08275312 0.08284991 0.08281126 0.08280472 0.08226308 0.08162184 0.08103412
0.09765054 0.09591586 0.09526264 0.09420018 0.09250352 0.09150928 0.09045694 0.08973529 0.08894311 0.08901119 0.08828908 0.08899240 0.08859048 0.08927662 0.08960017 0.09015461 0.09140093 0.09234555 0.09348036 0.09422794 0.09505188 0.09621719 0.09687042 0.09776250 0.09842275 0.09903015 0.09907262 0.09949744 0.09951868 0.09923712 0.09916933 0.09801672
0.11990386 0.11897329 0.11749212 0.11687154 0.11583519 0.11364197 0.11300840 0.11176165 0.11124615 0.11074883 0.11009989 0.11003759 0.10984120 0.11098153 0.11100177 0.11235742 0.11202019 0.11334142 0.11419699 0.11466849 0.11586575 0.11670761 0.11720359 0.11918595 0.11965429 0.11997654 0.12077159 0.12122483 0.12191739 0.12144118 0.12174430 0.12085280
0.14696383 0.14574898 0.14404884 0.14336875 0.14114741 0.13958590 0.13868057 0.13813502 0.13730028 0.13673752 0.13619304 0.13626040 0.13531237 0.13630202 0.13718845 0.13717349 0.13777436 0.13785287 0.13879205 0.13969175 0.14053677 0.14222323 0.14237845 0.14395038 0.14407607 0.14586552 0.14638844 0.14677244 0.14763479 0.14778565 0.14745064 0.14772066
0.17360053 0.17428851 0.17326717 0.16951702 0.17060803 0.16593952 0.16663648 0.16568661 0.16508851 0.16431247 0.16304662 0.16427366 0.16357927 0.16410365 0.16396639 0.16471392 0.16441033 0.16409424 0.16667497 0.16777175 0.16793073 0.16913220 0.17014348 0.17258476 0.17290752 0.17304008 0.17445141 0.17608703 0.17515042 0.17616290 0.17618004 0.17471461
0.20058750 0.20064271 0.19964859 0.19841693 0.19556909 0.19309611 0.19213494 0.19265702 0.19163067 0.18937653 0.19004678 0.18941510 0.19117605 0.19223864 0.19327107 0.19102960 0.19251245 0.19287961 0.19246602 0.19438830 0.19489293 0.19508524 0.19765517 0.19866160 0.20006984 0.20101548 0.20349485 0.20241078 0.20320891 0.20349632 0.20369699 0.20385881
0.22218854 0.22192306 0.22033676 0.21857299 0.21746077 0.21563891 0.21433959 0.21368830 0.21260892 0.21303267 0.21240095 0.21084482 0.21331285 0.21380413 0.21453239 0.21404970 0.21336103 0.21615959 0.21479478 0.21490618 0.21948535 0.22010469 0.22083820 0.22208134 0.22198022 0.22370845 0.22543126 0.22754713 0.22785759 0.22483834 0.22352734 0.22435331
0.23714976 0.23370300 0.23488613 0.23056333 0.22977713 0.22786666 0.22671178 0.22517147 0.22550935 0.22529260 0.22576333 0.22605018 0.22574705 0.22612577 0.22817479 0.23127689 0.22964295 0.23099103 0.22991986 0.22986086 0.23499356 0.23490544 0.23412447 0.23809760 0.23804279 0.23894816 0.23878105 0.24046704 0.23905237 0.24086359 0.23982973 0.23815933
0.23741606 0.23774028 0.23435825 0.23289470 0.23082077 0.22776462 0.22848729 0.22778169 0.22643721 0.22837193 0.22911030 0.22975080 0.23062308 0.23201113 0.23231346 0.23349883 0.23454920 0.23537066 0.23655832 0.23820405 0.23915318 0.23994738 0.24124710 0.24171128 0.24298512 0.24342849 0.24348320 0.24455378 0.24364129 0.24284476 0.24333066 0.24057050
0.22924800 0.22872873 0.22642527 0.22253019 0.22143986 0.21838919 0.21788039 0.21878255 0.21825441 0.21987844 0.22009743 0.22108683 0.22348898 0.22644096 0.22682859 0.22784572 0.22892888 0.22819939 0.23178205 0.23209731 0.23222030 0.23672624 0.23490884 0.23224211 0.23822929 0.23582438 0.23434231 0.23481188 0.23747184 0.23683117 0.23540858 0.23233728
0.21365214 0.21020007 0.20965525 0.20644183 0.20227734 0.20379804 0.20129514 0.20049180 0.20226665 0.20198530 0.20378943 0.20671989 0.20945464 0.21050345 0.21209927 0.21039841 0.21421236 0.21179253 0.21719060 0.21528457 0.21654856 0.21746317 0.21653480 0.21979438 0.21917786 0.22196121 0.22106112 0.21847021 0.21995445 0.21812943 0.21638901 0.21443400
0.18950924 0.18569373 0.18337234 0.18219843 0.17865616 0.17781769 0.17851190 0.17855243 0.18016493 0.18028093 0.18110261 0.18144718 0.18385823 0.18491553 0.18886040 0.18793453 0.18818836 0.18994387 0.19000701 0.19314190 0.19371427 0.19302812 0.19401542 0.19453009 0.19497734 0.19564110 0.19611348 0.19542787 0.19552414 0.19482542 0.19264732 0.19101428
0.16124974 0.15970303 0.15639388 0.15344539 0.15243998 0.15261772 0.15132654 0.15119174 0.15125327 0.15223006 0.15410687 0.15544010 0.15728548 0.15911322 0.15975157 0.16094907 0.16131353 0.16303823 0.16233793 0.16385370 0.16621556 0.16538049 0.16589055 0.16670336 0.16776701 0.16800720 0.16772633 0.16840245 0.16652699 0.16560377 0.16415681 0.16393738
0.13425529 0.13242723 0.13042442 0.12848106 0.12722667 0.12560718 0.12489023 0.12552826 0.12574718 0.12694374 0.12820993 0.12969934 0.12965895 0.13203566 0.13234787 0.13323574 0.13459926 0.13553483 0.13549578 0.13706325 0.13773941 0.13813061 0.13919267 0.13967264 0.13959291 0.13980594 0.14021188 0.13925758 0.13899120 0.13982880 0.13912016 0.13587586
0.11104415 0.10935797 0.10712904 0.10557805 0.10383111 0.10308191 0.10196780 0.10287488 0.10314700 0.10399237 0.10472458 0.10537676 0.10614539 0.10752880 0.10782780 0.10831285 0.10941940 0.11020749 0.11109637 0.11168207 0.11240539 0.11318957 0.11342511 0.11426824 0.11413265 0.11527749 0.11518286 0.11593493 0.11584546 0.11534684 0.11382000 0.11260222
0.09241911 0.09059236 0.08877619 0.08704993 0.08566957 0.08435480 0.08417446 0.08384347 0.08408550 0.08454664 0.08550692 0.08618591 0.08684214 0.08755645 0.08818235 0.08884084 0.08909992 0.09013192 0.09058206 0.09120002 0.09212072 0.09226789 0.09334865 0.09362066 0.09417603 0.09457207 0.09537655 0.09589811 0.09581475 0.09570056 0.09516477 0.09368769
0.07827705 0.07664815 0.07488941 0.07311354 0.07192185 0.07078448 0.07040491 0.07024620 0.07038255 0.07073564 0.07126720 0.07147456 0.07227102 0.07272633 0.07337651 0.07348016 0.07416471 0.07469696 0.07542184 0.07601847 0.07654335 0.07697814 0.07785797 0.07844132 0.07901759 0.07968413 0.08050729 0.08102336 0.08144895 0.08126231 0.08071616 0.07972977
0.06857131 0.06706045 0.06560808 0.06395294 0.06266074 0.06167731 0.06108820 0.06088342 0.06101085 0.06120274 0.06143570 0.06195508 0.06205847 0.06259878 0.06289509 0.06333453 0.06383405 0.06448941 0.06514427 0.06567146 0.06643498 0.06695653 0.06752276 0.06809144 0.06857403 0.06933881 0.07005155 0.07076691 0.07117601 0.07123800 0.07026623 0.06980243
0.06267654 0.06118913 0.05970469 0.05820383 0.05685079 0.05593772 0.05538824 0.05518719 0.05519228 0.05535742 0.05554075 0.05572700 0.05605807 0.05624925 0.05661702 0.05702259 0.05762509 0.05822333 0.05882797 0.05957956 0.06018470 0.06074984 0.06124878 0.06179848 0.06243551 0.06307752 0.06372429 0.06440364 0.06476821 0.06495653 0.06459326 0.06383823
0.05945717 0.05803831 0.05664420 0.05507671 0.05392293 0.05291269 0.05231947 0.05203489 0.05187885 0.05220732 0.05224775 0.05244186 0.05274384 0.05286527 0.05319469 0.05365736 0.05424654 0.05494347 0.05563523 0.05636932 0.05704039 0.05756721 0.05810707 0.05861816 0.05918969 0.05977017 0.06036415 0.06098044 0.06135974 0.06156377 0.06124832 0.06042459
0.05797983 0.05663952 0.05521608 0.05376009 0.05257893 0.05170656 0.05103644 0.05067668 0.05063021 0.05070925 0.05072465 0.05096895 0.05119028 0.05139568 0.05180749 0.05228897 0.05295679 0.05373865 0.05455649 0.05533772 0.05605150 0.05666226 0.05708220 0.05764232 0.05811799 0.05861980 0.05920184 0.05969362 0.06012827 0.06011392 0.05975801 0.05906456
0.05734841 0.05595501 0.05467239 0.05310625 0.05207783 0.05111571 0.05048410 0.05011905 0.05003929 0.04998550 0.05011542 0.05041625 0.05053479 0.05086554 0.05133603 0.05198445 0.05285548 0.05365754 0.05460567 0.05550683 0.05621443 0.05674951 0.05731773 0.05768183 0.05816311 0.05856433 0.05902772 0.05938414 0.05946429 0.05961616 0.05917630 0.05841659
0.05685961 0.05554538 0.05412187 0.05278705 0.05159009 0.05065752 0.05003315 0.04968354 0.04948841 0.04969496 0.04967699 0.04994903 0.05006700 0.05053959 0.05113306 0.05183029 0.05252119 0.05375606 0.05481419 0.05575400 0.05661565 0.05721816 0.05779504 0.05797544 0.05838381 0.05870694 0.05902860 0.05934153 0.05948348 0.05925136 0.05882724 0.05795369
