32 32 0.051166 1.1536
0.05403073 0.05360652 0.05334469 0.05302505 0.05291981 0.05285754 0.05302517 0.05292366 0.05307064 0.05319982 0.05326375 0.05340007 0.05348237 0.05380660 0.05423735 0.05471476 0.05526583 0.05597290 0.05655362 0.05697292 0.05708347 0.05694230 0.05687566 0.05656819 0.05624543 0.05591153 0.05561707 0.05535302 0.05518616 0.05499155 0.05466885 0.05443025
0.05373056 0.05333875 0.05297496 0.05269431 0.05250622 0.05245421 0.05240889 0.05228350 0.05234638 0.05251935 0.05277210 0.05280120 0.05281580 0.05304690 0.05356217 0.05413867 0.05489315 0.05553003 0.05606890 0.05669422 0.05691378 0.05684481 0.05675941 0.05644129 0.05601808 0.05581817 0.05545262 0.05517360 0.05492399 0.05472423 0.05443023 0.05410288
0.05340067 0.05300566 0.05265912 0.05245690 0.05216861 0.05191251 0.05191429 0.05152152 0.05184221 0.05175884 0.05182911 0.05182535 0.05201102 0.05235218 0.05284565 0.05334038 0.05416459 0.05474308 0.05562501 0.05620352 0.05644088 0.05659985 0.05647439 0.05611631 0.05575654 0.05553480 0.05511504 0.05489971 0.05465780 0.05435759 0.05412620 0.05371901
0.05317460 0.05279216 0.05244902 0.05217914 0.05177664 0.05175148 0.05152869 0.05143143 0.05127320 0.05116573 0.05121689 0.05118040 0.05140870 0.05175080 0.05225284 0.05297617 0.05371539 0.05451423 0.05525085 0.05603890 0.05617340 0.05629633 0.05615551 0.05585154 0.05552192 0.05523573 0.05486963 0.05466292 0.05445035 0.05412178 0.05385879 0.05355394
0.05423308 0.05390301 0.05357974 0.05325033 0.05292497 0.05266324 0.05247313 0.05225337 0.05205052 0.05190625 0.05185471 0.05181672 0.05196731 0.05230191 0.05288679 0.05358623 0.05445051 0.05528325 0.05598786 0.05659330 0.05702023 0.05697644 0.05699451 0.05668554 0.05633726 0.05597864 0.05571567 0.05546992 0.05519924 0.05498725 0.05471977 0.05441174
0.05938895 0.05907002 0.05881612 0.05842898 0.05821704 0.05797056 0.05758451 0.05732061 0.05699464 0.05669811 0.05661956 0.05666981 0.05680901 0.05718906 0.05774052 0.05840588 0.05924208 0.06009658 0.06075098 0.06142020 0.06170843 0.06188708 0.06174644 0.06154170 0.06117701 0.06082512 0.06058903 0.06023617 0.06003156 0.05985844 0.05969093 0.05965191
0.07332476 0.07292499 0.07268892 0.07244239 0.07195020 0.07170115 0.07125887 0.07081584 0.07045666 0.07024467 0.07007041 0.07011951 0.07030723 0.07066017 0.07130391 0.07200284 0.07292021 0.07343739 0.07427509 0.07476980 0.07515691 0.07516014 0.07490591 0.07500866 0.07450272 0.07433628 0.07380172 0.07368663 0.07345950 0.07364600 0.07353148 0.07328250
0.10123443 0.10137097 0.10124991 0.10082968 0.10022312 0.09978010 0.09918612 0.09921333 0.09855691 0.09790087 0.09810226 0.09783101 0.09811361 0.09857871 0.09926479 0.10027797 0.10063783 0.10105359 0.10188591 0.10227334 0.10268173 0.10263821 0.10221689 0.10213997 0.10192157 0.10130806 0.10150395 0.10146953 0.10135678 0.10109959 0.10140020 0.10072126
0.14969152 0.14940355 0.14966839 0.14885882 0.14856602 0.14841552 0.14751421 0.14690205 0.14692901 0.14604552 0.14574880 0.14598042 0.14604991 0.14650290 0.14686280 0.14784794 0.14772878 0.14895163 0.14854598 0.14917248 0.14966610 0.14981964 0.14945349 0.14922460 0.14850636 0.14900643 0.14902054 0.14879380 0.14844240 0.14850863 0.14905081 0.14987981
0.22164206 0.22361893 0.22126077 0.22220564 0.22293444 0.22186906 0.22104881 0.22086607 0.22195649 0.21930769 0.21868387 0.21941689 0.21763438 0.22144872 0.22007123 0.22085605 0.21980066 0.22223607 0.22209488 0.22316419 0.22340212 0.22276289 0.22192662 0.22250573 0.22236896 0.22189658 0.22164729 0.22155987 0.22266553 0.22221000 0.22191467 0.22315545
0.32665091 0.32326500 0.32597695 0.32712470 0.32367182 0.32505978 0.32418019 0.32418020 0.32238782 0.32428782 0.32098399 0.32455442 0.32151580 0.32354325 0.32225545 0.32170433 0.32508777 0.32554858 0.32659124 0.32556489 0.32406992 0.32537690 0.32345389 0.32395350 0.32398068 0.32421958 0.32201264 0.32329810 0.32448114 0.32382597 0.32612259 0.32334602
0.45801743 0.45776147 0.45895499 0.46137396 0.46321665 0.45769394 0.45855673 0.45596220 0.45714886 0.45566984 0.45291768 0.45397743 0.45191874 0.45846257 0.45654672 0.46191178 0.45588047 0.45999926 0.46003476 0.45711320 0.45844360 0.45679603 0.45182550 0.46153469 0.45673489 0.45344403 0.45620917 0.45588512 0.45902631 0.45640354 0.46028786 0.45766394
0.61773870 0.61831938 0.61393479 0.62016880 0.61487617 0.61295565 0.61080674 0.61283803 0.61371525 0.61159923 0.61316270 0.61589572 0.60767014 0.61507178 0.61965230 0.61816173 0.61621595 0.61131250 0.61509146 0.61535975 0.61290753 0.61760567 0.60927185 0.61367533 0.60431843 0.61142126 0.61005572 0.60975032 0.61172402 0.61415080 0.61101758 0.61421757
0.78198485 0.78561612 0.78965878 0.77597554 0.79200082 0.77202984 0.78427879 0.77725742 0.78046334 0.78310828 0.77671502 0.78540460 0.78541779 0.78350427 0.77933413 0.78517078 0.78313738 0.77073166 0.78690286 0.78822346 0.78200388 0.78094923 0.77446787 0.78694485 0.78028259 0.77457667 0.77686286 0.78237373 0.78185333 0.78213662 0.78599232 0.77719978
0.93988102 0.94880070 0.95833125 0.95921737 0.94904646 0.94229084 0.94162843 0.94707164 0.94969551 0.93557464 0.94041140 0.93907434 0.95660942 0.95679363 0.96791892 0.93714077 0.94910058 0.94452743 0.94058192 0.95144400 0.93730590 0.93513931 0.94597813 0.94285870 0.94320773 0.93631605 0.95026114 0.94152170 0.94318674 0.94391632 0.95263089 0.95398880
1.07606467 1.08820933 1.07957718 1.08971425 1.08827073 1.07247340 1.08086167 1.08010715 1.07701666 1.08123933 1.08238862 1.07125684 1.08737736 1.08965849 1.08998178 1.07977575 1.07968131 1.08043629 1.06729185 1.06369303 1.07696655 1.08644172 1.07277323 1.09461385 1.06938093 1.06038006 1.08378072 1.09656212 1.09217391 1.08557484 1.06797651 1.07438517
1.18137211 1.16784362 1.19271137 1.17184115 1.17212609 1.17407077 1.16479550 1.15548576 1.16384830 1.16491429 1.16963871 1.16678196 1.16342057 1.15882037 1.17278858 1.17796152 1.16787859 1.16998047 1.15163618 1.15916532 1.16790803 1.16427868 1.15271460 1.17882346 1.16587168 1.16147659 1.16378528 1.17434753 1.16372192 1.17893919 1.17638153 1.16064180
1.19767429 1.20416742 1.19915598 1.19834561 1.19526827 1.18637330 1.18805693 1.18739082 1.18053950 1.18608670 1.18814948 1.18997928 1.19103665 1.19509661 1.19040533 1.19521721 1.19586438 1.19688206 1.18576281 1.19115224 1.18917073 1.18773233 1.18775056 1.18876790 1.19116761 1.19256675 1.19415472 1.19791781 1.19477270 1.19951812 1.20476874 1.19309335
1.16098315 1.15880186 1.15862981 1.14856272 1.14062563 1.13156944 1.13374720 1.14427378 1.14167999 1.14601611 1.14316303 1.14497891 1.14125822 1.15677684 1.15082202 1.15642949 1.15114179 1.14191809 1.15938305 1.16448095 1.14755216 1.16057738 1.14857044 1.14137468 1.16662889 1.14772482 1.13566379 1.15029106 1.15743674 1.16092847 1.16859903 1.16374107
1.06303084 1.05981058 1.06694028 1.05727748 1.04124668 1.05261247 1.03344068 1.04326791 1.04154348 1.02752708 1.03409204 1.05057125 1.05711830 1.06827779 1.06359279 1.04583206 1.07673618 1.04338691 1.07693101 1.04825676 1.05665474 1.04594401 1.04450338 1.05947826 1.04800746 1.07325783 1.06560035 1.05932669 1.06477711 1.06006465 1.05465066 1.05572328
0.93161568 0.90987483 0.91229097 0.91416632 0.89541478 0.90285988 0.90561436 0.91145355 0.91693743 0.90787417 0.90871048 0.89371966 0.90594594 0.91221954 0.93091132 0.91586096 0.90752850 0.91240134 0.90498817 0.91514595 0.90701627 0.89829398 0.90395124 0.91362562 0.90430944 0.91694872 0.91619085 0.90952471 0.91854422 0.92707262 0.92071413 0.91953083
0.75063809 0.75374919 0.74649937 0.73255043 0.73479144 0.74253297 0.73956822 0.73765237 0.73127437 0.72838443 0.73537573 0.73840389 0.74397544 0.74653646 0.74684539 0.74710569 0.74165307 0.74482365 0.73449506 0.73572326 0.74850487 0.74226664 0.73974673 0.74454810 0.75144653 0.75140665 0.74673387 0.75542685 0.74649077 0.74928281 0.74277742 0.75465393
0.57817732 0.57594047 0.57732508 0.57506720 0.57757850 0.57130209 0.56892370 0.56985104 0.56689679 0.57239108 0.57210703 0.57616632 0.56920962 0.57947583 0.57694062 0.57778905 0.58003012 0.57882741 0.57409189 0.57930988 0.57833809 0.57934770 0.58161602 0.58167932 0.57888025 0.57924863 0.58114640 0.57542532 0.57339520 0.58557236 0.58940656 0.57704634
0.42714288 0.42783125 0.42477699 0.42566267 0.42179894 0.42274259 0.41750216 0.42389276 0.42216808 0.42328689 0.42288792 0.42169655 0.42153991 0.42574721 0.42419662 0.42184076 0.42544051 0.42481769 0.42689596 0.42561664 0.42599333 0.42710571 0.42566722 0.42882706 0.42472881 0.42945539 0.42804980 0.43184275 0.43083799 0.43136780 0.42688759 0.42713239
0.30276383 0.30230555 0.30089972 0.29982629 0.29870027 0.29509849 0.29736772 0.29505060 0.29541439 0.29498130 0.29610176 0.29806418 0.29821408 0.29927097 0.29998967 0.30051197 0.29898521 0.30058867 0.30017586 0.30005228 0.30123389 0.29934434 0.30288806 0.30183725 0.30276974 0.30160144 0.30349735 0.30518091 0.30417294 0.30385626 0.30469628 0.30220170
0.20620321 0.20553915 0.20452719 0.20190344 0.20287117 0.20126370 0.20175074 0.20172963 0.20205135 0.20155613 0.20218623 0.20111480 0.20301858 0.20380864 0.20466069 0.20276743 0.20447490 0.20411985 0.20428983 0.20481889 0.20499257 0.20412670 0.20607546 0.20668014 0.20682444 0.20727632 0.20892136 0.20792399 0.20902350 0.20851740 0.20766763 0.20800806
0.13881028 0.13813770 0.13755526 0.13643527 0.13633646 0.13575858 0.13552024 0.13557251 0.13596910 0.13624126 0.13628680 0.13644442 0.13615997 0.13696869 0.13698171 0.13698329 0.13748809 0.13769081 0.13841094 0.13778396 0.13885888 0.13874701 0.13916981 0.13937066 0.13881712 0.13939584 0.14026185 0.14081974 0.14135552 0.14070318 0.13931303 0.13942121
0.09619933 0.09551560 0.09500151 0.09441176 0.09368728 0.09304120 0.09339785 0.09361514 0.09379444 0.09406147 0.09448538 0.09416807 0.09455909 0.09445848 0.09483626 0.09497890 0.09545467 0.09561687 0.09577203 0.09632432 0.09652236 0.09638529 0.09641112 0.09630318 0.09658090 0.09637918 0.09684265 0.09675414 0.09729522 0.09708780 0.09696098 0.09672051
0.07154423 0.07114146 0.07070998 0.07017648 0.06992137 0.06968275 0.06978425 0.06992969 0.07013276 0.07046371 0.07050335 0.07071126 0.07084486 0.07098499 0.07119325 0.07135586 0.07174768 0.07203530 0.07226240 0.07245062 0.07256995 0.07246977 0.07244388 0.07238068 0.07231745 0.07215520 0.07212054 0.07235490 0.07233252 0.07255981 0.07246402 0.07205730
0.05992559 0.05946442 0.05915984 0.05880021 0.05866619 0.05864165 0.05869700 0.05880146 0.05911846 0.05927783 0.05937624 0.05950112 0.05965267 0.05970512 0.05996224 0.06024630 0.06063083 0.06110500 0.06145791 0.06168895 0.06177808 0.06174707 0.06149895 0.06137273 0.06111159 0.06090282 0.06080128 0.06076882 0.06080113 0.06075674 0.06066106 0.06030248
0.05558327 0.05519650 0.05492369 0.05449430 0.05453784 0.05450135 0.05456492 0.05472980 0.05500300 0.05501871 0.05514986 0.05543407 0.05542233 0.05565506 0.05594993 0.05634729 0.05691789 0.05734056 0.05777610 0.05807313 0.05814889 0.05800704 0.05781976 0.05745731 0.05722814 0.05693874 0.05678499 0.05668570 0.05638474 0.05644108 0.05623167 0.05594334
0.05436313 0.05401402 0.05367782 0.05345056 0.05332550 0.05330137 0.05335249 0.05349210 0.05360865 0.05393258 0.05383248 0.05405208 0.05409585 0.05437389 0.05477560 0.05521084 0.05567183 0.05634649 0.05682649 0.05723208 0.05738586 0.05728445 0.05711569 0.05657462 0.05632255 0.05605488 0.05579749 0.05563721 0.05553714 0.05534143 0.05510877 0.05471623
