32 32 0.050748 0.45903
0.05771829 0.05668644 0.05577584 0.05473953 0.05395480 0.05341496 0.05312105 0.05278861 0.05278185 0.05289723 0.05294870 0.05307963 0.05317389 0.05345044 0.05377029 0.05422602 0.05481026 0.05563201 0.05640549 0.05713000 0.05761793 0.05796436 0.05848528 0.05875183 0.05907267 0.05932188 0.05948838 0.05956868 0.05970092 0.05960373 0.05909881 0.05850230
0.05734351 0.05641403 0.05543922 0.05442746 0.05371241 0.05315081 0.05272846 0.05233426 0.05227386 0.05237503 0.05255279 0.05258734 0.05257789 0.05277291 0.05324704 0.05379503 0.05458661 0.05533468 0.05613610 0.05703850 0.05763260 0.05808906 0.05854912 0.05882168 0.05895952 0.05925238 0.05934850 0.05938371 0.05936686 0.05917918 0.05879175 0.05810753
0.05690320 0.05603375 0.05510260 0.05432978 0.05348953 0.05277189 0.05241126 0.05171548 0.05189409 0.05179166 0.05178401 0.05167601 0.05190468 0.05216667 0.05264775 0.05319233 0.05399826 0.05472674 0.05581499 0.05672676 0.05738462 0.05802953 0.05843116 0.05860367 0.05873054 0.05896907 0.05894577 0.05896919 0.05890771 0.05860819 0.05827561 0.05750202
0.05641447 0.05557432 0.05473502 0.05393307 0.05296841 0.05253116 0.05204497 0.05166141 0.05139469 0.05123170 0.05117581 0.05106672 0.05121413 0.05148364 0.05194337 0.05272054 0.05353307 0.05449748 0.05547618 0.05663447 0.05720671 0.05778956 0.05815125 0.05833457 0.05842087 0.05855261 0.05855953 0.05850235 0.05843506 0.05805067 0.05769035 0.05714672
0.05625990 0.05552127 0.05470910 0.05386781 0.05317807 0.05251583 0.05203735 0.05157982 0.05123321 0.05101839 0.05087409 0.05074755 0.05088203 0.05109868 0.05160733 0.05235431 0.05330537 0.05432497 0.05531834 0.05627298 0.05721169 0.05766999 0.05815344 0.05831268 0.05837175 0.05842963 0.05836419 0.05831899 0.05809962 0.05779262 0.05736307 0.05679500
0.05762665 0.05698333 0.05624866 0.05541311 0.05478726 0.05419551 0.05354892 0.05311323 0.05264108 0.05228260 0.05202221 0.05194119 0.05203382 0.05234845 0.05282754 0.05356119 0.05453768 0.05554308 0.05654208 0.05758157 0.05834920 0.05901790 0.05943875 0.05964588 0.05968142 0.05966184 0.05955967 0.05941446 0.05920993 0.05897500 0.05859596 0.05829319
0.06261298 0.06194064 0.06137576 0.06063200 0.05985544 0.05922973 0.05857555 0.05794653 0.05742081 0.05693313 0.05680420 0.05664219 0.05669851 0.05700192 0.05750938 0.05824069 0.05926563 0.06016243 0.06127112 0.06224110 0.06309493 0.06367233 0.06403815 0.06440680 0.06436203 0.06439157 0.06413487 0.06406929 0.06382287 0.06376327 0.06344472 0.06303421
0.07337583 0.07299182 0.07241029 0.07170840 0.07089871 0.07017847 0.06939676 0.06888251 0.06826374 0.06763982 0.06741515 0.06715741 0.06718323 0.06749382 0.06800256 0.06892723 0.06963176 0.07058219 0.07163070 0.07260381 0.07351550 0.07405121 0.07433879 0.07474978 0.07484394 0.07468472 0.07477817 0.07464601 0.07461612 0.07424335 0.07413751 0.07336480
0.09251676 0.09163378 0.09160576 0.09070974 0.09001992 0.08933441 0.08838978 0.08766185 0.08716134 0.08641229 0.08596352 0.08580666 0.08564361 0.08595591 0.08635524 0.08720295 0.08770348 0.08892050 0.08953799 0.09061705 0.09154255 0.09224634 0.09267944 0.09295658 0.09295395 0.09327881 0.09307560 0.09312502 0.09286643 0.09275180 0.09277638 0.09283584
0.12096658 0.12143225 0.12005372 0.11981414 0.11946885 0.11847996 0.11753466 0.11687683 0.11675964 0.11525821 0.11465278 0.11471846 0.11375717 0.11522487 0.11494683 0.11562943 0.11579699 0.11738420 0.11823362 0.11929287 0.12015599 0.12054367 0.12091265 0.12165129 0.12176801 0.12180542 0.12180819 0.12176325 0.12214690 0.12179597 0.12158256 0.12185015
0.16290006 0.16117384 0.16189395 0.16181615 0.16005467 0.15966000 0.15864768 0.15796693 0.15673405 0.15675864 0.15518381 0.15629326 0.15476861 0.15569899 0.15527870 0.15540939 0.15718327 0.15819579 0.15932645 0.15953721 0.15980698 0.16098578 0.16087631 0.16157580 0.16194500 0.16232673 0.16162255 0.16222682 0.16248298 0.16223813 0.16307333 0.16188079
0.21542728 0.21524939 0.21473755 0.21542755 0.21536882 0.21246257 0.21233840 0.21063514 0.21024269 0.20948433 0.20802597 0.20772918 0.20709059 0.20931654 0.20858172 0.21118267 0.20923909 0.21140102 0.21212570 0.21175711 0.21310533 0.21317880 0.21204666 0.21587397 0.21486581 0.21390553 0.21495430 0.21502041 0.21630217 0.21521642 0.21668759 0.21571427
0.27949423 0.27907335 0.27738411 0.27875015 0.27598296 0.27454600 0.27386483 0.27393763 0.27312911 0.27232900 0.27159620 0.27205878 0.26940892 0.27168122 0.27372266 0.27305508 0.27354025 0.27255855 0.27394309 0.27476480 0.27492862 0.27729979 0.27515504 0.27699367 0.27463850 0.27733757 0.27691666 0.27663713 0.27783873 0.27824630 0.27752042 0.27902680
0.34408495 0.34703994 0.34758480 0.34170533 0.34680178 0.33828440 0.34193987 0.34062934 0.34055554 0.33977528 0.33707864 0.34028970 0.33891342 0.33976098 0.33894145 0.34056230 0.33940458 0.33711101 0.34287278 0.34425476 0.34254369 0.34324083 0.34283612 0.34694438 0.34513143 0.34308766 0.34444901 0.34678427 0.34457114 0.34595059 0.34675838 0.34399056
0.40858463 0.41146719 0.41279870 0.41282324 0.40856572 0.40506293 0.40458447 0.40705847 0.40599024 0.40102780 0.40286983 0.40154510 0.40649557 0.40843637 0.41122621 0.40361277 0.40723059 0.40681559 0.40486732 0.40855371 0.40672241 0.40544394 0.40980729 0.40957034 0.41040360 0.40958960 0.41398506 0.41010281 0.41092595 0.41124331 0.41308799 0.41428791
0.46159599 0.46490508 0.46342707 0.46373858 0.46316550 0.46023634 0.45990081 0.45933512 0.45754270 0.45897563 0.45825116 0.45361550 0.45950937 0.46035272 0.46102087 0.45866153 0.45707498 0.46164034 0.45671500 0.45490450 0.46400146 0.46516325 0.46304520 0.46719965 0.46148661 0.46135095 0.46653452 0.47080337 0.46995102 0.46436001 0.46051800 0.46335138
0.50118118 0.49422610 0.50301478 0.49471481 0.49597557 0.49570793 0.49167588 0.48883130 0.49018896 0.49008427 0.49076284 0.48985374 0.48910124 0.48965585 0.49277411 0.49644768 0.49325031 0.49465501 0.49006992 0.49039806 0.49797487 0.49683090 0.49362357 0.50214327 0.49866414 0.49850740 0.49769436 0.50106668 0.49654926 0.50276712 0.50131056 0.49769178
0.50381886 0.50677720 0.50362273 0.50236836 0.50035667 0.49743164 0.49794976 0.49705053 0.49594999 0.49668407 0.49793667 0.49872188 0.49886385 0.49963223 0.49932317 0.50115129 0.50244122 0.50302646 0.50199463 0.50409607 0.50433775 0.50448615 0.50612080 0.50735703 0.50764756 0.50827159 0.50820807 0.50977298 0.50749873 0.50826132 0.50876776 0.50605007
0.48674009 0.48694321 0.48572518 0.48039299 0.47796268 0.47250434 0.47255010 0.47617087 0.47474676 0.47688226 0.47644645 0.47702093 0.47890858 0.48532475 0.48320094 0.48443039 0.48416709 0.48093123 0.48824093 0.48897836 0.48519423 0.49342537 0.48818419 0.48209575 0.49529714 0.48796208 0.48387988 0.48665024 0.49258435 0.49342398 0.49322075 0.48890466
0.44832269 0.44414756 0.44614045 0.44166119 0.43372446 0.43908815 0.43244096 0.43187373 0.43430774 0.43114389 0.43355526 0.43942867 0.44349536 0.44446664 0.44545573 0.43927727 0.44739207 0.43870373 0.45079022 0.44296492 0.44536203 0.44477617 0.44220907 0.44916546 0.44621182 0.45415346 0.45180879 0.44704344 0.45145352 0.44903000 0.44717545 0.44610621
0.39088239 0.38412363 0.38234623 0.38266412 0.37535376 0.37548647 0.37745768 0.37759272 0.38042134 0.37868106 0.37870628 0.37653024 0.38033819 0.38112512 0.38799095 0.38358277 0.38198629 0.38419690 0.38246901 0.38762377 0.38680817 0.38432845 0.38603248 0.38770166 0.38715575 0.38981498 0.39089423 0.38947309 0.39175742 0.39314194 0.39031004 0.38973833
0.32029792 0.32021635 0.31528734 0.31081427 0.31032391 0.31231713 0.30986246 0.30914387 0.30782588 0.30841162 0.31111719 0.31235433 0.31474580 0.31670259 0.31644998 0.31715897 0.31601990 0.31797347 0.31482307 0.31638217 0.32073290 0.31813422 0.31840888 0.32002196 0.32244257 0.32288093 0.32223565 0.32495711 0.32163926 0.32168466 0.31994925 0.32339867
0.25275186 0.25146361 0.24955911 0.24801481 0.24712656 0.24435136 0.24320257 0.24412952 0.24387032 0.24557158 0.24678524 0.24870088 0.24683243 0.25069731 0.24978561 0.25028512 0.25155832 0.25192506 0.25039373 0.25240254 0.25267801 0.25292095 0.25453153 0.25504500 0.25451870 0.25497207 0.25597783 0.25414471 0.25419632 0.25789364 0.25852988 0.25336565
0.19421829 0.19310541 0.19075301 0.18959079 0.18742415 0.18699653 0.18489946 0.18713457 0.18717886 0.18821424 0.18868155 0.18886509 0.18932245 0.19127982 0.19070126 0.19037187 0.19147149 0.19174830 0.19251787 0.19246547 0.19291335 0.19366329 0.19350053 0.19484422 0.19380393 0.19622715 0.19584809 0.19768741 0.19785004 0.19784056 0.19596349 0.19524297
0.14693915 0.14549848 0.14369360 0.14206747 0.14064427 0.13895729 0.13929066 0.13874214 0.13911479 0.13964624 0.14078079 0.14175166 0.14233097 0.14303726 0.14347991 0.14374528 0.14322523 0.14410874 0.14397149 0.14416484 0.14500390 0.14445440 0.14602064 0.14599231 0.14669988 0.14682848 0.14818703 0.14918741 0.14919898 0.14933582 0.14932397 0.14772338
0.11094613 0.10952943 0.10787478 0.10587949 0.10521433 0.10401511 0.10395953 0.10403744 0.10442186 0.10491286 0.10564152 0.10581042 0.10684473 0.10730851 0.10783741 0.10715932 0.10784341 0.10778372 0.10803854 0.10835324 0.10852164 0.10856336 0.10952171 0.11011687 0.11062185 0.11135074 0.11258222 0.11292722 0.11373733 0.11360102 0.11314998 0.11246208
0.08633807 0.08497556 0.08367562 0.08211634 0.08118641 0.08037252 0.08004210 0.08009741 0.08061311 0.08111020 0.08154311 0.08218468 0.08229686 0.08281164 0.08289801 0.08300146 0.08317733 0.08337288 0.08373553 0.08375091 0.08429000 0.08448159 0.08492456 0.08539484 0.08569207 0.08649810 0.08735675 0.08822810 0.08875004 0.08878920 0.08779537 0.08744368
0.07124560 0.06989903 0.06857470 0.06730529 0.06615814 0.06541998 0.06528806 0.06541516 0.06573548 0.06627089 0.06672403 0.06698902 0.06740418 0.06746529 0.06771246 0.06783200 0.06812061 0.06828126 0.06848681 0.06889760 0.06919502 0.06943456 0.06973554 0.07012905 0.07072230 0.07125137 0.07196612 0.07258317 0.07308757 0.07324155 0.07296945 0.07229885
0.06299552 0.06169858 0.06054345 0.05921880 0.05833053 0.05766323 0.05744252 0.05752384 0.05773640 0.05826553 0.05857014 0.05890556 0.05920609 0.05928664 0.05949860 0.05962895 0.05990042 0.06018545 0.06048259 0.06082555 0.06112762 0.06138635 0.06174438 0.06212566 0.06258590 0.06309685 0.06365639 0.06426685 0.06459562 0.06482980 0.06455934 0.06381414
0.05936640 0.05821557 0.05706754 0.05595502 0.05506334 0.05449871 0.05421531 0.05422033 0.05448132 0.05473835 0.05502467 0.05535161 0.05559736 0.05566978 0.05591961 0.05611683 0.05642955 0.05688818 0.05729970 0.05770354 0.05808453 0.05841813 0.05867593 0.05907720 0.05943585 0.05988623 0.06037211 0.06080116 0.06120480 0.06122960 0.06090531 0.06029148
0.05830239 0.05714215 0.05614135 0.05495958 0.05422837 0.05365244 0.05334730 0.05331458 0.05353245 0.05360296 0.05387010 0.05423477 0.05428135 0.05449098 0.05478170 0.05509057 0.05560277 0.05604447 0.05661254 0.05714936 0.05755913 0.05785395 0.05821757 0.05847817 0.05886764 0.05923157 0.05965068 0.05998267 0.06003387 0.06018513 0.05982654 0.05917799
0.05796949 0.05694071 0.05585971 0.05486452 0.05405021 0.05349317 0.05315877 0.05309436 0.05308124 0.05344043 0.05338746 0.05362966 0.05366144 0.05392662 0.05426469 0.05464311 0.05517511 0.05582738 0.05648987 0.05713383 0.05768895 0.05812156 0.05846481 0.05859972 0.05897812 0.05930809 0.05955656 0.05986669 0.06005787 0.05989206 0.05955465 0.05884380
