32 32 0.049976 0.33248
0.05741534 0.05637028 0.05542287 0.05439489 0.05359033 0.05300631 0.05265298 0.05228007 0.05227010 0.05229052 0.05236644 0.05251394 0.05266733 0.05301206 0.05349943 0.05405564 0.05472888 0.05559760 0.05644988 0.05722311 0.05774894 0.05807968 0.05859786 0.05884256 0.05912343 0.05932509 0.05948453 0.05956719 0.05958410 0.05941187 0.05891337 0.05828815
0.05681555 0.05582965 0.05479855 0.05377961 0.05301934 0.05242892 0.05200924 0.05160702 0.05148948 0.05165941 0.05197122 0.05202329 0.05209504 0.05241494 0.05296029 0.05364669 0.05452309 0.05535955 0.05614420 0.05712405 0.05776210 0.05819541 0.05866418 0.05890614 0.05902711 0.05928767 0.05929438 0.05930694 0.05917279 0.05891797 0.05843606 0.05766640
0.05618877 0.05522104 0.05420615 0.05333765 0.05248660 0.05177110 0.05145005 0.05084748 0.05103117 0.05093380 0.05107223 0.05113267 0.05143387 0.05183867 0.05243229 0.05308238 0.05399539 0.05475309 0.05591978 0.05684686 0.05744561 0.05819248 0.05859122 0.05878388 0.05887105 0.05909111 0.05900179 0.05894671 0.05877598 0.05833294 0.05785253 0.05693890
0.05556539 0.05455282 0.05354593 0.05271659 0.05182509 0.05131330 0.05087505 0.05057572 0.05040164 0.05035948 0.05042021 0.05051392 0.05078907 0.05117552 0.05174113 0.05267580 0.05357870 0.05461264 0.05562886 0.05683071 0.05742732 0.05805616 0.05844128 0.05865239 0.05873833 0.05881816 0.05870431 0.05857905 0.05833838 0.05780562 0.05725188 0.05648128
0.05512882 0.05422750 0.05323880 0.05229855 0.05157442 0.05094710 0.05053603 0.05021898 0.05002723 0.04997640 0.05001539 0.05010549 0.05037971 0.05083525 0.05148771 0.05230645 0.05333855 0.05441910 0.05550313 0.05646897 0.05744098 0.05793048 0.05843325 0.05869075 0.05877447 0.05873421 0.05864346 0.05848640 0.05804991 0.05752361 0.05682899 0.05594165
0.05587257 0.05496129 0.05399946 0.05307113 0.05239451 0.05183710 0.05130160 0.05101710 0.05079164 0.05066976 0.05062730 0.05080575 0.05103583 0.05153463 0.05215795 0.05300182 0.05402750 0.05508182 0.05606455 0.05726297 0.05801900 0.05876924 0.05928257 0.05952235 0.05962111 0.05961531 0.05946283 0.05919445 0.05874549 0.05824173 0.05757291 0.05680164
0.05923757 0.05825146 0.05744247 0.05658685 0.05580612 0.05525359 0.05470497 0.05431193 0.05397678 0.05374571 0.05379692 0.05390883 0.05415070 0.05465046 0.05527918 0.05601159 0.05710489 0.05806682 0.05919097 0.06020715 0.06114570 0.06183340 0.06235922 0.06277834 0.06286239 0.06292992 0.06265979 0.06243238 0.06193699 0.06156087 0.06089489 0.06009112
0.06679870 0.06603886 0.06519384 0.06439111 0.06355150 0.06289777 0.06230388 0.06194155 0.06159564 0.06127592 0.06126946 0.06120332 0.06139457 0.06182848 0.06241230 0.06330326 0.06411219 0.06512349 0.06616246 0.06718873 0.06820310 0.06893025 0.06938665 0.06977832 0.07012782 0.07006482 0.07012050 0.06986292 0.06961163 0.06891573 0.06837301 0.06724237
0.08034805 0.07911613 0.07879528 0.07784267 0.07717108 0.07652603 0.07579991 0.07525532 0.07497905 0.07451595 0.07428500 0.07429225 0.07433721 0.07467435 0.07514579 0.07593411 0.07650400 0.07764701 0.07841781 0.07949816 0.08047408 0.08133600 0.08197726 0.08247064 0.08271230 0.08309311 0.08289373 0.08286881 0.08249935 0.08199076 0.08156700 0.08111693
0.10061696 0.10051528 0.09902147 0.09863569 0.09821009 0.09732700 0.09658813 0.09613783 0.09606700 0.09500765 0.09459149 0.09466666 0.09406801 0.09515179 0.09505721 0.09570386 0.09602260 0.09729378 0.09818049 0.09917720 0.10010631 0.10082484 0.10149349 0.10235721 0.10268146 0.10300409 0.10312817 0.10305140 0.10312446 0.10258066 0.10200343 0.10171813
0.13054548 0.12884358 0.12904917 0.12872523 0.12723929 0.12686750 0.12607798 0.12557571 0.12464173 0.12470561 0.12344859 0.12421825 0.12309697 0.12362696 0.12339140 0.12355592 0.12483764 0.12563773 0.12667550 0.12710674 0.12768104 0.12889147 0.12925753 0.13019389 0.13083383 0.13142859 0.13115305 0.13163263 0.13169478 0.13131665 0.13151196 0.13024348
0.16810325 0.16763510 0.16694065 0.16719210 0.16697216 0.16479246 0.16461258 0.16335669 0.16296960 0.16235417 0.16121502 0.16082422 0.16020540 0.16162934 0.16104155 0.16272730 0.16142927 0.16297440 0.16357998 0.16362399 0.16490635 0.16539630 0.16513283 0.16824252 0.16809070 0.16789297 0.16886292 0.16908585 0.17003006 0.16905752 0.16975764 0.16879082
0.21405525 0.21334284 0.21194769 0.21260688 0.21050024 0.20940284 0.20891823 0.20891731 0.20813709 0.20742360 0.20664538 0.20670705 0.20468907 0.20603267 0.20715676 0.20659850 0.20698897 0.20633249 0.20732094 0.20810338 0.20861035 0.21063345 0.20980324 0.21158908 0.21069061 0.21295939 0.21305616 0.21306634 0.21400300 0.21407831 0.21344467 0.21425642
0.26022945 0.26236357 0.26234290 0.25792514 0.26147943 0.25530015 0.25781669 0.25701986 0.25669857 0.25577925 0.25363095 0.25566713 0.25429088 0.25475127 0.25401676 0.25493457 0.25389511 0.25249273 0.25645882 0.25762827 0.25683230 0.25784052 0.25835812 0.26163597 0.26102337 0.26014583 0.26155522 0.26346703 0.26162826 0.26274852 0.26294484 0.26078766
0.30690609 0.30857062 0.30897816 0.30887356 0.30585619 0.30328026 0.30292421 0.30473169 0.30362770 0.29996664 0.30104585 0.29974967 0.30287199 0.30407119 0.30554591 0.30061422 0.30287039 0.30271323 0.30136252 0.30404970 0.30357526 0.30294831 0.30645669 0.30699019 0.30823038 0.30841720 0.31177322 0.30916341 0.30981906 0.30994530 0.31065840 0.31134680
0.34511999 0.34687155 0.34577529 0.34542773 0.34533360 0.34352772 0.34303338 0.34245870 0.34099117 0.34187036 0.34092617 0.33744451 0.34148509 0.34161896 0.34204256 0.34059248 0.33914574 0.34278034 0.33969499 0.33879043 0.34585060 0.34639609 0.34599441 0.34814333 0.34597129 0.34691657 0.35001329 0.35307155 0.35265295 0.34787255 0.34514482 0.34717549
0.37339254 0.36831568 0.37407332 0.36798980 0.36929526 0.36838852 0.36591969 0.36408127 0.36476739 0.36439615 0.36491307 0.36411511 0.36315609 0.36342598 0.36571877 0.36838004 0.36655368 0.36772985 0.36486730 0.36437537 0.37163884 0.37100555 0.36845635 0.37570128 0.37363284 0.37425184 0.37323865 0.37590717 0.37229716 0.37595921 0.37475135 0.37232996
0.37542965 0.37685925 0.37460320 0.37378729 0.37249666 0.37020840 0.37065681 0.36984121 0.36966276 0.37018597 0.37044823 0.37091371 0.37113944 0.37222314 0.37183082 0.37309420 0.37431808 0.37496955 0.37524282 0.37727995 0.37774984 0.37788491 0.38001812 0.38095596 0.38143860 0.38186012 0.38206400 0.38245494 0.38103499 0.38031600 0.38080337 0.37826661
0.36300848 0.36367033 0.36219472 0.35796585 0.35644340 0.35331576 0.35273972 0.35517151 0.35434039 0.35579010 0.35550463 0.35578446 0.35787355 0.36253637 0.36126136 0.36234323 0.36270118 0.36067867 0.36608912 0.36706218 0.36514333 0.37207473 0.36831540 0.36355708 0.37372164 0.36842360 0.36521418 0.36692328 0.37086895 0.37108100 0.36955688 0.36579355
0.33658330 0.33288811 0.33408970 0.33071890 0.32479185 0.32902690 0.32443186 0.32359297 0.32581754 0.32375718 0.32561607 0.32983207 0.33302742 0.33381384 0.33492199 0.33094631 0.33681229 0.33137955 0.34045936 0.33559657 0.33752729 0.33793678 0.33609386 0.34143175 0.33959944 0.34481676 0.34283421 0.33878157 0.34131884 0.33900255 0.33708840 0.33556808
0.29523483 0.29046144 0.28873408 0.28888719 0.28375570 0.28361845 0.28516884 0.28520326 0.28722551 0.28624944 0.28630904 0.28521378 0.28803511 0.28873027 0.29404600 0.29142353 0.29081210 0.29293904 0.29222034 0.29661020 0.29678414 0.29522135 0.29663711 0.29767737 0.29762776 0.29906175 0.29955257 0.29820663 0.29901397 0.29908167 0.29639504 0.29537202
0.24538878 0.24492640 0.24110015 0.23800497 0.23752197 0.23888488 0.23701803 0.23653328 0.23571790 0.23630843 0.23834191 0.23932572 0.24123637 0.24304678 0.24309229 0.24410751 0.24379889 0.24579853 0.24396130 0.24564047 0.24928781 0.24757612 0.24809946 0.24932834 0.25097549 0.25115269 0.25036641 0.25174850 0.24876544 0.24805254 0.24637424 0.24821758
0.19749966 0.19640650 0.19468144 0.19341765 0.19257735 0.19056540 0.18969356 0.19040413 0.19021345 0.19139474 0.19238895 0.19386303 0.19269087 0.19567974 0.19532450 0.19604051 0.19739996 0.19826508 0.19758973 0.19949061 0.20011434 0.20060224 0.20206757 0.20253594 0.20213395 0.20226082 0.20270092 0.20091313 0.20052139 0.20264976 0.20245144 0.19840525
0.15598546 0.15491348 0.15299124 0.15198260 0.15031070 0.14986716 0.14838500 0.14977510 0.14976044 0.15045390 0.15079884 0.15097562 0.15140419 0.15296716 0.15275906 0.15284790 0.15407363 0.15470560 0.15566151 0.15604606 0.15678410 0.15769006 0.15778946 0.15887332 0.15815356 0.15977936 0.15928003 0.16036341 0.16007524 0.15964658 0.15793630 0.15701402
0.12243850 0.12114585 0.11966949 0.11829325 0.11718682 0.11577831 0.11584157 0.11535960 0.11545193 0.11561861 0.11654526 0.11715966 0.11759316 0.11816937 0.11868736 0.11922395 0.11908778 0.12011840 0.12042711 0.12093853 0.12193422 0.12186461 0.12317837 0.12329162 0.12385748 0.12396577 0.12476714 0.12530292 0.12504819 0.12491613 0.12467417 0.12323217
0.09692206 0.09566550 0.09429434 0.09269106 0.09197450 0.09092871 0.09071879 0.09057277 0.09067309 0.09087734 0.09129290 0.09123358 0.09205016 0.09241489 0.09296480 0.09272641 0.09344541 0.09370402 0.09428426 0.09481276 0.09525606 0.09562548 0.09649144 0.09705510 0.09748139 0.09804635 0.09890972 0.09905318 0.09956039 0.09927030 0.09879788 0.09813114
0.07929935 0.07816113 0.07706072 0.07574146 0.07483313 0.07403197 0.07358009 0.07341903 0.07362041 0.07373152 0.07388585 0.07430620 0.07427116 0.07473867 0.07489297 0.07514887 0.07551875 0.07597776 0.07655102 0.07684202 0.07755341 0.07789699 0.07842515 0.07888976 0.07914777 0.07982450 0.08048576 0.08107756 0.08150790 0.08143499 0.08048632 0.08024987
0.06844863 0.06731333 0.06622277 0.06504780 0.06396800 0.06324730 0.06289864 0.06276976 0.06286030 0.06304799 0.06318523 0.06329358 0.06354723 0.06365225 0.06388279 0.06411981 0.06457586 0.06495123 0.06539210 0.06597379 0.06649692 0.06681226 0.06719721 0.06760282 0.06812920 0.06856729 0.06912188 0.06965920 0.06999134 0.07011217 0.06988726 0.06932929
0.06239967 0.06126984 0.06020806 0.05901643 0.05819448 0.05744041 0.05705635 0.05691909 0.05690127 0.05715927 0.05720965 0.05736638 0.05756183 0.05764063 0.05786406 0.05814927 0.05854264 0.05899877 0.05945270 0.05997286 0.06042572 0.06072158 0.06117929 0.06158135 0.06197684 0.06241323 0.06292504 0.06340692 0.06366807 0.06396149 0.06372261 0.06310746
0.05957937 0.05852297 0.05748908 0.05637985 0.05554684 0.05495754 0.05452213 0.05431591 0.05437388 0.05445099 0.05450517 0.05472569 0.05486419 0.05496222 0.05525528 0.05555404 0.05600103 0.05657673 0.05712177 0.05765902 0.05813525 0.05854448 0.05878565 0.05919462 0.05957230 0.05993130 0.06040618 0.06084057 0.06116656 0.06124142 0.06100021 0.06040486
0.05850494 0.05743970 0.05649891 0.05529135 0.05463089 0.05395187 0.05351825 0.05337485 0.05339304 0.05335331 0.05353422 0.05377971 0.05379425 0.05406076 0.05436964 0.05479623 0.05539656 0.05596507 0.05663849 0.05726579 0.05776774 0.05808926 0.05846128 0.05873399 0.05907997 0.05940561 0.05977991 0.06007658 0.06020283 0.06028975 0.05996986 0.05936877
0.05793540 0.05693988 0.05589460 0.05490338 0.05405044 0.05344757 0.05307139 0.05286037 0.05276761 0.05301048 0.05291826 0.05311934 0.05320129 0.05354216 0.05396389 0.05438957 0.05491273 0.05580273 0.05652767 0.05726651 0.05785270 0.05825165 0.05868995 0.05871223 0.05907665 0.05934377 0.05957753 0.05986627 0.06002309 0.05984395 0.05955634 0.05881041
