32 32 0.051719 0.93291
0.05420195 0.05368192 0.05329070 0.05289034 0.05263057 0.05260016 0.05271109 0.05268027 0.05287800 0.05309520 0.05321605 0.05326810 0.05326046 0.05338302 0.05349490 0.05377698 0.05414925 0.05472727 0.05525525 0.05569460 0.05590688 0.05592277 0.05605409 0.05592057 0.05584331 0.05570255 0.05553478 0.05541887 0.05532604 0.05519502 0.05490257 0.05454646
0.05395494 0.05355125 0.05312107 0.05282904 0.05254645 0.05247769 0.05248242 0.05241477 0.05251902 0.05273127 0.05299111 0.05293935 0.05277834 0.05280423 0.05304944 0.05336569 0.05391390 0.05441914 0.05489346 0.05555537 0.05589779 0.05596158 0.05608254 0.05593895 0.05569064 0.05566603 0.05540645 0.05522469 0.05506281 0.05491683 0.05468523 0.05430901
0.05371576 0.05333158 0.05300036 0.05279336 0.05250854 0.05227692 0.05230823 0.05198333 0.05234332 0.05227334 0.05230449 0.05217150 0.05216287 0.05227968 0.05255250 0.05279828 0.05336254 0.05378319 0.05460894 0.05525444 0.05561763 0.05590240 0.05593820 0.05576325 0.05553661 0.05541442 0.05510946 0.05493654 0.05477073 0.05454659 0.05440972 0.05387750
0.05351390 0.05317972 0.05293057 0.05271732 0.05238416 0.05231786 0.05219146 0.05216038 0.05206886 0.05202543 0.05187899 0.05173201 0.05171945 0.05176751 0.05202291 0.05247976 0.05305859 0.05369388 0.05442561 0.05526627 0.05550367 0.05578222 0.05579441 0.05563913 0.05537286 0.05516542 0.05481779 0.05463861 0.05450605 0.05423273 0.05402815 0.05380284
0.05422917 0.05397745 0.05380803 0.05353496 0.05336347 0.05320592 0.05306341 0.05292006 0.05277664 0.05260230 0.05246032 0.05221157 0.05224577 0.05218246 0.05247641 0.05290796 0.05353733 0.05431851 0.05499518 0.05571511 0.05625451 0.05638538 0.05648983 0.05631166 0.05606595 0.05574831 0.05544232 0.05525267 0.05490426 0.05473989 0.05454533 0.05433569
0.05826441 0.05811993 0.05799015 0.05778434 0.05767367 0.05752814 0.05729165 0.05711735 0.05677768 0.05648106 0.05623151 0.05604023 0.05594399 0.05599284 0.05626646 0.05668816 0.05735749 0.05810760 0.05876486 0.05956148 0.05998371 0.06033849 0.06036381 0.06020302 0.05993413 0.05957727 0.05927350 0.05888817 0.05863064 0.05847584 0.05837150 0.05839327
0.06947112 0.06927430 0.06927183 0.06916773 0.06887543 0.06876926 0.06846206 0.06806558 0.06769204 0.06734622 0.06707956 0.06685815 0.06675026 0.06678732 0.06710314 0.06758459 0.06834948 0.06890359 0.06976219 0.07042886 0.07099881 0.07120928 0.07117134 0.07126296 0.07078248 0.07054341 0.06996520 0.06974468 0.06945214 0.06955656 0.06946285 0.06933223
0.09216301 0.09243832 0.09248805 0.09231601 0.09200267 0.09174005 0.09131649 0.09127183 0.09066641 0.08998727 0.08987506 0.08937248 0.08930962 0.08948629 0.08982611 0.09060647 0.09088777 0.09138899 0.09231644 0.09292795 0.09355262 0.09372935 0.09350378 0.09355453 0.09329406 0.09258322 0.09260252 0.09237078 0.09221970 0.09188848 0.09212117 0.09162073
0.13164482 0.13149746 0.13204747 0.13159478 0.13157237 0.13150951 0.13084261 0.13033959 0.13013554 0.12923356 0.12871991 0.12858557 0.12826946 0.12841447 0.12852285 0.12924831 0.12923338 0.13041490 0.13038556 0.13124835 0.13197345 0.13237203 0.13222555 0.13208070 0.13140238 0.13164682 0.13139077 0.13100086 0.13050711 0.13046936 0.13090850 0.13165465
0.19032248 0.19222449 0.19055384 0.19150351 0.19231473 0.19155764 0.19096577 0.19073610 0.19135144 0.18899322 0.18814795 0.18848679 0.18661956 0.18941203 0.18808513 0.18868131 0.18794360 0.19012100 0.19038333 0.19160264 0.19220788 0.19194311 0.19148923 0.19203128 0.19177660 0.19115957 0.19072161 0.19038298 0.19107573 0.19054010 0.19032638 0.19141253
0.27604492 0.27357035 0.27603461 0.27727981 0.27477250 0.27593596 0.27525105 0.27511319 0.27347898 0.27453329 0.27161071 0.27420292 0.27125733 0.27265595 0.27140929 0.27096115 0.27376621 0.27451950 0.27579912 0.27526544 0.27449800 0.27586977 0.27449028 0.27492660 0.27485361 0.27477842 0.27267338 0.27343885 0.27407914 0.27344491 0.27533348 0.27318626
0.38316201 0.38338136 0.38433252 0.38687228 0.38855926 0.38418726 0.38502520 0.38278151 0.38330146 0.38203786 0.37946441 0.37964088 0.37778597 0.38270104 0.38088333 0.38537077 0.38060160 0.38427984 0.38476486 0.38283967 0.38442946 0.38338400 0.37947337 0.38718439 0.38335661 0.38034539 0.38214288 0.38156132 0.38391364 0.38153987 0.38469697 0.38278196
0.51335952 0.51392144 0.51111811 0.51632080 0.51230866 0.51092546 0.50974333 0.51124482 0.51132792 0.50961488 0.50987426 0.51146635 0.50487267 0.51020511 0.51396175 0.51247761 0.51172641 0.50837346 0.51139546 0.51209592 0.51078917 0.51478072 0.50841657 0.51156846 0.50425913 0.50936811 0.50773934 0.50689363 0.50841088 0.50990502 0.50764807 0.51065964
0.64617164 0.65078317 0.65417587 0.64342693 0.65670816 0.64060807 0.65040428 0.64591601 0.64777164 0.64867461 0.64314777 0.64984438 0.64873267 0.64789775 0.64489906 0.64912016 0.64715576 0.63880189 0.65171636 0.65342572 0.64877329 0.64841259 0.64415266 0.65322122 0.64756879 0.64233811 0.64383269 0.64784473 0.64582668 0.64663977 0.64940848 0.64296868
0.77504602 0.78286254 0.78986383 0.79153217 0.78381342 0.77851864 0.77834926 0.78323953 0.78406341 0.77286769 0.77651712 0.77455307 0.78750125 0.78849315 0.79617174 0.77418831 0.78313400 0.78043738 0.77705451 0.78579929 0.77639334 0.77395205 0.78248304 0.77984175 0.77979331 0.77470189 0.78447295 0.77649741 0.77753139 0.77794024 0.78427606 0.78635048
0.88481744 0.89438934 0.88968481 0.89655096 0.89627534 0.88628759 0.89126504 0.89068084 0.88782506 0.89074269 0.89067217 0.88119603 0.89371907 0.89493685 0.89538277 0.88833670 0.88737796 0.89078531 0.88072656 0.87790286 0.89040090 0.89627060 0.88635109 0.90040365 0.88202015 0.87586986 0.89131464 0.90100260 0.89741053 0.89041746 0.87826883 0.88415226
0.96744917 0.95777089 0.97725565 0.96170803 0.96333695 0.96454784 0.95772220 0.95097531 0.95663759 0.95670149 0.95960248 0.95689701 0.95427899 0.95105979 0.96095956 0.96579616 0.95894915 0.96102004 0.94718233 0.95296821 0.96180290 0.95861800 0.94893965 0.96917038 0.95792478 0.95453257 0.95516405 0.96210977 0.95372981 0.96591069 0.96374869 0.95373771
0.97722907 0.98462741 0.98106064 0.98080684 0.97836505 0.97187402 0.97361535 0.97327913 0.96911818 0.97193407 0.97334760 0.97440823 0.97470122 0.97773179 0.97378455 0.97820346 0.97910911 0.98013522 0.97281410 0.97737639 0.97609043 0.97460431 0.97474045 0.97593403 0.97641839 0.97708065 0.97746696 0.98076368 0.97642577 0.97945260 0.98385792 0.97659354
0.94650775 0.94610112 0.94608238 0.93846621 0.93272666 0.92554788 0.92641071 0.93481045 0.93218968 0.93566209 0.93311520 0.93387608 0.93275419 0.94565254 0.94009184 0.94429280 0.94107248 0.93347883 0.94841071 0.95156545 0.93947692 0.95233064 0.94049817 0.93196690 0.95252115 0.93767083 0.92812132 0.93805994 0.94506885 0.94776943 0.95244510 0.94819431
0.86675134 0.86296696 0.86935194 0.86168821 0.84788499 0.85841959 0.84348868 0.84818220 0.84905659 0.83825285 0.84345872 0.85622137 0.86235399 0.86903118 0.86680730 0.85236617 0.87428078 0.85039855 0.87775481 0.85581712 0.86194683 0.85457058 0.85166110 0.86384232 0.85481551 0.87418149 0.86728138 0.86103597 0.86696514 0.86274825 0.85922978 0.86009590
0.75584205 0.74046912 0.74131172 0.74332364 0.72837153 0.73303609 0.73602087 0.73916922 0.74371057 0.73745756 0.73761369 0.72784240 0.73650516 0.74007090 0.75444652 0.74326917 0.73758408 0.74154729 0.73621530 0.74496086 0.73973890 0.73263496 0.73646900 0.74221209 0.73642370 0.74466563 0.74476988 0.74012584 0.74675977 0.75287947 0.74801500 0.74782028
0.60960891 0.61200650 0.60535105 0.59534580 0.59669332 0.60236718 0.59914469 0.59756564 0.59301831 0.59168890 0.59692151 0.59907664 0.60340239 0.60588336 0.60559012 0.60602984 0.60222092 0.60512554 0.59725322 0.59874909 0.60827229 0.60264040 0.60106722 0.60433092 0.60932053 0.60928835 0.60627321 0.61283554 0.60597410 0.60786467 0.60373419 0.61330129
0.47007557 0.46858197 0.46851912 0.46677006 0.46783579 0.46270767 0.46069050 0.46173700 0.45991689 0.46377064 0.46420586 0.46754511 0.46225972 0.47014782 0.46796975 0.46856021 0.47045865 0.46999603 0.46621774 0.47003274 0.46950290 0.46991348 0.47194677 0.47195426 0.46982216 0.47014217 0.47177164 0.46745658 0.46653716 0.47595655 0.47891570 0.46933107
0.34831943 0.34838122 0.34561751 0.34562729 0.34237285 0.34273564 0.33857838 0.34343838 0.34254243 0.34367625 0.34362732 0.34294341 0.34303946 0.34645924 0.34500323 0.34341790 0.34595789 0.34565462 0.34705073 0.34615800 0.34645462 0.34731068 0.34617883 0.34855201 0.34541581 0.34939928 0.34831588 0.35161896 0.35133080 0.35178973 0.34848066 0.34851802
0.24870463 0.24788848 0.24629898 0.24494491 0.24361430 0.24058298 0.24220491 0.24061931 0.24102617 0.24110838 0.24226996 0.24398504 0.24429590 0.24523197 0.24580022 0.24615149 0.24488766 0.24614855 0.24568018 0.24555586 0.24662088 0.24502696 0.24776501 0.24700848 0.24775240 0.24716096 0.24889396 0.25043342 0.24994045 0.24997398 0.25068628 0.24855746
0.17194815 0.17097812 0.16969355 0.16711749 0.16747444 0.16604494 0.16632115 0.16639757 0.16687769 0.16694306 0.16780140 0.16728391 0.16884004 0.16950912 0.17017862 0.16864872 0.16984740 0.16951526 0.16962013 0.16996962 0.17002665 0.16945875 0.17099149 0.17151992 0.17174941 0.17232839 0.17389989 0.17345220 0.17455912 0.17426588 0.17361308 0.17364272
0.11879287 0.11784310 0.11689754 0.11552018 0.11511988 0.11445576 0.11424975 0.11442613 0.11506545 0.11555552 0.11590949 0.11635598 0.11625203 0.11695049 0.11691334 0.11685632 0.11710496 0.11724184 0.11772853 0.11730144 0.11805983 0.11801405 0.11841028 0.11863414 0.11840104 0.11902794 0.11991325 0.12064432 0.12124573 0.12087544 0.11965666 0.11960401
0.08553560 0.08455275 0.08370509 0.08282064 0.08193851 0.08130097 0.08158108 0.08190716 0.08231744 0.08284571 0.08343007 0.08344453 0.08388763 0.08380117 0.08405081 0.08407016 0.08435408 0.08441361 0.08447499 0.08493873 0.08512731 0.08508337 0.08515579 0.08522259 0.08562863 0.08566778 0.08620445 0.08637843 0.08691352 0.08683339 0.08666443 0.08627892
0.06666387 0.06590919 0.06516712 0.06435991 0.06388437 0.06355350 0.06367232 0.06394701 0.06431842 0.06493472 0.06520151 0.06553401 0.06575093 0.06580088 0.06589786 0.06590276 0.06611365 0.06628050 0.06645917 0.06663927 0.06680175 0.06679945 0.06690244 0.06699095 0.06708148 0.06716874 0.06734692 0.06770396 0.06779986 0.06803460 0.06787061 0.06734679
0.05802589 0.05730147 0.05670063 0.05606272 0.05571673 0.05557357 0.05565481 0.05588390 0.05636185 0.05671627 0.05699880 0.05724243 0.05741945 0.05734312 0.05752434 0.05762996 0.05782420 0.05819247 0.05847930 0.05871143 0.05889448 0.05898506 0.05890324 0.05894621 0.05892690 0.05891719 0.05901753 0.05915158 0.05928404 0.05927984 0.05902184 0.05860628
0.05504506 0.05439437 0.05389951 0.05326631 0.05310083 0.05299570 0.05305349 0.05332628 0.05372971 0.05395824 0.05423947 0.05451769 0.05449315 0.05460398 0.05474133 0.05493794 0.05533303 0.05560147 0.05600370 0.05632595 0.05648664 0.05647208 0.05647711 0.05637509 0.05635816 0.05626799 0.05629168 0.05631353 0.05616727 0.05621525 0.05595403 0.05556077
0.05432740 0.05380819 0.05327927 0.05288850 0.05261020 0.05252979 0.05260842 0.05285083 0.05312960 0.05353018 0.05350190 0.05373940 0.05365229 0.05380783 0.05397157 0.05416755 0.05443464 0.05497370 0.05543492 0.05585098 0.05609668 0.05614276 0.05618776 0.05591958 0.05584889 0.05576807 0.05566002 0.05567498 0.05565567 0.05547429 0.05524842 0.05480339
