32 32 0.050652 0.63273
0.05432834 0.05363364 0.05307813 0.05244940 0.05205715 0.05183297 0.05188837 0.05184683 0.05204920 0.05233739 0.05253582 0.05282249 0.05306681 0.05345672 0.05391659 0.05441645 0.05503912 0.05579733 0.05648103 0.05704530 0.05731930 0.05735024 0.05755451 0.05739692 0.05725237 0.05706380 0.05681653 0.05649593 0.05628639 0.05595288 0.05545508 0.05491729
0.05403048 0.05342923 0.05279866 0.05217052 0.05185023 0.05161990 0.05148860 0.05137712 0.05147659 0.05176804 0.05211037 0.05223619 0.05238783 0.05268046 0.05321843 0.05381643 0.05460301 0.05531533 0.05590992 0.05665760 0.05707554 0.05717950 0.05734183 0.05719794 0.05693562 0.05686797 0.05651952 0.05623384 0.05590500 0.05557998 0.05516817 0.05460138
0.05375107 0.05315208 0.05257824 0.05224278 0.05167334 0.05128609 0.05117601 0.05077962 0.05112941 0.05111657 0.05130178 0.05134423 0.05164754 0.05198710 0.05249957 0.05305176 0.05382220 0.05439344 0.05539003 0.05609752 0.05645469 0.05685599 0.05693333 0.05677247 0.05655852 0.05642185 0.05604512 0.05579097 0.05550921 0.05508843 0.05478873 0.05413410
0.05341317 0.05289337 0.05234109 0.05192078 0.05136198 0.05111797 0.05089909 0.05072794 0.05065190 0.05065691 0.05067647 0.05071417 0.05094608 0.05128020 0.05171956 0.05247900 0.05319899 0.05404922 0.05484707 0.05579088 0.05607210 0.05639593 0.05644582 0.05632025 0.05611986 0.05591790 0.05560242 0.05535150 0.05507265 0.05468859 0.05433119 0.05390858
0.05363796 0.05317672 0.05278481 0.05227075 0.05184297 0.05150809 0.05120919 0.05097912 0.05081713 0.05073493 0.05070105 0.05068336 0.05084637 0.05110742 0.05157960 0.05226458 0.05305779 0.05394543 0.05474690 0.05547992 0.05612165 0.05627891 0.05650110 0.05636028 0.05615010 0.05591112 0.05562605 0.05537971 0.05504205 0.05471651 0.05437090 0.05397472
0.05609452 0.05575768 0.05532846 0.05486833 0.05452326 0.05410228 0.05378569 0.05344952 0.05324308 0.05297816 0.05288226 0.05291845 0.05301246 0.05329095 0.05378328 0.05435464 0.05516151 0.05598387 0.05671756 0.05755723 0.05806758 0.05846407 0.05859452 0.05859081 0.05833030 0.05805863 0.05777352 0.05738875 0.05711778 0.05687566 0.05662009 0.05643258
0.06346854 0.06309421 0.06284696 0.06243753 0.06192309 0.06158521 0.06115184 0.06071274 0.06036733 0.06010820 0.05999286 0.05996607 0.06006515 0.06030601 0.06080132 0.06137329 0.06224429 0.06290034 0.06376482 0.06449222 0.06514315 0.06543040 0.06547328 0.06565745 0.06534506 0.06518452 0.06471509 0.06448697 0.06419269 0.06411650 0.06390297 0.06361675
0.07882951 0.07876993 0.07850912 0.07807494 0.07752547 0.07709559 0.07657048 0.07638380 0.07589427 0.07539176 0.07543696 0.07515708 0.07526245 0.07553354 0.07599246 0.07678628 0.07728246 0.07796011 0.07881631 0.07952148 0.08021041 0.08058770 0.08050740 0.08061378 0.08050804 0.08003367 0.07999358 0.07976373 0.07954301 0.07917367 0.07920334 0.07857023
0.10561088 0.10508829 0.10534564 0.10470155 0.10441087 0.10404714 0.10334689 0.10284995 0.10269033 0.10204693 0.10176509 0.10175767 0.10168943 0.10194531 0.10222860 0.10294951 0.10315316 0.10425558 0.10447759 0.10543436 0.10615829 0.10663856 0.10677639 0.10676404 0.10641129 0.10655482 0.10635229 0.10601042 0.10555634 0.10540216 0.10554202 0.10588906
0.14553653 0.14649356 0.14510048 0.14540134 0.14556539 0.14484293 0.14421231 0.14392677 0.14431044 0.14268189 0.14222267 0.14253190 0.14137584 0.14342867 0.14270150 0.14330312 0.14301824 0.14478942 0.14531360 0.14635183 0.14705724 0.14717355 0.14708282 0.14761283 0.14749318 0.14711680 0.14679614 0.14645556 0.14685470 0.14628907 0.14595434 0.14647568
0.20385770 0.20183756 0.20324407 0.20374233 0.20182137 0.20221238 0.20156446 0.20133763 0.20024521 0.20090596 0.19911692 0.20100984 0.19902029 0.20021679 0.19951538 0.19942783 0.20149788 0.20241300 0.20354114 0.20341906 0.20323158 0.20445848 0.20379916 0.20425667 0.20431023 0.20430722 0.20279133 0.20323797 0.20340050 0.20280479 0.20387856 0.20218666
0.27676524 0.27670745 0.27671636 0.27822148 0.27894216 0.27570447 0.27630422 0.27471448 0.27493401 0.27439638 0.27283484 0.27291091 0.27197042 0.27530265 0.27419550 0.27756113 0.27450084 0.27726131 0.27789985 0.27698553 0.27847723 0.27807551 0.27579458 0.28094191 0.27865647 0.27660179 0.27761761 0.27709819 0.27850442 0.27658654 0.27847821 0.27694652
0.36546592 0.36526039 0.36326954 0.36618531 0.36311862 0.36200801 0.36160465 0.36260909 0.36240441 0.36172498 0.36155393 0.36262267 0.35882190 0.36227270 0.36503934 0.36404014 0.36433905 0.36257138 0.36451064 0.36537807 0.36511100 0.36806526 0.36428507 0.36634119 0.36190508 0.36508688 0.36374859 0.36277275 0.36371423 0.36407602 0.36257814 0.36445188
0.45508859 0.45897342 0.46051429 0.45305133 0.46137405 0.45044585 0.45666133 0.45500741 0.45590227 0.45589068 0.45258934 0.45732621 0.45609285 0.45661124 0.45521541 0.45770608 0.45617277 0.45201545 0.46055995 0.46225485 0.45948938 0.45985731 0.45813995 0.46366263 0.45999504 0.45619461 0.45711447 0.45955025 0.45660840 0.45749445 0.45853537 0.45429589
0.54350836 0.54817158 0.55145600 0.55243000 0.54734291 0.54364576 0.54386438 0.54769753 0.54760697 0.54085747 0.54367825 0.54229731 0.55037145 0.55193786 0.55610251 0.54426844 0.54971912 0.54876276 0.54626409 0.55185238 0.54775976 0.54584966 0.55158215 0.55020423 0.55024124 0.54753047 0.55307502 0.54689379 0.54725604 0.54711404 0.54997168 0.55129730
0.61725283 0.62264203 0.62126789 0.62340559 0.62335681 0.61889240 0.62073809 0.62052172 0.61883129 0.62085448 0.62063199 0.61470995 0.62282752 0.62391869 0.62442110 0.62058547 0.61916712 0.62430151 0.61717831 0.61545940 0.62628463 0.62857868 0.62382970 0.63058968 0.61985588 0.61751829 0.62513874 0.63041289 0.62831769 0.62124145 0.61410468 0.61835967
0.67195758 0.66443812 0.67699842 0.66675495 0.66846136 0.67012024 0.66545146 0.66163514 0.66476968 0.66509767 0.66664945 0.66471947 0.66351211 0.66338231 0.66840125 0.67231503 0.66807516 0.66992006 0.66250332 0.66515814 0.67301823 0.67116524 0.66563036 0.67698997 0.67069066 0.66916007 0.66748846 0.67127623 0.66529611 0.67277906 0.67096718 0.66517757
0.67621895 0.68124469 0.67865015 0.67823435 0.67673510 0.67333430 0.67510317 0.67464646 0.67296817 0.67410042 0.67571642 0.67644689 0.67638177 0.67726117 0.67614557 0.67881098 0.68036078 0.68079931 0.67824542 0.68160767 0.68153534 0.68033794 0.68143645 0.68233342 0.68198777 0.68231893 0.68196928 0.68337843 0.67942012 0.68032740 0.68199579 0.67759746
0.65369465 0.65464898 0.65408213 0.64932750 0.64581146 0.64112637 0.64141370 0.64654609 0.64477940 0.64784590 0.64661563 0.64678447 0.64733594 0.65615382 0.65269074 0.65495661 0.65377181 0.64911143 0.65948604 0.66087174 0.65434274 0.66491104 0.65653092 0.64857257 0.66418295 0.65357753 0.64727217 0.65125133 0.65771533 0.65887521 0.66026092 0.65536089
0.60024682 0.59637374 0.60100101 0.59565861 0.58616042 0.59425065 0.58522822 0.58530180 0.58840188 0.58258506 0.58587990 0.59362400 0.59845307 0.60059169 0.60075619 0.59139847 0.60413097 0.59040089 0.60791569 0.59564490 0.59927015 0.59648044 0.59299946 0.60181457 0.59614975 0.60735071 0.60312873 0.59680634 0.60165103 0.59856450 0.59617824 0.59594814
0.52225415 0.51332551 0.51288502 0.51460199 0.50500004 0.50701169 0.50993727 0.51099622 0.51448545 0.51111223 0.51063825 0.50580773 0.51084407 0.51194902 0.52119601 0.51456812 0.51178873 0.51479769 0.51203054 0.51869834 0.51659882 0.51246916 0.51451779 0.51693163 0.51440979 0.51824078 0.51865390 0.51581181 0.51924854 0.52215189 0.51850170 0.51851518
0.42394768 0.42527742 0.42012196 0.41475895 0.41527251 0.41897143 0.41622016 0.41519989 0.41272533 0.41258066 0.41579099 0.41689871 0.41958661 0.42161296 0.42101726 0.42167025 0.41979345 0.42230803 0.41767788 0.41932815 0.42546155 0.42158166 0.42113479 0.42296893 0.42583152 0.42572280 0.42390235 0.42762835 0.42274190 0.42334167 0.42076554 0.42687601
0.32996718 0.32921645 0.32835551 0.32748027 0.32749963 0.32421589 0.32287714 0.32395295 0.32312269 0.32516194 0.32588579 0.32792484 0.32458750 0.32962394 0.32807220 0.32862796 0.33022520 0.33057306 0.32841915 0.33103903 0.33113599 0.33128249 0.33286330 0.33298788 0.33158248 0.33159640 0.33243468 0.32939407 0.32894665 0.33453942 0.33603839 0.32970513
0.24822617 0.24797229 0.24599912 0.24564375 0.24355663 0.24364865 0.24100824 0.24409704 0.24374107 0.24455624 0.24456609 0.24418671 0.24429800 0.24666118 0.24566440 0.24507436 0.24669688 0.24696806 0.24803470 0.24783582 0.24825299 0.24897377 0.24831834 0.24974497 0.24766401 0.25021327 0.24919897 0.25122882 0.25103592 0.25110282 0.24885074 0.24852288
0.18181964 0.18106900 0.17975060 0.17864372 0.17754664 0.17559780 0.17655669 0.17567253 0.17594983 0.17612918 0.17713369 0.17810478 0.17842801 0.17916562 0.17964346 0.18007896 0.17941953 0.18064858 0.18052166 0.18071562 0.18162777 0.18068638 0.18246042 0.18191995 0.18232235 0.18181811 0.18286307 0.18372885 0.18331388 0.18326971 0.18357865 0.18195157
0.13098623 0.13008011 0.12896330 0.12714627 0.12715489 0.12610555 0.12630144 0.12638637 0.12678092 0.12701620 0.12763465 0.12748878 0.12860079 0.12915025 0.12977902 0.12905269 0.13000939 0.13002694 0.13038630 0.13078623 0.13092977 0.13066944 0.13163163 0.13191133 0.13198102 0.13223809 0.13317733 0.13284469 0.13346891 0.13313631 0.13260121 0.13232240
0.09596415 0.09506299 0.09422941 0.09313181 0.09267928 0.09215280 0.09204372 0.09216857 0.09274417 0.09321925 0.09351984 0.09404411 0.09406234 0.09475547 0.09491128 0.09508215 0.09550208 0.09588945 0.09639827 0.09636567 0.09693949 0.09695084 0.09718705 0.09727360 0.09698320 0.09735788 0.09779716 0.09816627 0.09837743 0.09812002 0.09697330 0.09680603
0.07430227 0.07334466 0.07253013 0.07169671 0.07094632 0.07046853 0.07067153 0.07095950 0.07136132 0.07187924 0.07238933 0.07265335 0.07307851 0.07322216 0.07360466 0.07385539 0.07431592 0.07464297 0.07493286 0.07539469 0.07562082 0.07564531 0.07566247 0.07563272 0.07575732 0.07569125 0.07592720 0.07592871 0.07612170 0.07594778 0.07560845 0.07507663
0.06218505 0.06127257 0.06055368 0.05976079 0.05928037 0.05898142 0.05906293 0.05935319 0.05969567 0.06034637 0.06066356 0.06107760 0.06143721 0.06166187 0.06192451 0.06227949 0.06272030 0.06311944 0.06349115 0.06379250 0.06401307 0.06403256 0.06408441 0.06406206 0.06401657 0.06393268 0.06390546 0.06403598 0.06394437 0.06388262 0.06354388 0.06290607
0.05675729 0.05599255 0.05524546 0.05454881 0.05413208 0.05396970 0.05403106 0.05422656 0.05469790 0.05512225 0.05544552 0.05583853 0.05618254 0.05641865 0.05680811 0.05717196 0.05763265 0.05820468 0.05865001 0.05899475 0.05922963 0.05931978 0.05924686 0.05925156 0.05908325 0.05893744 0.05887659 0.05881388 0.05869293 0.05847511 0.05806423 0.05748146
0.05499664 0.05418829 0.05358461 0.05284254 0.05257531 0.05237294 0.05242124 0.05261038 0.05304728 0.05330140 0.05368343 0.05413001 0.05434136 0.05468264 0.05509074 0.05557822 0.05623153 0.05671230 0.05726188 0.05769693 0.05793740 0.05801825 0.05798450 0.05780297 0.05770739 0.05753850 0.05738735 0.05725048 0.05679949 0.05673962 0.05630178 0.05567795
0.05453059 0.05383268 0.05311569 0.05259492 0.05218721 0.05199312 0.05202067 0.05220405 0.05246495 0.05292680 0.05303036 0.05342965 0.05359847 0.05400375 0.05446636 0.05493721 0.05558156 0.05621886 0.05683555 0.05733774 0.05767572 0.05781353 0.05782232 0.05748822 0.05743085 0.05724997 0.05698857 0.05684090 0.05669003 0.05627727 0.05582747 0.05519571
