32 32 0.050484 0.95073
0.05353984 0.05289999 0.05240321 0.05187843 0.05156988 0.05147310 0.05152353 0.05148510 0.05166473 0.05195532 0.05214193 0.05236599 0.05245934 0.05281807 0.05313483 0.05357923 0.05412951 0.05479462 0.05540834 0.05591280 0.05613621 0.05614406 0.05628253 0.05618426 0.05598864 0.05579283 0.05559731 0.05535914 0.05521456 0.05496636 0.05454684 0.05405904
0.05331145 0.05272571 0.05217299 0.05166405 0.05137364 0.05122816 0.05115656 0.05106546 0.05121001 0.05146869 0.05177502 0.05186959 0.05191883 0.05211328 0.05257947 0.05310097 0.05376042 0.05439435 0.05497169 0.05564716 0.05600168 0.05610677 0.05622343 0.05605210 0.05579800 0.05570373 0.05543913 0.05517506 0.05491650 0.05466143 0.05430596 0.05379006
0.05298563 0.05246417 0.05192564 0.05165286 0.05121870 0.05089395 0.05088932 0.05052060 0.05090762 0.05089961 0.05101886 0.05099170 0.05126389 0.05149984 0.05193896 0.05243644 0.05309393 0.05363396 0.05453563 0.05520282 0.05560401 0.05588127 0.05594210 0.05578551 0.05554462 0.05541202 0.05507628 0.05485918 0.05462036 0.05422356 0.05401710 0.05332788
0.05268986 0.05219115 0.05174261 0.05141523 0.05089114 0.05081622 0.05066070 0.05061900 0.05051521 0.05048361 0.05053871 0.05049844 0.05067500 0.05088105 0.05128100 0.05195779 0.05262963 0.05337999 0.05413986 0.05501692 0.05532461 0.05557674 0.05560268 0.05547017 0.05525996 0.05506158 0.05478919 0.05451426 0.05427810 0.05388363 0.05357725 0.05316382
0.05335290 0.05290981 0.05257371 0.05211187 0.05185648 0.05162250 0.05142308 0.05126579 0.05114654 0.05105738 0.05101460 0.05093897 0.05110247 0.05129403 0.05171016 0.05228284 0.05303112 0.05384329 0.05460467 0.05523961 0.05586446 0.05602957 0.05610760 0.05599888 0.05577499 0.05550007 0.05524937 0.05503673 0.05469819 0.05439383 0.05406239 0.05365161
0.05744838 0.05710833 0.05677420 0.05636744 0.05618598 0.05597215 0.05566171 0.05546269 0.05522799 0.05496076 0.05485612 0.05479838 0.05485939 0.05509263 0.05550867 0.05602305 0.05677708 0.05756353 0.05831145 0.05903043 0.05950813 0.05985295 0.05992341 0.05985766 0.05962880 0.05933503 0.05907972 0.05870087 0.05842306 0.05819885 0.05793680 0.05771999
0.06884540 0.06847905 0.06826597 0.06800170 0.06757818 0.06740132 0.06702305 0.06664151 0.06631728 0.06606976 0.06595296 0.06585429 0.06589030 0.06610069 0.06652797 0.06708497 0.06789076 0.06842521 0.06929742 0.06996172 0.07056124 0.07079600 0.07077062 0.07096347 0.07061207 0.07048621 0.06995240 0.06976549 0.06947829 0.06949031 0.06925076 0.06897269
0.09205343 0.09212776 0.09197811 0.09154874 0.09114360 0.09082076 0.09035253 0.09033963 0.08980591 0.08918791 0.08922598 0.08884914 0.08894528 0.08916206 0.08963223 0.09046654 0.09076225 0.09126251 0.09215781 0.09276153 0.09340919 0.09371106 0.09350028 0.09364178 0.09353351 0.09295463 0.09304529 0.09288144 0.09268594 0.09226379 0.09244193 0.09168619
0.13243399 0.13206597 0.13233443 0.13171178 0.13153571 0.13142092 0.13069861 0.13019727 0.13016406 0.12929728 0.12889701 0.12887406 0.12870711 0.12891580 0.12907606 0.12983005 0.12983099 0.13096509 0.13093120 0.13173488 0.13252449 0.13300416 0.13297596 0.13296840 0.13244512 0.13281611 0.13269318 0.13236616 0.13189102 0.13177602 0.13208231 0.13266137
0.19235724 0.19403170 0.19202412 0.19286892 0.19353028 0.19270925 0.19205579 0.19191250 0.19261475 0.19031112 0.18960821 0.19001113 0.18821807 0.19117151 0.18979734 0.19039821 0.18961507 0.19179826 0.19205639 0.19328413 0.19397080 0.19381892 0.19345148 0.19415341 0.19406332 0.19365552 0.19333974 0.19306302 0.19378911 0.19321445 0.19281102 0.19373948
0.27988349 0.27706834 0.27932561 0.28039169 0.27761662 0.27879197 0.27808910 0.27801740 0.27644768 0.27767042 0.27475916 0.27751777 0.27458677 0.27608162 0.27478596 0.27424926 0.27710964 0.27781308 0.27914219 0.27860530 0.27788920 0.27942604 0.27820386 0.27883857 0.27896005 0.27908103 0.27706225 0.27792864 0.27860587 0.27787161 0.27960924 0.27726651
0.38915118 0.38904188 0.38981538 0.39214004 0.39376689 0.38923648 0.39007657 0.38786344 0.38854727 0.38733275 0.38482193 0.38512734 0.38323674 0.38829247 0.38639943 0.39092130 0.38602545 0.38973325 0.39023044 0.38831840 0.39006393 0.38914790 0.38530797 0.39346361 0.38976856 0.38688939 0.38890337 0.38835745 0.39070540 0.38821995 0.39125081 0.38901752
0.52186012 0.52216582 0.51890663 0.52404438 0.51979801 0.51835882 0.51713261 0.51884225 0.51908471 0.51745962 0.51785094 0.51955367 0.51283277 0.51831108 0.52206254 0.52053550 0.51970716 0.51620626 0.51936860 0.52016209 0.51896281 0.52330033 0.51695563 0.52048491 0.51316742 0.51861431 0.51708966 0.51628639 0.51776384 0.51920517 0.51667519 0.51941281
0.65713000 0.66136188 0.66457696 0.65337754 0.66683974 0.65043622 0.66056132 0.65595672 0.65812080 0.65924136 0.65374885 0.66066894 0.65961079 0.65867302 0.65549888 0.65976236 0.65776788 0.64911914 0.66247314 0.66431910 0.65974996 0.65960093 0.65542612 0.66503949 0.65948971 0.65430750 0.65592640 0.66003000 0.65798460 0.65854863 0.66112988 0.65420445
0.78823455 0.79578749 0.80278971 0.80404264 0.79617611 0.79082214 0.79081029 0.79594432 0.79709965 0.78583455 0.78965983 0.78778705 0.80105529 0.80205072 0.80986199 0.78719051 0.79634142 0.79351839 0.79024653 0.79935678 0.78981152 0.78762313 0.79671920 0.79428783 0.79443912 0.78912388 0.79936485 0.79122700 0.79209103 0.79223768 0.79845361 0.80008906
0.89974403 0.90909329 0.90390708 0.91086766 0.91048858 0.90024346 0.90563677 0.90527472 0.90266424 0.90596930 0.90606171 0.89645348 0.90937580 0.91057360 0.91095292 0.90369855 0.90275705 0.90605905 0.89610921 0.89294111 0.90587198 0.91261858 0.90260733 0.91754484 0.89871817 0.89230626 0.90832676 0.91801573 0.91421385 0.90687859 0.89401412 0.89905727
0.98354235 0.97365466 0.99293380 0.97690460 0.97852814 0.98000866 0.97314613 0.96651525 0.97266956 0.97304720 0.97627387 0.97372954 0.97091649 0.96771410 0.97787199 0.98275700 0.97571718 0.97781658 0.96397137 0.96998806 0.97911628 0.97619872 0.96664969 0.98759188 0.97613366 0.97263789 0.97339242 0.98043950 0.97140886 0.98335380 0.98078926 0.97001901
0.99348435 1.00068789 0.99645752 0.99618767 0.99368905 0.98730041 0.98938493 0.98932919 0.98499780 0.98837276 0.99017821 0.99141956 0.99179383 0.99485975 0.99096051 0.99540387 0.99635649 0.99757167 0.99002917 0.99505189 0.99384093 0.99260351 0.99294681 0.99415478 0.99500569 0.99558212 0.99574408 0.99888319 0.99429666 0.99699220 1.00120964 0.99290130
0.96170782 0.96099119 0.96064254 0.95278627 0.94748079 0.93987679 0.94120129 0.95011581 0.94778471 0.95158591 0.94925027 0.95020271 0.94907306 0.96222156 0.95659373 0.96099470 0.95768049 0.95011554 0.96544736 0.96904392 0.95671688 0.96990865 0.95807515 0.94986770 0.97054217 0.95530585 0.94537305 0.95522129 0.96186938 0.96411989 0.96862953 0.96385614
0.88014586 0.87620138 0.88252493 0.87471435 0.86082596 0.87166492 0.85679807 0.86204007 0.86311594 0.85235290 0.85773692 0.87102422 0.87740153 0.88424866 0.88209014 0.86739806 0.88989015 0.86553996 0.89394582 0.87137007 0.87779439 0.87036853 0.86749565 0.88017564 0.87077395 0.89042668 0.88342947 0.87660243 0.88205883 0.87737420 0.87328574 0.87381704
0.76733699 0.75138736 0.75227391 0.75431732 0.73933185 0.74421744 0.74749941 0.75105243 0.75595831 0.74975715 0.75015876 0.74026921 0.74921973 0.75301377 0.76786924 0.75632715 0.75062291 0.75477138 0.74943821 0.75850164 0.75326254 0.74608808 0.75009879 0.75614748 0.74993589 0.75830307 0.75802801 0.75284288 0.75935842 0.76521566 0.75993238 0.75934146
0.61847427 0.62081217 0.61401655 0.60380963 0.60537304 0.61134707 0.60832676 0.60697454 0.60254282 0.60133736 0.60684491 0.60916051 0.61364856 0.61622255 0.61604866 0.61654206 0.61269643 0.61573325 0.60784282 0.60935160 0.61926420 0.61364722 0.61205118 0.61537010 0.62035888 0.62012314 0.61670149 0.62317352 0.61577215 0.61747433 0.61286476 0.62231681
0.47648320 0.47488440 0.47486377 0.47317763 0.47439978 0.46935113 0.46750228 0.46871130 0.46703781 0.47110588 0.47165182 0.47512561 0.46987780 0.47790068 0.47576549 0.47642714 0.47845272 0.47799618 0.47427452 0.47828034 0.47780215 0.47825436 0.48035089 0.48031186 0.47795963 0.47808390 0.47947784 0.47481303 0.47360936 0.48292369 0.48573766 0.47582469
0.35260808 0.35266792 0.34990349 0.35001761 0.34682215 0.34734318 0.34325639 0.34837420 0.34757118 0.34880007 0.34885041 0.34820383 0.34833824 0.35191933 0.35048715 0.34889821 0.35150301 0.35130135 0.35284237 0.35198659 0.35231273 0.35321820 0.35204790 0.35439071 0.35102826 0.35490527 0.35356076 0.35671945 0.35616148 0.35646369 0.35291915 0.35282288
0.25127952 0.25049206 0.24890084 0.24763928 0.24638639 0.24337379 0.24521539 0.24364159 0.24421010 0.24435201 0.24558149 0.24736603 0.24772733 0.24870591 0.24928594 0.24975790 0.24847616 0.24986606 0.24947775 0.24941325 0.25051281 0.24891930 0.25162499 0.25077929 0.25145512 0.25062292 0.25219963 0.25358779 0.25288558 0.25278571 0.25336745 0.25117345
0.17319486 0.17225831 0.17099632 0.16852084 0.16892725 0.16748788 0.16793139 0.16808481 0.16863361 0.16874153 0.16963491 0.16909397 0.17078815 0.17151749 0.17227315 0.17079168 0.17206928 0.17175263 0.17191885 0.17231399 0.17238479 0.17180895 0.17331429 0.17378628 0.17390144 0.17428285 0.17573977 0.17512628 0.17608068 0.17569692 0.17493908 0.17493033
0.11919157 0.11820840 0.11733400 0.11603318 0.11562660 0.11502722 0.11487583 0.11508751 0.11581620 0.11632856 0.11671943 0.11721612 0.11710869 0.11790304 0.11793886 0.11793407 0.11827357 0.11846630 0.11901138 0.11857978 0.11942034 0.11936476 0.11969994 0.11985441 0.11947570 0.12001262 0.12081429 0.12134652 0.12176867 0.12138242 0.12003786 0.12000813
0.08536940 0.08439932 0.08356678 0.08269621 0.08184089 0.08121587 0.08153721 0.08188734 0.08231573 0.08288643 0.08355695 0.08359693 0.08408470 0.08410821 0.08443556 0.08453217 0.08489675 0.08503961 0.08516416 0.08567392 0.08584296 0.08579907 0.08577763 0.08580523 0.08612814 0.08598973 0.08645629 0.08651673 0.08695108 0.08676232 0.08654260 0.08611644
0.06621205 0.06545299 0.06475206 0.06388284 0.06341881 0.06308095 0.06319675 0.06349047 0.06391208 0.06452883 0.06482473 0.06522294 0.06554517 0.06570507 0.06594495 0.06605756 0.06635831 0.06660972 0.06682091 0.06705927 0.06722132 0.06718724 0.06726303 0.06725622 0.06729328 0.06725554 0.06730851 0.06755468 0.06755196 0.06770824 0.06750030 0.06694371
0.05746546 0.05677736 0.05605611 0.05537784 0.05502710 0.05488564 0.05497604 0.05515000 0.05563727 0.05605798 0.05635863 0.05667754 0.05690408 0.05706931 0.05736345 0.05759239 0.05791616 0.05839039 0.05874411 0.05900701 0.05917260 0.05922933 0.05911750 0.05914507 0.05900106 0.05890624 0.05891168 0.05893526 0.05900449 0.05884509 0.05864108 0.05809998
0.05445163 0.05372547 0.05316912 0.05250622 0.05225731 0.05212743 0.05214846 0.05241353 0.05280600 0.05306176 0.05343540 0.05383903 0.05391987 0.05420336 0.05447362 0.05483785 0.05536413 0.05574946 0.05622280 0.05657855 0.05677379 0.05675490 0.05671095 0.05650087 0.05644379 0.05630350 0.05621588 0.05615230 0.05585051 0.05585256 0.05552104 0.05501278
0.05371599 0.05310914 0.05246420 0.05201781 0.05164673 0.05152252 0.05158516 0.05179430 0.05204533 0.05253412 0.05254944 0.05285624 0.05300101 0.05327538 0.05362468 0.05402972 0.05461497 0.05510730 0.05563230 0.05609304 0.05636958 0.05644028 0.05644777 0.05607516 0.05600051 0.05584646 0.05568236 0.05559182 0.05544310 0.05519059 0.05483631 0.05430143
