32 32 0.049957 1.1887
0.05342988 0.05274917 0.05220262 0.05160121 0.05123623 0.05101625 0.05107658 0.05104473 0.05123949 0.05147783 0.05170118 0.05199600 0.05221735 0.05262837 0.05309497 0.05363164 0.05417515 0.05497780 0.05562158 0.05610232 0.05635083 0.05628920 0.05636704 0.05619219 0.05600546 0.05580912 0.05556470 0.05538971 0.05521403 0.05498110 0.05453742 0.05404860
0.05321300 0.05256488 0.05193617 0.05133404 0.05102671 0.05081147 0.05070026 0.05056695 0.05068933 0.05097314 0.05134737 0.05152923 0.05164385 0.05199363 0.05252677 0.05317040 0.05397340 0.05465850 0.05528906 0.05599453 0.05633846 0.05638024 0.05643074 0.05622419 0.05593304 0.05582636 0.05554869 0.05528209 0.05501880 0.05473279 0.05431734 0.05377536
0.05300095 0.05235673 0.05175766 0.05138013 0.05089052 0.05053056 0.05042111 0.04995740 0.05035370 0.05035570 0.05055226 0.05068359 0.05095000 0.05136773 0.05194736 0.05250705 0.05336325 0.05396946 0.05497168 0.05565997 0.05602841 0.05631521 0.05632111 0.05609218 0.05586046 0.05569540 0.05530179 0.05507559 0.05480349 0.05440899 0.05409302 0.05343162
0.05286555 0.05228877 0.05171537 0.05131366 0.05074438 0.05051504 0.05025147 0.05016494 0.05000900 0.05002102 0.05010584 0.05017276 0.05045207 0.05083305 0.05132990 0.05216979 0.05302532 0.05391684 0.05472792 0.05563921 0.05592787 0.05618861 0.05618052 0.05600105 0.05574761 0.05551382 0.05518975 0.05493088 0.05466487 0.05428598 0.05387045 0.05342338
0.05408031 0.05351315 0.05304965 0.05252104 0.05209068 0.05173360 0.05144559 0.05119211 0.05102866 0.05094931 0.05096069 0.05098723 0.05121190 0.05157206 0.05223346 0.05294518 0.05384830 0.05480768 0.05559133 0.05641629 0.05697740 0.05710067 0.05721184 0.05700159 0.05675081 0.05645678 0.05615155 0.05575844 0.05553755 0.05522412 0.05483501 0.05440880
0.05948345 0.05905940 0.05860835 0.05806647 0.05775054 0.05741508 0.05698496 0.05666626 0.05636385 0.05609744 0.05608111 0.05616335 0.05635248 0.05672711 0.05733818 0.05800975 0.05892941 0.05987286 0.06068435 0.06149041 0.06196719 0.06229221 0.06229447 0.06218133 0.06183983 0.06153035 0.06123872 0.06087757 0.06053580 0.06030241 0.06002863 0.05989343
0.07392302 0.07343514 0.07305311 0.07272520 0.07210595 0.07179555 0.07125660 0.07079032 0.07041867 0.07029381 0.07008580 0.07016900 0.07034794 0.07068336 0.07135582 0.07208795 0.07304126 0.07369855 0.07466169 0.07534419 0.07593058 0.07608512 0.07595208 0.07614503 0.07567985 0.07548721 0.07484102 0.07473255 0.07442827 0.07454223 0.07434788 0.07397845
0.10269489 0.10279227 0.10251701 0.10197899 0.10133984 0.10082301 0.10017768 0.10017833 0.09950183 0.09885260 0.09910232 0.09879884 0.09900333 0.09948880 0.10014264 0.10124722 0.10158719 0.10209027 0.10309083 0.10368429 0.10427585 0.10447344 0.10411831 0.10422133 0.10393961 0.10323510 0.10341137 0.10330702 0.10311431 0.10277137 0.10307767 0.10224818
0.15259353 0.15226912 0.15244843 0.15156220 0.15116949 0.15097330 0.15000201 0.14939177 0.14943174 0.14851229 0.14822515 0.14840980 0.14841453 0.14880660 0.14908860 0.15006900 0.14998277 0.15134874 0.15108231 0.15192440 0.15267255 0.15301900 0.15276626 0.15260991 0.15187422 0.15234604 0.15227784 0.15197763 0.15146748 0.15152520 0.15200500 0.15283451
0.22658806 0.22864692 0.22616494 0.22709520 0.22779216 0.22662960 0.22578936 0.22561378 0.22673028 0.22398317 0.22328487 0.22400244 0.22200559 0.22585710 0.22432277 0.22510349 0.22400975 0.22665280 0.22666779 0.22802067 0.22854038 0.22804923 0.22733548 0.22794360 0.22779398 0.22727894 0.22694950 0.22675748 0.22780136 0.22729141 0.22695648 0.22819043
0.33465825 0.33115153 0.33393457 0.33510160 0.33153354 0.33290111 0.33196817 0.33197677 0.33010330 0.33197514 0.32850963 0.33207945 0.32885096 0.33071463 0.32928270 0.32867719 0.33215277 0.33283200 0.33403587 0.33325433 0.33198039 0.33350766 0.33167782 0.33224906 0.33226589 0.33242806 0.33006652 0.33129653 0.33246260 0.33175206 0.33406824 0.33127323
0.46983502 0.46956823 0.47074080 0.47325588 0.47517221 0.46944131 0.47026668 0.46755736 0.46873684 0.46714816 0.46421171 0.46514267 0.46276403 0.46936105 0.46716623 0.47254828 0.46639338 0.47078106 0.47108248 0.46835533 0.47000056 0.46855824 0.46362229 0.47363817 0.46867836 0.46524394 0.46801929 0.46759789 0.47076008 0.46807457 0.47214970 0.46942038
0.63418281 0.63489651 0.63029274 0.63668490 0.63124129 0.62919666 0.62686244 0.62892413 0.62981014 0.62743321 0.62899842 0.63151609 0.62269296 0.63007921 0.63458471 0.63297994 0.63091269 0.62590365 0.63028126 0.63088271 0.62864742 0.63377239 0.62535762 0.62997382 0.62033259 0.62759840 0.62614925 0.62579610 0.62775735 0.63035412 0.62706559 0.63037198
0.80332072 0.80686445 0.81110506 0.79697570 0.81344514 0.79283942 0.80545011 0.79785174 0.80116581 0.80386926 0.79703871 0.80560402 0.80547273 0.80296043 0.79841227 0.80434102 0.80239279 0.78954985 0.80667632 0.80841175 0.80237819 0.80155580 0.79490825 0.80808343 0.80122263 0.79534627 0.79763281 0.80325099 0.80293797 0.80312467 0.80724059 0.79819436
0.96558332 0.97482726 0.98479020 0.98561066 0.97502014 0.96794737 0.96721620 0.97263933 0.97537457 0.96051528 0.96517058 0.96351651 0.98137370 0.98099877 0.99225582 0.96014929 0.97259906 0.96797751 0.96442626 0.97630938 0.96167072 0.95996579 0.97149208 0.96835979 0.96876497 0.96153947 0.97603520 0.96707035 0.96877169 0.96951265 0.97875593 0.98017098
1.10579268 1.11839429 1.10916673 1.11981341 1.11801354 1.10172051 1.11027500 1.10941142 1.10602509 1.11015235 1.11115053 1.09935408 1.11554368 1.11761689 1.11757815 1.10682098 1.10718380 1.10769036 1.09461870 1.09179945 1.10505656 1.11587309 1.10151740 1.12473277 1.09845566 1.08878605 1.11354716 1.12699771 1.12223437 1.11575325 1.09764195 1.10373119
1.21438395 1.20040185 1.22667520 1.20417012 1.20404796 1.20636089 1.19645989 1.18665497 1.19523498 1.19616929 1.20081173 1.19762260 1.19374001 1.18896709 1.20289698 1.20795440 1.19767451 1.20007690 1.18162880 1.18966992 1.19900943 1.19567131 1.18411867 1.21134317 1.19794681 1.19336693 1.19598984 1.20682384 1.19589021 1.21172097 1.20905406 1.19223242
1.23154175 1.23813206 1.23231032 1.23127681 1.22799313 1.21854175 1.22041738 1.21948866 1.21250159 1.21800560 1.21993793 1.22155524 1.22240492 1.22653407 1.22124459 1.22619614 1.22697163 1.22826808 1.21712054 1.22290657 1.22130223 1.22012329 1.22037424 1.22112891 1.22428158 1.22573331 1.22717570 1.23202307 1.22787898 1.23291026 1.23868810 1.22645452
1.19353486 1.19084051 1.19039503 1.17977961 1.17158796 1.16214207 1.16431240 1.17518782 1.17256923 1.17698539 1.17376984 1.17578222 1.17114871 1.18740038 1.18106079 1.18693779 1.18137145 1.17229206 1.19035442 1.19580113 1.17873375 1.19224644 1.18015392 1.17281660 1.19955077 1.17945838 1.16748765 1.18250269 1.18958276 1.19329843 1.20138555 1.19626228
1.09221450 1.08901905 1.09596338 1.08580502 1.06931055 1.08057863 1.06099615 1.07140736 1.06948554 1.05508999 1.06175566 1.07882023 1.08541766 1.09689275 1.09194945 1.07381352 1.10609937 1.07140149 1.10684505 1.07663694 1.08570921 1.07456356 1.07353803 1.08892785 1.07705581 1.10329390 1.09535242 1.08919894 1.09452430 1.08968256 1.08396720 1.08488737
0.95748211 0.93457370 0.93695997 0.93846331 0.91887926 0.92681011 0.92941568 0.93572021 0.94175003 0.93229735 0.93341871 0.91768712 0.93046753 0.93727019 0.95652850 0.94090505 0.93213031 0.93716207 0.92960754 0.94009646 0.93162720 0.92280746 0.92882039 0.93913944 0.92921209 0.94250083 0.94161233 0.93467280 0.94406915 0.95306356 0.94634754 0.94494791
0.77112661 0.77401388 0.76644961 0.75147065 0.75361253 0.76144527 0.75860916 0.75677541 0.75042985 0.74764376 0.75502887 0.75838197 0.76426133 0.76686265 0.76730237 0.76746581 0.76169390 0.76492008 0.75429391 0.75555466 0.76897280 0.76262350 0.75996898 0.76503687 0.77226999 0.77213547 0.76723963 0.77633312 0.76712736 0.77014873 0.76327936 0.77540564
0.59357326 0.59085236 0.59214333 0.58932850 0.59184011 0.58522380 0.58290123 0.58392365 0.58117926 0.58715083 0.58706987 0.59151784 0.58443747 0.59514793 0.59257651 0.59338387 0.59566359 0.59427069 0.58932183 0.59477214 0.59375798 0.59488589 0.59720381 0.59729195 0.59441717 0.59483452 0.59686555 0.59098472 0.58886306 0.60160304 0.60557224 0.59272593
0.43812150 0.43853284 0.43499475 0.43564042 0.43133977 0.43222517 0.42685974 0.43363607 0.43210999 0.43355200 0.43344527 0.43246862 0.43245118 0.43685859 0.43525884 0.43271197 0.43642569 0.43565987 0.43785528 0.43644222 0.43681704 0.43800918 0.43653231 0.43987590 0.43557039 0.44056819 0.43924202 0.44326733 0.44229394 0.44291808 0.43825122 0.43837147
0.31003039 0.30914202 0.30737281 0.30593886 0.30451512 0.30062935 0.30306660 0.30080532 0.30144157 0.30138352 0.30273856 0.30502866 0.30532011 0.30647671 0.30721204 0.30769734 0.30608631 0.30756132 0.30713875 0.30694446 0.30821004 0.30626560 0.30993156 0.30895325 0.31002482 0.30891312 0.31096399 0.31280000 0.31189008 0.31158917 0.31241633 0.30970441
0.21041841 0.20943274 0.20800611 0.20495598 0.20568977 0.20387825 0.20441433 0.20450833 0.20507310 0.20489007 0.20579676 0.20488946 0.20702819 0.20797816 0.20884746 0.20675542 0.20854975 0.20803277 0.20815135 0.20866557 0.20884360 0.20792538 0.21009787 0.21081280 0.21107833 0.21168588 0.21358784 0.21263007 0.21388554 0.21341196 0.21244924 0.21259815
0.14099625 0.13988512 0.13892387 0.13740398 0.13706063 0.13629666 0.13604684 0.13621157 0.13688259 0.13739998 0.13768957 0.13809196 0.13797772 0.13882812 0.13882995 0.13877143 0.13921616 0.13938848 0.14007634 0.13944559 0.14057555 0.14050927 0.14103690 0.14136966 0.14098598 0.14168714 0.14277374 0.14344003 0.14410433 0.14351776 0.14199550 0.14189011
0.09696776 0.09589572 0.09500450 0.09401856 0.09300935 0.09220676 0.09253147 0.09283372 0.09325578 0.09372805 0.09438772 0.09431035 0.09484863 0.09479737 0.09520591 0.09530208 0.09579481 0.09584796 0.09597847 0.09651608 0.09677043 0.09672631 0.09684983 0.09694308 0.09739822 0.09728423 0.09800013 0.09803378 0.09867531 0.09847540 0.09823389 0.09780629
0.07153642 0.07069928 0.06995325 0.06901498 0.06844711 0.06804397 0.06813393 0.06836486 0.06866439 0.06931295 0.06954344 0.06993877 0.07022990 0.07045696 0.07069940 0.07082085 0.07117209 0.07141619 0.07163255 0.07182792 0.07201176 0.07203256 0.07213035 0.07221905 0.07233869 0.07234524 0.07251502 0.07285272 0.07292093 0.07312542 0.07293157 0.07227805
0.05945855 0.05866950 0.05796241 0.05725215 0.05684326 0.05669208 0.05664801 0.05683009 0.05725182 0.05764216 0.05796019 0.05825976 0.05851451 0.05868731 0.05900223 0.05923990 0.05960421 0.06008302 0.06044016 0.06070133 0.06089026 0.06092444 0.06081756 0.06083693 0.06078535 0.06069665 0.06079434 0.06091733 0.06093018 0.06087831 0.06069658 0.06012975
0.05494631 0.05424860 0.05359325 0.05288723 0.05262239 0.05242558 0.05241558 0.05262886 0.05301050 0.05320093 0.05359899 0.05399812 0.05410491 0.05439772 0.05476551 0.05518561 0.05575869 0.05617141 0.05666472 0.05700052 0.05718428 0.05713691 0.05705836 0.05686459 0.05683600 0.05669821 0.05667032 0.05664489 0.05640829 0.05643929 0.05610068 0.05555343
0.05370991 0.05305168 0.05235760 0.05184766 0.05147873 0.05129214 0.05129397 0.05146162 0.05168551 0.05213078 0.05228185 0.05259959 0.05275131 0.05313456 0.05361336 0.05403787 0.05456384 0.05524528 0.05576607 0.05624303 0.05648166 0.05651765 0.05645272 0.05609099 0.05600381 0.05584488 0.05571663 0.05567261 0.05554171 0.05526963 0.05492653 0.05433219
