32 32 0.050979 1.0775
0.05367494 0.05316055 0.05281282 0.05244471 0.05225677 0.05228739 0.05236189 0.05235267 0.05258701 0.05281740 0.05296432 0.05312739 0.05325269 0.05353848 0.05385803 0.05430909 0.05482468 0.05555830 0.05619020 0.05668799 0.05691386 0.05688247 0.05693071 0.05674643 0.05649375 0.05617631 0.05577596 0.05554040 0.05527349 0.05494172 0.05454281 0.05414200
0.05340671 0.05291947 0.05248166 0.05207743 0.05192291 0.05185729 0.05185068 0.05182202 0.05196327 0.05220451 0.05252451 0.05257581 0.05260914 0.05280052 0.05327415 0.05379738 0.05451364 0.05518584 0.05577253 0.05647992 0.05683347 0.05691091 0.05696779 0.05673971 0.05637840 0.05610267 0.05578340 0.05543655 0.05505725 0.05474909 0.05433238 0.05386167
0.05307610 0.05259253 0.05218297 0.05199722 0.05165255 0.05141694 0.05142297 0.05111521 0.05147885 0.05150973 0.05165617 0.05163231 0.05187870 0.05212637 0.05259079 0.05307065 0.05383518 0.05440611 0.05536790 0.05606401 0.05644361 0.05675298 0.05676248 0.05653525 0.05621443 0.05599980 0.05552609 0.05516533 0.05482526 0.05437495 0.05404870 0.05347315
0.05280532 0.05233539 0.05192758 0.05164054 0.05123275 0.05114684 0.05110201 0.05102958 0.05097923 0.05103590 0.05103533 0.05103663 0.05122484 0.05149160 0.05196388 0.05265193 0.05336411 0.05418318 0.05498418 0.05591192 0.05621013 0.05649422 0.05648575 0.05631363 0.05598285 0.05570534 0.05525623 0.05493966 0.05460205 0.05412710 0.05370428 0.05328575
0.05366770 0.05320792 0.05292106 0.05246545 0.05222531 0.05203546 0.05187829 0.05175305 0.05164279 0.05161648 0.05159399 0.05156620 0.05171884 0.05195980 0.05245680 0.05311794 0.05392249 0.05482441 0.05559680 0.05634358 0.05699603 0.05712903 0.05725948 0.05704693 0.05675851 0.05635089 0.05599765 0.05566761 0.05517276 0.05479540 0.05439985 0.05393764
0.05833919 0.05796418 0.05766036 0.05728242 0.05711055 0.05691031 0.05664371 0.05649658 0.05624626 0.05603951 0.05599384 0.05603434 0.05611943 0.05641160 0.05688953 0.05749275 0.05836525 0.05924037 0.05997938 0.06082263 0.06129489 0.06164864 0.06168094 0.06154294 0.06122460 0.06081422 0.06046487 0.05991180 0.05956364 0.05918731 0.05888346 0.05868431
0.07132528 0.07087229 0.07062978 0.07039153 0.06995550 0.06985071 0.06948711 0.06913483 0.06888595 0.06874198 0.06861018 0.06858685 0.06869369 0.06892399 0.06945593 0.07015237 0.07106531 0.07168730 0.07263833 0.07331823 0.07390992 0.07410764 0.07401091 0.07419296 0.07368353 0.07343242 0.07279921 0.07248287 0.07206598 0.07202675 0.07174718 0.07137034
0.09745292 0.09754490 0.09738070 0.09702380 0.09654724 0.09623812 0.09579495 0.09596046 0.09536121 0.09477524 0.09496093 0.09460821 0.09475294 0.09510583 0.09570212 0.09672149 0.09705658 0.09764520 0.09857590 0.09919952 0.09982392 0.10000955 0.09970588 0.09976090 0.09948727 0.09874434 0.09877927 0.09853707 0.09824731 0.09772474 0.09791650 0.09707478
0.14302573 0.14266234 0.14296801 0.14225733 0.14210498 0.14204582 0.14133680 0.14084431 0.14093881 0.14009556 0.13977049 0.13986447 0.13981329 0.14011668 0.14038831 0.14131425 0.14128137 0.14261135 0.14244840 0.14334985 0.14408333 0.14442977 0.14422465 0.14404843 0.14329781 0.14365612 0.14341343 0.14297077 0.14238018 0.14225753 0.14257229 0.14322479
0.21060087 0.21250114 0.21030373 0.21127592 0.21210596 0.21122720 0.21059826 0.21054409 0.21157513 0.20903915 0.20834606 0.20892735 0.20707470 0.21049163 0.20909277 0.20987651 0.20897960 0.21152261 0.21165823 0.21297241 0.21351596 0.21306581 0.21243599 0.21296491 0.21278421 0.21212362 0.21167293 0.21131563 0.21210816 0.21143781 0.21103863 0.21207217
0.30934115 0.30616414 0.30881021 0.31005138 0.30688539 0.30838988 0.30769899 0.30776431 0.30609859 0.30763536 0.30446963 0.30766713 0.30461537 0.30636586 0.30508095 0.30463551 0.30795179 0.30865729 0.31000155 0.30932343 0.30822309 0.30964943 0.30794491 0.30839657 0.30830986 0.30826465 0.30592238 0.30687437 0.30768594 0.30688515 0.30889196 0.30622483
0.43276156 0.43265837 0.43364060 0.43629364 0.43826713 0.43313244 0.43412753 0.43170584 0.43266679 0.43126121 0.42853680 0.42915006 0.42704578 0.43302960 0.43114256 0.43633909 0.43085488 0.43508120 0.43543201 0.43306731 0.43462998 0.43327000 0.42852580 0.43769540 0.43303184 0.42963148 0.43187786 0.43129227 0.43404814 0.43135090 0.43493177 0.43245440
0.58274353 0.58327563 0.57947802 0.58544548 0.58062909 0.57896467 0.57718795 0.57917068 0.57975554 0.57770996 0.57869761 0.58090741 0.57311063 0.57981803 0.58413354 0.58280663 0.58154709 0.57734966 0.58111674 0.58175210 0.57979922 0.58436047 0.57659068 0.58046963 0.57161298 0.57784411 0.57618985 0.57552020 0.57725755 0.57925778 0.57640915 0.57955759
0.73634555 0.74045017 0.74428096 0.73153312 0.74678290 0.72796714 0.73958288 0.73333403 0.73611909 0.73805797 0.73178440 0.73968104 0.73922549 0.73774572 0.73408407 0.73948563 0.73774483 0.72702261 0.74233565 0.74401509 0.73837815 0.73755678 0.73174286 0.74293227 0.73636178 0.73058226 0.73243819 0.73732076 0.73613202 0.73662652 0.74010327 0.73211759
0.88427767 0.89287204 0.90150680 0.90267014 0.89329242 0.88709376 0.88664709 0.89179453 0.89368052 0.88042781 0.88473100 0.88305945 0.89877257 0.89952562 0.90985926 0.88219789 0.89338060 0.88969092 0.88618712 0.89646081 0.88394567 0.88175633 0.89156861 0.88842611 0.88839533 0.88182651 0.89431154 0.88567183 0.88715493 0.88770291 0.89572089 0.89733600
1.01076775 1.02227644 1.01502155 1.02370986 1.02276086 1.00942264 1.01606810 1.01529621 1.01215039 1.01585629 1.01646025 1.00585796 1.02081996 1.02295331 1.02347505 1.01459326 1.01454232 1.01653821 1.00474209 1.00118430 1.01438918 1.02240048 1.00996411 1.02870186 1.00567622 0.99780134 1.01803831 1.02953429 1.02567108 1.01890141 1.00331286 1.00996191
1.10753532 1.09548562 1.11860765 1.09928717 1.09981740 1.10158283 1.09293034 1.08445330 1.09162491 1.09221953 1.09630062 1.09345638 1.09057304 1.08684917 1.09952980 1.10467227 1.09634250 1.09875666 1.08203244 1.08905320 1.09771116 1.09402227 1.08359921 1.10644803 1.09401137 1.08995630 1.09178814 1.10091600 1.09112823 1.10545112 1.10319456 1.08935410
1.12050209 1.12845526 1.12280763 1.12213140 1.11916242 1.11039499 1.11217318 1.11150130 1.10549130 1.10986310 1.11203705 1.11368177 1.11469334 1.11839601 1.11460433 1.11957790 1.12100920 1.12214767 1.11178580 1.11750548 1.11540097 1.11363452 1.11352140 1.11449704 1.11556214 1.11666971 1.11823033 1.12192950 1.11821911 1.12245650 1.12801406 1.11749398
1.08510333 1.08336904 1.08299515 1.07337118 1.06689603 1.05784000 1.05912870 1.06886843 1.06596532 1.06999120 1.06753761 1.06916926 1.06666973 1.08151888 1.07614126 1.08154922 1.07725019 1.06861866 1.08545997 1.08999766 1.07426571 1.08734164 1.07472845 1.06658664 1.09008642 1.07237901 1.06130109 1.07442033 1.08176413 1.08525634 1.09207853 1.08739081
0.99219588 0.98873127 0.99558565 0.98617314 0.97055479 0.98168820 0.96359468 0.97139562 0.97092626 0.95808945 0.96404830 0.97977008 0.98642509 0.99621431 0.99272493 0.97637262 1.00458974 0.97460015 1.00590184 0.97947161 0.98652395 0.97693044 0.97472437 0.98853628 0.97766983 1.00036294 0.99354714 0.98732008 0.99317594 0.98874249 0.98424169 0.98522369
0.86700203 0.84755817 0.84905916 0.85077924 0.83335743 0.83937005 0.84225469 0.84701576 0.85228552 0.84444862 0.84507481 0.83297399 0.84353642 0.84898904 0.86628951 0.85289141 0.84570416 0.85038314 0.84374772 0.85322430 0.84603915 0.83758314 0.84236183 0.85021425 0.84207343 0.85288397 0.85260208 0.84676812 0.85522157 0.86293682 0.85733507 0.85656869
0.69785403 0.70043803 0.69322575 0.68068358 0.68237219 0.68916192 0.68603372 0.68436147 0.67884604 0.67672473 0.68316445 0.68603163 0.69132876 0.69410328 0.69430573 0.69476987 0.69004718 0.69315863 0.68377862 0.68493949 0.69633972 0.69005624 0.68772142 0.69173530 0.69776068 0.69762889 0.69370378 0.70167855 0.69369750 0.69629266 0.69086119 0.70183774
0.53688129 0.53483133 0.53535177 0.53311617 0.53494544 0.52905245 0.52685838 0.52793997 0.52559869 0.53053744 0.53069487 0.53465729 0.52852723 0.53799476 0.53567619 0.53651256 0.53859579 0.53776643 0.53333372 0.53793127 0.53695890 0.53759026 0.53961639 0.53953989 0.53689499 0.53720030 0.53904237 0.53396455 0.53253446 0.54372691 0.54721851 0.53605615
0.39636600 0.39663325 0.39353491 0.39389895 0.39023318 0.39090959 0.38616561 0.39203317 0.39077503 0.39203048 0.39191568 0.39105582 0.39112028 0.39509272 0.39362313 0.39159831 0.39478873 0.39428965 0.39604763 0.39486383 0.39509989 0.39601366 0.39457383 0.39733409 0.39336363 0.39793296 0.39668237 0.40035122 0.39978898 0.40036146 0.39645830 0.39651960
0.28111467 0.28040849 0.27878505 0.27746976 0.27622057 0.27283279 0.27494434 0.27297784 0.27352332 0.27340806 0.27465454 0.27661625 0.27687654 0.27791796 0.27857412 0.27900850 0.27763378 0.27908938 0.27859956 0.27845504 0.27954114 0.27769216 0.28079285 0.27980582 0.28063818 0.27962847 0.28151522 0.28320765 0.28249009 0.28237787 0.28323088 0.28081751
0.19205001 0.19116440 0.18996410 0.18726286 0.18795460 0.18642814 0.18692090 0.18703991 0.18751019 0.18735953 0.18810526 0.18732807 0.18915684 0.18991582 0.19069409 0.18897391 0.19044251 0.19008869 0.19021881 0.19063275 0.19069433 0.18990043 0.19164852 0.19217553 0.19230246 0.19277665 0.19440620 0.19365593 0.19485074 0.19444565 0.19370616 0.19395043
0.13020538 0.12927606 0.12850231 0.12725395 0.12700633 0.12642154 0.12626203 0.12642436 0.12701076 0.12745193 0.12770650 0.12803043 0.12785408 0.12860654 0.12858607 0.12858438 0.12897778 0.12912121 0.12975285 0.12918669 0.13012373 0.13000226 0.13037440 0.13054194 0.13005563 0.13061604 0.13150822 0.13213970 0.13270330 0.13222688 0.13093421 0.13093232
0.09124873 0.09038804 0.08974630 0.08896601 0.08818102 0.08763784 0.08795223 0.08827974 0.08861237 0.08906315 0.08959429 0.08950246 0.08989366 0.08986687 0.09014591 0.09024029 0.09061678 0.09074716 0.09088389 0.09138478 0.09157758 0.09147958 0.09149993 0.09143685 0.09172873 0.09151506 0.09201834 0.09203018 0.09253116 0.09239599 0.09221221 0.09190197
0.06898820 0.06836546 0.06780268 0.06712636 0.06679092 0.06655801 0.06671376 0.06699206 0.06727961 0.06779397 0.06800180 0.06831278 0.06851682 0.06861682 0.06880400 0.06885559 0.06920216 0.06945037 0.06968245 0.06987579 0.07003327 0.06997163 0.06998273 0.06993913 0.06990002 0.06977446 0.06979160 0.07000620 0.07003127 0.07019475 0.07004265 0.06956775
0.05861813 0.05800943 0.05755487 0.05711804 0.05688724 0.05688874 0.05699901 0.05717345 0.05761130 0.05789443 0.05812668 0.05834895 0.05853388 0.05856728 0.05878982 0.05900524 0.05935140 0.05977887 0.06014316 0.06040717 0.06058991 0.06061790 0.06044128 0.06032010 0.06013907 0.05991693 0.05984408 0.05980842 0.05981482 0.05972970 0.05953851 0.05909960
0.05488451 0.05435302 0.05399382 0.05352164 0.05342789 0.05338210 0.05351075 0.05375108 0.05413493 0.05430007 0.05456740 0.05488928 0.05488048 0.05509695 0.05534403 0.05569011 0.05622106 0.05663292 0.05707696 0.05744423 0.05759729 0.05754413 0.05743312 0.05714743 0.05697836 0.05670206 0.05654724 0.05641056 0.05606316 0.05603744 0.05574920 0.05533771
0.05392145 0.05345494 0.05299017 0.05267314 0.05249371 0.05247934 0.05259910 0.05282320 0.05304389 0.05346561 0.05349341 0.05373906 0.05376320 0.05405700 0.05439774 0.05473770 0.05508429 0.05584271 0.05640174 0.05684728 0.05710056 0.05709328 0.05701591 0.05657171 0.05641997 0.05614708 0.05587358 0.05567968 0.05551165 0.05518858 0.05486029 0.05438064
