32 32 0.063727 0.0023974
0.06512942 0.06509047 0.06510812 0.06516988 0.06510568 0.06515002 0.06512594 0.06512125 0.06517723 0.06521378 0.06521810 0.06524631 0.06525157 0.06523228 0.06528066 0.06541129 0.06552451 0.06565738 0.06582372 0.06598377 0.06597832 0.06580307 0.06592634 0.06580555 0.06564277 0.06543128 0.06520213 0.06512506 0.06504971 0.06513742 0.06504855 0.06503527
0.06503099 0.06501067 0.06501191 0.06497748 0.06492657 0.06501459 0.06497083 0.06486552 0.06487256 0.06502670 0.06516118 0.06512507 0.06510959 0.06510965 0.06520650 0.06531853 0.06548111 0.06566784 0.06576052 0.06596124 0.06606944 0.06601072 0.06605419 0.06590508 0.06563611 0.06550160 0.06529328 0.06514655 0.06503740 0.06501394 0.06499179 0.06495683
0.06491998 0.06493367 0.06495288 0.06499077 0.06493316 0.06490258 0.06492337 0.06454087 0.06490340 0.06486569 0.06496600 0.06498256 0.06501138 0.06503402 0.06512303 0.06515137 0.06534966 0.06532783 0.06576593 0.06596072 0.06596245 0.06612409 0.06609030 0.06591066 0.06572095 0.06555062 0.06532424 0.06515832 0.06503195 0.06495849 0.06499982 0.06474547
0.06488526 0.06485045 0.06489852 0.06485125 0.06487868 0.06487225 0.06482388 0.06476879 0.06481136 0.06481871 0.06480166 0.06481961 0.06483893 0.06491212 0.06492710 0.06510002 0.06527112 0.06543181 0.06568177 0.06590463 0.06605684 0.06611372 0.06608103 0.06591025 0.06572232 0.06555968 0.06537716 0.06518847 0.06504719 0.06500528 0.06495106 0.06490796
0.06493225 0.06491690 0.06487177 0.06488351 0.06479964 0.06477070 0.06476880 0.06472195 0.06470166 0.06472370 0.06477305 0.06470132 0.06481782 0.06475108 0.06487031 0.06500591 0.06517375 0.06539458 0.06560372 0.06578174 0.06600866 0.06605398 0.06604773 0.06596020 0.06576472 0.06560404 0.06539689 0.06527524 0.06506642 0.06494884 0.06489826 0.06489359
0.06485709 0.06483554 0.06482627 0.06473787 0.06478056 0.06485639 0.06474189 0.06463222 0.06470095 0.06466806 0.06464105 0.06465484 0.06465945 0.06470329 0.06480802 0.06491833 0.06515196 0.06532446 0.06552045 0.06578025 0.06587474 0.06601419 0.06607285 0.06594661 0.06572426 0.06561748 0.06544126 0.06513293 0.06508924 0.06502735 0.06492290 0.06497615
0.06485313 0.06474940 0.06479477 0.06476604 0.06473258 0.06472192 0.06466166 0.06463384 0.06457146 0.06455126 0.06454922 0.06455766 0.06456332 0.06465601 0.06470529 0.06475478 0.06499415 0.06525203 0.06545532 0.06567159 0.06585722 0.06594752 0.06595056 0.06591726 0.06579352 0.06564254 0.06542989 0.06526631 0.06506047 0.06503577 0.06489671 0.06485903
0.06482130 0.06477171 0.06483177 0.06477744 0.06469872 0.06468013 0.06460688 0.06456021 0.06460132 0.06457161 0.06453100 0.06450806 0.06451065 0.06462947 0.06462066 0.06472439 0.06492841 0.06516779 0.06535445 0.06556131 0.06568766 0.06586707 0.06582918 0.06587646 0.06576568 0.06558101 0.06544199 0.06523757 0.06521984 0.06505134 0.06494503 0.06485816
0.06493545 0.06473503 0.06480815 0.06472787 0.06482912 0.06467917 0.06461589 0.06459581 0.06457104 0.06454969 0.06452332 0.06450467 0.06444419 0.06452589 0.06458318 0.06473935 0.06484587 0.06504344 0.06511343 0.06542619 0.06556476 0.06572245 0.06573226 0.06576916 0.06575093 0.06558145 0.06522599 0.06530216 0.06520194 0.06507350 0.06495275 0.06484772
0.06478400 0.06479618 0.06486914 0.06477906 0.06482662 0.06468157 0.06467658 0.06460435 0.06460633 0.06456011 0.06452721 0.06454353 0.06450111 0.06447344 0.06456494 0.06466745 0.06482232 0.06493138 0.06526661 0.06523302 0.06540028 0.06565998 0.06563966 0.06568479 0.06553640 0.06552497 0.06538607 0.06526335 0.06521687 0.06505665 0.06495516 0.06489391
0.06486819 0.06485228 0.06484900 0.06480099 0.06487802 0.06476818 0.06473772 0.06471353 0.06463792 0.06477702 0.06458322 0.06454434 0.06450245 0.06447791 0.06454721 0.06464046 0.06473578 0.06497346 0.06496919 0.06514092 0.06536424 0.06540943 0.06545583 0.06550026 0.06547552 0.06540951 0.06537869 0.06521406 0.06512902 0.06507324 0.06496410 0.06486103
0.06489475 0.06486643 0.06480076 0.06488727 0.06482138 0.06475639 0.06477629 0.06479651 0.06479421 0.06476537 0.06471430 0.06470951 0.06461259 0.06457587 0.06461136 0.06473288 0.06471182 0.06482667 0.06492254 0.06504183 0.06510892 0.06525921 0.06535397 0.06530523 0.06539664 0.06537815 0.06524544 0.06520837 0.06505757 0.06506540 0.06492215 0.06494938
0.06489794 0.06489795 0.06490931 0.06476821 0.06490530 0.06492118 0.06493871 0.06493762 0.06490975 0.06480982 0.06483600 0.06477828 0.06475421 0.06467631 0.06464990 0.06469411 0.06465984 0.06472339 0.06485615 0.06494634 0.06505577 0.06514086 0.06519903 0.06525480 0.06522974 0.06528466 0.06526855 0.06520804 0.06512288 0.06507044 0.06503211 0.06502030
0.06487996 0.06484526 0.06490044 0.06494776 0.06493155 0.06486139 0.06495955 0.06497411 0.06495551 0.06496762 0.06485393 0.06489342 0.06474798 0.06474993 0.06471637 0.06465825 0.06471516 0.06467227 0.06482253 0.06483693 0.06497312 0.06506204 0.06510218 0.06528958 0.06527558 0.06528929 0.06526556 0.06522351 0.06508307 0.06512697 0.06502802 0.06499025
0.06495679 0.06488940 0.06488249 0.06488400 0.06488990 0.06489373 0.06488592 0.06494888 0.06501762 0.06495820 0.06495552 0.06487971 0.06481250 0.06472830 0.06479877 0.06469507 0.06470577 0.06474233 0.06478945 0.06486444 0.06495096 0.06498848 0.06511085 0.06517978 0.06524879 0.06527696 0.06531822 0.06529015 0.06527072 0.06517786 0.06509084 0.06502062
0.06490690 0.06485163 0.06477749 0.06476489 0.06480485 0.06479566 0.06477272 0.06487269 0.06490090 0.06494810 0.06489567 0.06488016 0.06492182 0.06477683 0.06482453 0.06472107 0.06465539 0.06471209 0.06473381 0.06490820 0.06493690 0.06499704 0.06511479 0.06521591 0.06525418 0.06523049 0.06536420 0.06536295 0.06534706 0.06518815 0.06508135 0.06504272
0.06486793 0.06471854 0.06479038 0.06465221 0.06462198 0.06449782 0.06465450 0.06468301 0.06472592 0.06481020 0.06478508 0.06482017 0.06480246 0.06478619 0.06470826 0.06463819 0.06464235 0.06467557 0.06468878 0.06475617 0.06486207 0.06496273 0.06504697 0.06525489 0.06524435 0.06536409 0.06534564 0.06536933 0.06531799 0.06527134 0.06515219 0.06505689
0.06474261 0.06466433 0.06447939 0.06443528 0.06442873 0.06432678 0.06442248 0.06446450 0.06448386 0.06454424 0.06462883 0.06466550 0.06465862 0.06460781 0.06460934 0.06455729 0.06458813 0.06461696 0.06465472 0.06470752 0.06484227 0.06493286 0.06503703 0.06508465 0.06521845 0.06530975 0.06526250 0.06537760 0.06529510 0.06519870 0.06508755 0.06503482
0.06463237 0.06451945 0.06433705 0.06422784 0.06417441 0.06413417 0.06412788 0.06418023 0.06420208 0.06432725 0.06442287 0.06453148 0.06457911 0.06447263 0.06447485 0.06448661 0.06451511 0.06452393 0.06455436 0.06460357 0.06473789 0.06485860 0.06499534 0.06501435 0.06522111 0.06524042 0.06522204 0.06532273 0.06522600 0.06513889 0.06504247 0.06486054
0.06453062 0.06432396 0.06421644 0.06404158 0.06390632 0.06388516 0.06392383 0.06390241 0.06407395 0.06421215 0.06419062 0.06439060 0.06452641 0.06456267 0.06450038 0.06440537 0.06439051 0.06446207 0.06462555 0.06460437 0.06469492 0.06478420 0.06483650 0.06499569 0.06510846 0.06509823 0.06523845 0.06516863 0.06517899 0.06505591 0.06493417 0.06472134
0.06444359 0.06423727 0.06402617 0.06390606 0.06379256 0.06383021 0.06379459 0.06382214 0.06393286 0.06404522 0.06414921 0.06430073 0.06432322 0.06438115 0.06451399 0.06447146 0.06437548 0.06443077 0.06449506 0.06457103 0.06467973 0.06472887 0.06483284 0.06495771 0.06501139 0.06510200 0.06508291 0.06510354 0.06507911 0.06493104 0.06485590 0.06461172
0.06438737 0.06426482 0.06399544 0.06379943 0.06381553 0.06375586 0.06372666 0.06385584 0.06390436 0.06408285 0.06421448 0.06437264 0.06442958 0.06449149 0.06447343 0.06444743 0.06443370 0.06446666 0.06447921 0.06457378 0.06466649 0.06474970 0.06475943 0.06483124 0.06496998 0.06496623 0.06496421 0.06494313 0.06493816 0.06485512 0.06499975 0.06460916
0.06439313 0.06412263 0.06408744 0.06393438 0.06387295 0.06389372 0.06389906 0.06399023 0.06405199 0.06422258 0.06439425 0.06448896 0.06453600 0.06462925 0.06458946 0.06459860 0.06451978 0.06452517 0.06459850 0.06460203 0.06472618 0.06476978 0.06469741 0.06486186 0.06487041 0.06490900 0.06492722 0.06488575 0.06481897 0.06484977 0.06483513 0.06458539
0.06451760 0.06438195 0.06425044 0.06416947 0.06409234 0.06406698 0.06415727 0.06414411 0.06429244 0.06447861 0.06460968 0.06473893 0.06480331 0.06479184 0.06486806 0.06470734 0.06481672 0.06477653 0.06480292 0.06478595 0.06483963 0.06483786 0.06486736 0.06482847 0.06491953 0.06488232 0.06496168 0.06497983 0.06484822 0.06483054 0.06474935 0.06471295
0.06467559 0.06448202 0.06444253 0.06436763 0.06438099 0.06446088 0.06443573 0.06454213 0.06462143 0.06478456 0.06500570 0.06496198 0.06508389 0.06508240 0.06507157 0.06509122 0.06495225 0.06497311 0.06501261 0.06496608 0.06501628 0.06501728 0.06493267 0.06492177 0.06493941 0.06491049 0.06485912 0.06482680 0.06483906 0.06486046 0.06483409 0.06469137
0.06482345 0.06478100 0.06470961 0.06485303 0.06465009 0.06465535 0.06474361 0.06481334 0.06494316 0.06509420 0.06517841 0.06537387 0.06537446 0.06531785 0.06531467 0.06533172 0.06521530 0.06520411 0.06525891 0.06518187 0.06506670 0.06508146 0.06506492 0.06497658 0.06492774 0.06492739 0.06480969 0.06493492 0.06496910 0.06498188 0.06498378 0.06490738
0.06505031 0.06491770 0.06501381 0.06491119 0.06495361 0.06495617 0.06500738 0.06504760 0.06521984 0.06522365 0.06543821 0.06551437 0.06549239 0.06553276 0.06548768 0.06551510 0.06542233 0.06542076 0.06541918 0.06529803 0.06529687 0.06524690 0.06516787 0.06507268 0.06500679 0.06496998 0.06501025 0.06495647 0.06497986 0.06504263 0.06499173 0.06500752
0.06517198 0.06514059 0.06522926 0.06517603 0.06510206 0.06525702 0.06520785 0.06533740 0.06533887 0.06548280 0.06550165 0.06565061 0.06563372 0.06560063 0.06560438 0.06554408 0.06563072 0.06554063 0.06552181 0.06552142 0.06557513 0.06540203 0.06528542 0.06521007 0.06513902 0.06504149 0.06498248 0.06500774 0.06503059 0.06508634 0.06511300 0.06516041
0.06525288 0.06524801 0.06534143 0.06524858 0.06529214 0.06526793 0.06528018 0.06536611 0.06537069 0.06558903 0.06560553 0.06561848 0.06570219 0.06562730 0.06570104 0.06557504 0.06561479 0.06563195 0.06562860 0.06566150 0.06561422 0.06550637 0.06544770 0.06530220 0.06521845 0.06511452 0.06498166 0.06505878 0.06512881 0.06513964 0.06518858 0.06523391
0.06527218 0.06520385 0.06529261 0.06522558 0.06529450 0.06534553 0.06534504 0.06539167 0.06551107 0.06552853 0.06556733 0.06566525 0.06559809 0.06561791 0.06562163 0.06562394 0.06574208 0.06568003 0.06572861 0.06577650 0.06577368 0.06568784 0.06554121 0.06547334 0.06532345 0.06519799 0.06512318 0.06508707 0.06511325 0.06517377 0.06521283 0.06524566
0.06523049 0.06524124 0.06532636 0.06516570 0.06530226 0.06526806 0.06528385 0.06535458 0.06549099 0.06539631 0.06549859 0.06543378 0.06549231 0.06553643 0.06555490 0.06557252 0.06572155 0.06572595 0.06580117 0.06586551 0.06591544 0.06587220 0.06573506 0.06554584 0.06546307 0.06528575 0.06516663 0.06507426 0.06493705 0.06513078 0.06516726 0.06518744
0.06515121 0.06518090 0.06522472 0.06519747 0.06516235 0.06522358 0.06519171 0.06527278 0.06531506 0.06530734 0.06531333 0.06541856 0.06537508 0.06536275 0.06544783 0.06548075 0.06561557 0.06570486 0.06582750 0.06597946 0.06598969 0.06601934 0.06592607 0.06560830 0.06552345 0.06534941 0.06525721 0.06513590 0.06511736 0.06510392 0.06514173 0.06513545
