32 32 0.051083 1.0927
0.05521861 0.05469766 0.05435722 0.05386459 0.05361554 0.05352169 0.05350243 0.05330618 0.05337723 0.05340187 0.05331985 0.05332019 0.05320260 0.05335321 0.05352019 0.05384407 0.05427885 0.05493205 0.05554526 0.05605061 0.05632630 0.05642769 0.05664643 0.05654151 0.05654792 0.05649829 0.05642504 0.05635258 0.05633725 0.05619680 0.05594844 0.05561610
0.05496501 0.05449872 0.05403565 0.05358347 0.05328232 0.05316365 0.05300978 0.05279549 0.05272747 0.05276816 0.05289534 0.05269479 0.05251723 0.05251936 0.05286270 0.05324428 0.05388027 0.05454942 0.05509229 0.05582309 0.05620659 0.05637960 0.05660457 0.05655074 0.05641224 0.05648698 0.05634326 0.05622768 0.05611289 0.05598717 0.05574124 0.05533133
0.05465888 0.05417385 0.05376136 0.05347141 0.05306166 0.05272168 0.05261237 0.05209527 0.05227689 0.05204337 0.05195957 0.05170622 0.05171801 0.05182799 0.05212521 0.05249741 0.05318584 0.05370290 0.05467154 0.05538762 0.05583685 0.05623228 0.05637963 0.05632357 0.05624997 0.05624756 0.05605988 0.05596912 0.05585540 0.05562020 0.05549236 0.05498353
0.05438976 0.05394658 0.05352987 0.05318445 0.05274331 0.05250143 0.05227966 0.05203220 0.05178391 0.05149515 0.05135221 0.05112532 0.05108284 0.05115325 0.05145991 0.05205803 0.05270282 0.05346088 0.05429799 0.05524241 0.05560587 0.05599340 0.05612299 0.05613852 0.05602099 0.05596926 0.05577790 0.05569526 0.05559315 0.05534065 0.05509537 0.05478953
0.05521115 0.05477684 0.05447390 0.05399633 0.05373204 0.05342844 0.05311909 0.05279800 0.05248769 0.05219523 0.05193895 0.05162351 0.05158551 0.05163279 0.05198233 0.05254002 0.05331825 0.05415288 0.05496254 0.05575266 0.05642859 0.05665968 0.05693666 0.05690196 0.05679834 0.05666450 0.05650772 0.05645170 0.05617469 0.05598872 0.05574821 0.05541075
0.05988271 0.05956961 0.05925031 0.05883523 0.05862713 0.05840027 0.05794190 0.05758397 0.05715842 0.05672978 0.05637808 0.05615508 0.05605162 0.05616141 0.05652234 0.05699240 0.05778756 0.05863854 0.05945678 0.06029671 0.06081553 0.06129636 0.06143716 0.06145340 0.06131586 0.06112950 0.06097434 0.06070901 0.06053240 0.06037505 0.06024062 0.06017711
0.07284303 0.07253577 0.07232440 0.07208227 0.07158495 0.07139241 0.07090838 0.07037909 0.06990707 0.06953085 0.06918246 0.06890306 0.06878773 0.06885866 0.06927078 0.06984984 0.07067503 0.07126629 0.07223097 0.07296523 0.07362163 0.07392785 0.07394057 0.07425712 0.07391187 0.07383761 0.07336408 0.07327536 0.07306482 0.07320739 0.07308419 0.07283601
0.09918526 0.09936972 0.09924816 0.09887412 0.09843211 0.09803600 0.09748002 0.09741034 0.09665109 0.09581789 0.09579060 0.09521114 0.09516676 0.09534198 0.09579874 0.09670034 0.09697368 0.09750494 0.09847919 0.09915181 0.09983812 0.10008630 0.09992647 0.10006126 0.09996736 0.09936993 0.09954978 0.09948913 0.09937857 0.09905279 0.09936401 0.09872778
0.14510002 0.14487087 0.14522253 0.14456009 0.14437286 0.14427805 0.14342299 0.14279129 0.14270308 0.14162986 0.14107993 0.14095967 0.14068849 0.14082812 0.14094203 0.14178395 0.14166533 0.14299729 0.14285990 0.14376098 0.14458577 0.14502835 0.14489922 0.14483294 0.14417928 0.14466393 0.14456784 0.14426503 0.14382036 0.14389561 0.14438105 0.14516265
0.21331172 0.21536755 0.21320820 0.21426035 0.21511879 0.21413897 0.21344758 0.21319725 0.21401237 0.21130703 0.21039101 0.21078325 0.20879559 0.21200362 0.21042115 0.21109220 0.21015110 0.21265261 0.21276301 0.21415690 0.21473678 0.21440609 0.21384877 0.21448080 0.21433941 0.21379031 0.21345518 0.21323914 0.21420179 0.21371950 0.21344770 0.21467481
0.31307529 0.31001112 0.31277777 0.31409109 0.31091605 0.31235912 0.31155478 0.31147465 0.30960060 0.31098153 0.30756200 0.31060945 0.30731199 0.30890487 0.30744319 0.30687044 0.31015282 0.31082806 0.31217904 0.31153418 0.31049743 0.31201424 0.31036159 0.31088401 0.31085839 0.31092379 0.30866757 0.30974202 0.31073650 0.31008660 0.31228843 0.30981463
0.43788191 0.43791745 0.43906743 0.44175628 0.44372255 0.43853615 0.43939229 0.43679944 0.43760270 0.43596624 0.43300211 0.43343140 0.43113584 0.43698093 0.43491948 0.44002842 0.43441278 0.43858384 0.43898728 0.43661279 0.43824729 0.43694001 0.43239827 0.44143734 0.43690842 0.43356741 0.43595658 0.43549555 0.43838337 0.43589245 0.43972724 0.43739563
0.58965216 0.59043387 0.58665907 0.59269485 0.58786454 0.58611813 0.58419236 0.58599616 0.58643512 0.58415330 0.58491181 0.58690460 0.57890805 0.58546730 0.58970797 0.58815513 0.58673470 0.58242615 0.58627331 0.58692462 0.58500184 0.58964679 0.58189955 0.58589993 0.57700476 0.58344159 0.58188922 0.58137477 0.58325861 0.58554648 0.58279249 0.58617242
0.74534909 0.74958527 0.75356313 0.74072805 0.75611725 0.73715217 0.74867365 0.74209325 0.74475999 0.74653318 0.73995042 0.74771816 0.74703993 0.74534022 0.74143719 0.74672015 0.74486907 0.73386885 0.74935566 0.75102510 0.74540321 0.74463529 0.73880496 0.75028397 0.74374663 0.73802883 0.74001309 0.74512916 0.74425710 0.74487377 0.74866753 0.74081270
0.89530178 0.90421305 0.91318612 0.91442240 0.90480031 0.89840084 0.89778391 0.90273555 0.90451000 0.89083117 0.89492687 0.89301986 0.90878362 0.90922360 0.91940899 0.89123106 0.90237804 0.89853868 0.89495828 0.90546946 0.89273493 0.89063662 0.90072489 0.89765989 0.89775986 0.89129040 0.90405892 0.89558936 0.89730021 0.89815342 0.90651131 0.90838743
1.02392750 1.03579710 1.02840780 1.03740583 1.03630221 1.02252638 1.02910394 1.02809570 1.02466148 1.02819291 1.02858954 1.01757147 1.03255396 1.03444599 1.03470351 1.02549137 1.02531266 1.02707674 1.01488825 1.01149166 1.02485448 1.03323357 1.02075962 1.04004976 1.01686323 1.00883758 1.02984836 1.04176836 1.03805283 1.03155283 1.01581187 1.02270818
1.12285968 1.11042171 1.13424391 1.11439923 1.11480792 1.11652475 1.10734193 1.09833975 1.10552879 1.10587043 1.10988306 1.10656847 1.10344822 1.09948246 1.11205266 1.11711457 1.10838145 1.11072465 1.09385761 1.10104244 1.10979009 1.10622099 1.09588024 1.11927949 1.10696250 1.10297908 1.10513602 1.11471332 1.10500230 1.11981458 1.11776337 1.10369042
1.13676508 1.14383167 1.13880847 1.13805857 1.13478086 1.12597642 1.12732157 1.12641967 1.11965627 1.12417251 1.12604041 1.12747662 1.12828034 1.13203794 1.12772856 1.13257860 1.13383168 1.13496036 1.12450483 1.13034551 1.12830893 1.12679858 1.12692870 1.12816441 1.12964349 1.13092772 1.13264240 1.13652887 1.13323561 1.13795797 1.14351798 1.13301777
1.10128524 1.09939553 1.09898117 1.08902608 1.08193920 1.07221990 1.07381896 1.08349512 1.08021702 1.08411286 1.08152680 1.08296790 1.08006066 1.09489445 1.08928485 1.09462913 1.09015689 1.08128683 1.09839378 1.10330634 1.08738814 1.10056709 1.08838436 1.08063601 1.10484201 1.08717069 1.07578842 1.08970589 1.09709004 1.10089297 1.10808352 1.10336145
1.00755561 1.00402003 1.01091460 1.00110805 0.98494119 0.99595609 0.97727211 0.98536415 0.98430734 0.97102748 0.97686999 0.99268079 0.99922737 1.00902769 1.00527097 0.98865241 1.01705157 0.98677144 1.01853096 0.99187313 0.99934028 0.98974306 0.98807283 1.00230272 0.99156653 1.01509000 1.00821796 1.00229879 1.00826163 1.00387323 0.99936198 1.00047296
0.88126640 0.86110678 0.86257525 0.86409633 0.84601840 0.85206329 0.85467167 0.85943439 0.86445041 0.85629844 0.85685292 0.84410067 0.85494624 0.86043595 0.87787533 0.86422481 0.85679637 0.86149471 0.85486053 0.86451355 0.85742734 0.84909096 0.85435654 0.86282903 0.85476454 0.86621484 0.86601786 0.86016303 0.86896413 0.87704340 0.87123531 0.87040718
0.70962208 0.71218667 0.70471529 0.69154766 0.69313221 0.69984613 0.69651892 0.69461242 0.68882834 0.68647974 0.69299399 0.69589214 0.70115205 0.70379602 0.70399359 0.70432908 0.69944045 0.70256933 0.69304801 0.69439078 0.70619385 0.70016937 0.69805820 0.70249057 0.70897289 0.70911137 0.70528500 0.71362684 0.70553112 0.70825209 0.70262750 0.71368760
0.54630761 0.54392806 0.54450611 0.54198186 0.54369771 0.53755454 0.53518960 0.53608285 0.53358889 0.53861259 0.53870009 0.54263924 0.53638612 0.54586597 0.54343578 0.54422252 0.54633097 0.54533840 0.54091358 0.54566213 0.54488588 0.54577174 0.54811996 0.54831858 0.54594383 0.54650705 0.54857582 0.54353259 0.54208681 0.55353176 0.55710537 0.54558345
0.40366322 0.40383747 0.40053555 0.40076678 0.39683914 0.39741205 0.39247471 0.39834535 0.39701244 0.39825570 0.39812903 0.39722535 0.39720825 0.40115135 0.39958457 0.39739704 0.40054688 0.40000873 0.40183201 0.40070551 0.40109628 0.40219734 0.40100229 0.40409543 0.40042696 0.40519572 0.40413007 0.40796321 0.40743430 0.40799548 0.40393482 0.40397802
0.28656409 0.28566854 0.28394562 0.28248370 0.28111945 0.27761043 0.27963610 0.27757156 0.27810166 0.27800666 0.27921840 0.28115769 0.28137577 0.28233790 0.28292199 0.28326721 0.28176125 0.28313281 0.28268604 0.28255045 0.28374996 0.28206398 0.28546854 0.28469042 0.28576299 0.28496744 0.28705765 0.28887356 0.28821394 0.28806935 0.28888349 0.28636310
0.19595895 0.19500506 0.19366300 0.19078705 0.19142851 0.18978122 0.19025148 0.19031583 0.19081246 0.19061919 0.19135510 0.19047778 0.19232523 0.19300420 0.19366611 0.19168525 0.19318321 0.19273900 0.19283088 0.19329773 0.19348505 0.19283216 0.19476208 0.19552173 0.19586345 0.19655659 0.19840051 0.19775511 0.19901402 0.19864943 0.19784148 0.19803240
0.13303100 0.13207359 0.13120246 0.12982957 0.12949875 0.12884963 0.12863589 0.12876979 0.12930773 0.12974657 0.12996962 0.13021185 0.12991626 0.13058942 0.13044866 0.13029979 0.13057997 0.13065275 0.13125280 0.13075553 0.13176553 0.13175710 0.13231707 0.13268520 0.13240643 0.13322967 0.13428764 0.13503904 0.13574581 0.13526811 0.13386785 0.13385028
0.09341978 0.09248779 0.09167068 0.09087609 0.09002370 0.08934667 0.08968956 0.08996281 0.09026625 0.09064453 0.09119181 0.09090521 0.09122969 0.09092959 0.09119663 0.09114552 0.09146803 0.09148716 0.09157648 0.09213816 0.09234046 0.09238560 0.09258144 0.09268959 0.09325049 0.09321453 0.09393082 0.09406117 0.09471473 0.09462838 0.09447026 0.09412587
0.07074999 0.07005644 0.06943178 0.06868519 0.06826137 0.06796871 0.06807349 0.06826338 0.06853489 0.06894594 0.06904397 0.06922436 0.06927265 0.06924388 0.06934915 0.06924909 0.06947086 0.06965262 0.06983450 0.07003559 0.07026481 0.07029601 0.07047308 0.07062135 0.07078703 0.07090954 0.07112679 0.07150540 0.07167173 0.07194250 0.07184113 0.07138129
0.06015759 0.05956764 0.05903146 0.05846216 0.05820519 0.05809043 0.05811807 0.05825756 0.05857516 0.05876907 0.05888488 0.05896565 0.05898442 0.05883554 0.05893460 0.05901361 0.05925460 0.05960550 0.05995592 0.06022126 0.06042722 0.06056860 0.06051987 0.06060481 0.06065400 0.06068200 0.06081912 0.06098097 0.06115768 0.06118471 0.06115211 0.06064761
0.05637746 0.05582033 0.05539586 0.05483417 0.05473101 0.05460627 0.05462209 0.05475002 0.05501184 0.05500744 0.05514098 0.05525863 0.05511142 0.05514294 0.05525096 0.05546148 0.05586946 0.05622746 0.05664775 0.05700052 0.05720199 0.05725653 0.05729588 0.05719378 0.05724313 0.05722816 0.05730777 0.05739436 0.05723134 0.05737804 0.05717144 0.05685586
0.05543155 0.05495197 0.05443917 0.05412198 0.05383584 0.05373138 0.05371354 0.05379000 0.05388506 0.05412134 0.05391817 0.05402454 0.05385644 0.05394059 0.05412602 0.05436771 0.05480500 0.05531674 0.05584234 0.05628179 0.05658372 0.05673623 0.05681232 0.05648582 0.05655565 0.05653029 0.05651803 0.05658761 0.05663237 0.05646901 0.05627550 0.05586371
