32 32 0.052003 0.85329
0.05551534 0.05516647 0.05488674 0.05445913 0.05426022 0.05412080 0.05413675 0.05397233 0.05405862 0.05410894 0.05403810 0.05399572 0.05392496 0.05395314 0.05404132 0.05421796 0.05454012 0.05501504 0.05543953 0.05579262 0.05591730 0.05582080 0.05592290 0.05576161 0.05568606 0.05564354 0.05561566 0.05554513 0.05575531 0.05585306 0.05578353 0.05570707
0.05520463 0.05494298 0.05459605 0.05422532 0.05400461 0.05388195 0.05376288 0.05355924 0.05357198 0.05365998 0.05376968 0.05360860 0.05338020 0.05330900 0.05348994 0.05372156 0.05416902 0.05460024 0.05497167 0.05547485 0.05569488 0.05570485 0.05576333 0.05563027 0.05543591 0.05547737 0.05540234 0.05542271 0.05547216 0.05555250 0.05553796 0.05536169
0.05480883 0.05456017 0.05426803 0.05413421 0.05378286 0.05347274 0.05344457 0.05302248 0.05328411 0.05307387 0.05302260 0.05272609 0.05271186 0.05268898 0.05281248 0.05301736 0.05343326 0.05377656 0.05442176 0.05491406 0.05513572 0.05536693 0.05537916 0.05524680 0.05508534 0.05511259 0.05497555 0.05498396 0.05505658 0.05505165 0.05514995 0.05487114
0.05439677 0.05417105 0.05389157 0.05369669 0.05331641 0.05320521 0.05311615 0.05300945 0.05279695 0.05266393 0.05244579 0.05219344 0.05208798 0.05200279 0.05209915 0.05241834 0.05282805 0.05334186 0.05386834 0.05455969 0.05469856 0.05487135 0.05486753 0.05475425 0.05463505 0.05455879 0.05448707 0.05451861 0.05459160 0.05456750 0.05459665 0.05454263
0.05474116 0.05452690 0.05440468 0.05413040 0.05393841 0.05377294 0.05358142 0.05339151 0.05320092 0.05297856 0.05274825 0.05243376 0.05219336 0.05209164 0.05220644 0.05246313 0.05292209 0.05344576 0.05394495 0.05440920 0.05487874 0.05489527 0.05502571 0.05489202 0.05476300 0.05465420 0.05460192 0.05467453 0.05464762 0.05472372 0.05473374 0.05470082
0.05800406 0.05789842 0.05779730 0.05758844 0.05748266 0.05735310 0.05708075 0.05689851 0.05660140 0.05628631 0.05593917 0.05567124 0.05539697 0.05528975 0.05530405 0.05549019 0.05592445 0.05637669 0.05678189 0.05737325 0.05764090 0.05792683 0.05796955 0.05788556 0.05776445 0.05764376 0.05761752 0.05757092 0.05760215 0.05773452 0.05782865 0.05805566
0.06780522 0.06767375 0.06761413 0.06755665 0.06725787 0.06713304 0.06689166 0.06655400 0.06623871 0.06590111 0.06557602 0.06524901 0.06496277 0.06477800 0.06479925 0.06501885 0.06544163 0.06570137 0.06626383 0.06669357 0.06710554 0.06723765 0.06720303 0.06736250 0.06712250 0.06712439 0.06681600 0.06698930 0.06703743 0.06738874 0.06750651 0.06754378
0.08803079 0.08830236 0.08834362 0.08816396 0.08790223 0.08773355 0.08740303 0.08742992 0.08690869 0.08629501 0.08615716 0.08557018 0.08535171 0.08514752 0.08519315 0.08555770 0.08555414 0.08576312 0.08632563 0.08669563 0.08711562 0.08731446 0.08707332 0.08722641 0.08712719 0.08684398 0.08706490 0.08717286 0.08728404 0.08731677 0.08778291 0.08736709
0.12358317 0.12341653 0.12397681 0.12357556 0.12363201 0.12363842 0.12313678 0.12277641 0.12275912 0.12193695 0.12142861 0.12114754 0.12064480 0.12045926 0.12022848 0.12050076 0.12013346 0.12090786 0.12057284 0.12115772 0.12171460 0.12199551 0.12190773 0.12187902 0.12149268 0.12197880 0.12211159 0.12201348 0.12187752 0.12213770 0.12271979 0.12350830
0.17676562 0.17846961 0.17695324 0.17788354 0.17862518 0.17812966 0.17770299 0.17771027 0.17848799 0.17635884 0.17559792 0.17572658 0.17381509 0.17599955 0.17434578 0.17446842 0.17349689 0.17504559 0.17504692 0.17589601 0.17634578 0.17595080 0.17560247 0.17623213 0.17619566 0.17594344 0.17585269 0.17586823 0.17683315 0.17662905 0.17659888 0.17766946
0.25466794 0.25241514 0.25467184 0.25583495 0.25374127 0.25491335 0.25452253 0.25464347 0.25338035 0.25442230 0.25177572 0.25397966 0.25097568 0.25191523 0.25034305 0.24945803 0.25155337 0.25190736 0.25280249 0.25203228 0.25119534 0.25241714 0.25119904 0.25171513 0.25184910 0.25207280 0.25047331 0.25149103 0.25235715 0.25202842 0.25387565 0.25207633
0.35228608 0.35253175 0.35343151 0.35574072 0.35742866 0.35369235 0.35485427 0.35310774 0.35379705 0.35287126 0.35057695 0.35047708 0.34861476 0.35249049 0.35031617 0.35397599 0.34912707 0.35211571 0.35213193 0.35024715 0.35159706 0.35057538 0.34711286 0.35425246 0.35093925 0.34846602 0.35038273 0.35015480 0.35256130 0.35062661 0.35361192 0.35198301
0.47125563 0.47166686 0.46926807 0.47407976 0.47064585 0.46971619 0.46921489 0.47098969 0.47127570 0.47001367 0.47002690 0.47112213 0.46501375 0.46924719 0.47213769 0.47014200 0.46919961 0.46574664 0.46803545 0.46846668 0.46724735 0.47081128 0.46515691 0.46807884 0.46172469 0.46655671 0.46534994 0.46481991 0.46650681 0.46794319 0.46618598 0.46898511
0.59266801 0.59730533 0.60035843 0.59083255 0.60312500 0.58885173 0.59818317 0.59501706 0.59688215 0.59757167 0.59257501 0.59842809 0.59665297 0.59576784 0.59255705 0.59555633 0.59303440 0.58541817 0.59669386 0.59807371 0.59371657 0.59346397 0.59003234 0.59801397 0.59316578 0.58858467 0.59022338 0.59417340 0.59219277 0.59330418 0.59575581 0.59010224
0.71145271 0.71854415 0.72469516 0.72655589 0.72002684 0.71562977 0.71618651 0.72133731 0.72212512 0.71222459 0.71555082 0.71326857 0.72418889 0.72474243 0.73067244 0.71114793 0.71816175 0.71543331 0.71184740 0.71932528 0.71145887 0.70894734 0.71667136 0.71449911 0.71469334 0.71066151 0.71944949 0.71233619 0.71351689 0.71404167 0.71955372 0.72163948
0.81258443 0.82116183 0.81777835 0.82363180 0.82403716 0.81704811 0.82083337 0.82079265 0.81847078 0.82129042 0.82081286 0.81174564 0.82225458 0.82291195 0.82235782 0.81553590 0.81363354 0.81702245 0.80742867 0.80464084 0.81654281 0.82126019 0.81308365 0.82536039 0.80902730 0.80401528 0.81801607 0.82716882 0.82395546 0.81711518 0.80617442 0.81225770
0.88891647 0.87996126 0.89771381 0.88446244 0.88643807 0.88871342 0.88292271 0.87728545 0.88245567 0.88249318 0.88505465 0.88132238 0.87876596 0.87540559 0.88300609 0.88658463 0.88006162 0.88160639 0.86866743 0.87391929 0.88255605 0.87958309 0.87132566 0.88913135 0.87951316 0.87722319 0.87724758 0.88369615 0.87598707 0.88742253 0.88584307 0.87706569
0.89893342 0.90529130 0.90298662 0.90296210 0.90165771 0.89739224 0.89844964 0.89859434 0.89534898 0.89739537 0.89813280 0.89849821 0.89794137 0.89926092 0.89533046 0.89852223 0.89870922 0.89948848 0.89333796 0.89707493 0.89651057 0.89523453 0.89554662 0.89678266 0.89750443 0.89839190 0.89878542 0.90187293 0.89803978 0.90105735 0.90505498 0.89854865
0.87151510 0.87187835 0.87220430 0.86597820 0.86157104 0.85504441 0.85611330 0.86359907 0.86096015 0.86421367 0.86151469 0.86145064 0.85996111 0.87099951 0.86507290 0.86797605 0.86481820 0.85755882 0.87134348 0.87358476 0.86342571 0.87577611 0.86508976 0.85665990 0.87599887 0.86327708 0.85523152 0.86340614 0.87047357 0.87326799 0.87707168 0.87323085
0.80001054 0.79643887 0.80266757 0.79617346 0.78361768 0.79403557 0.78061509 0.78446268 0.78547764 0.77550427 0.77970424 0.79047421 0.79568705 0.80031609 0.79796435 0.78423626 0.80327667 0.78156474 0.80636924 0.78705782 0.79271588 0.78689272 0.78393630 0.79558484 0.78791074 0.80536352 0.79945116 0.79358741 0.79948676 0.79576663 0.79296214 0.79378401
0.69854017 0.68502239 0.68584671 0.68818045 0.67475743 0.67885045 0.68196651 0.68441175 0.68835514 0.68237813 0.68174357 0.67268189 0.67967786 0.68185804 0.69428218 0.68378138 0.67859267 0.68215945 0.67754909 0.68598025 0.68180418 0.67579268 0.67942524 0.68447466 0.68004183 0.68736425 0.68786830 0.68391382 0.69002734 0.69544921 0.69118400 0.69135008
0.56501702 0.56745135 0.56134603 0.55289632 0.55411714 0.55943860 0.55617563 0.55452798 0.55008371 0.54863345 0.55280037 0.55404810 0.55733460 0.55919074 0.55831828 0.55848118 0.55497772 0.55774035 0.55075496 0.55243822 0.56130524 0.55637558 0.55545736 0.55864868 0.56333885 0.56364271 0.56117573 0.56725432 0.56103895 0.56276954 0.55935706 0.56829650
0.43722946 0.43629764 0.43614005 0.43486989 0.43577598 0.43105597 0.42905259 0.42985881 0.42789157 0.43080228 0.43083227 0.43328746 0.42799596 0.43470759 0.43231578 0.43259540 0.43426323 0.43410354 0.43081173 0.43451301 0.43432373 0.43494831 0.43718875 0.43744602 0.43573896 0.43620296 0.43781167 0.43394981 0.43332975 0.44206036 0.44482381 0.43630366
0.32547452 0.32571146 0.32338064 0.32346715 0.32057777 0.32082494 0.31685546 0.32102424 0.31985977 0.32046669 0.31999218 0.31891038 0.31860849 0.32142463 0.31980102 0.31832574 0.32046932 0.32037377 0.32176850 0.32120984 0.32172491 0.32275827 0.32195028 0.32430660 0.32157943 0.32540021 0.32446737 0.32761032 0.32749941 0.32806086 0.32517136 0.32536503
0.23394151 0.23345096 0.23212289 0.23095914 0.22972508 0.22697937 0.22821524 0.22651012 0.22653064 0.22635597 0.22696780 0.22814372 0.22812943 0.22875018 0.22907949 0.22931363 0.22810751 0.22944220 0.22912767 0.22919335 0.23033108 0.22904819 0.23166628 0.23111496 0.23191238 0.23138853 0.23309906 0.23461836 0.23426501 0.23449969 0.23534818 0.23356563
0.16338998 0.16270787 0.16166527 0.15938903 0.15975048 0.15831791 0.15845454 0.15831059 0.15844281 0.15820627 0.15863086 0.15774093 0.15906103 0.15947652 0.15996357 0.15853731 0.15969508 0.15941487 0.15963395 0.16004837 0.16019408 0.15974662 0.16125517 0.16181160 0.16205930 0.16259875 0.16410065 0.16377234 0.16495403 0.16481454 0.16443203 0.16474674
0.11453447 0.11383792 0.11316301 0.11199811 0.11163796 0.11094205 0.11062041 0.11056767 0.11088573 0.11107281 0.11113058 0.11132866 0.11102242 0.11152317 0.11138354 0.11129219 0.11157129 0.11171332 0.11224957 0.11189243 0.11266532 0.11261858 0.11301417 0.11321890 0.11297512 0.11362957 0.11446458 0.11517969 0.11586475 0.11573166 0.11476454 0.11502499
0.08398349 0.08330045 0.08264088 0.08194584 0.08114782 0.08055244 0.08063422 0.08073879 0.08091840 0.08114795 0.08142414 0.08125233 0.08149965 0.08129488 0.08148437 0.08145469 0.08176381 0.08182002 0.08190536 0.08235374 0.08249097 0.08246345 0.08246157 0.08254927 0.08283257 0.08288108 0.08343966 0.08367391 0.08431839 0.08446470 0.08452011 0.08441569
0.06673674 0.06620307 0.06568237 0.06501484 0.06457699 0.06423006 0.06421082 0.06431507 0.06444079 0.06486051 0.06485098 0.06499209 0.06503481 0.06501137 0.06500124 0.06501294 0.06520736 0.06536510 0.06552129 0.06567831 0.06579058 0.06574818 0.06577515 0.06578624 0.06584863 0.06594071 0.06611439 0.06653773 0.06676392 0.06723913 0.06731403 0.06706059
0.05887061 0.05835802 0.05797398 0.05741544 0.05713685 0.05696456 0.05688423 0.05697505 0.05721204 0.05738809 0.05744273 0.05752602 0.05754581 0.05745255 0.05754377 0.05760821 0.05777697 0.05810047 0.05834552 0.05851808 0.05860231 0.05864533 0.05848733 0.05849027 0.05841555 0.05848149 0.05857056 0.05876676 0.05913204 0.05930481 0.05934763 0.05917328
0.05623107 0.05578872 0.05551155 0.05494701 0.05478658 0.05461268 0.05458795 0.05466428 0.05490553 0.05490043 0.05502337 0.05519512 0.05502818 0.05505721 0.05512880 0.05529622 0.05562513 0.05586689 0.05618591 0.05642453 0.05650642 0.05639736 0.05637327 0.05618652 0.05613476 0.05609894 0.05618881 0.05633203 0.05629853 0.05662532 0.05661584 0.05647143
0.05564119 0.05531685 0.05493602 0.05456815 0.05431646 0.05417892 0.05414357 0.05423912 0.05430350 0.05456931 0.05441270 0.05448237 0.05431353 0.05435101 0.05449277 0.05462199 0.05480176 0.05533187 0.05573963 0.05604016 0.05616986 0.05618116 0.05609126 0.05575958 0.05576203 0.05571025 0.05573285 0.05585474 0.05601402 0.05605203 0.05606644 0.05589346
