32 32 0.050478 0.52268
0.05535525 0.05448932 0.05378692 0.05307382 0.05254421 0.05238671 0.05232558 0.05237142 0.05264141 0.05301434 0.05334070 0.05376171 0.05409287 0.05457948 0.05502094 0.05554685 0.05613363 0.05684102 0.05746861 0.05797254 0.05818401 0.05818380 0.05834718 0.05824187 0.05810667 0.05798357 0.05774584 0.05767503 0.05742692 0.05717788 0.05665549 0.05606761
0.05501298 0.05423228 0.05345811 0.05273044 0.05221634 0.05195952 0.05184377 0.05173551 0.05194135 0.05235176 0.05283292 0.05311117 0.05337180 0.05377670 0.05437635 0.05505241 0.05583335 0.05655846 0.05714953 0.05784397 0.05818312 0.05827857 0.05835237 0.05823769 0.05799063 0.05789708 0.05765906 0.05742042 0.05715251 0.05684802 0.05636698 0.05571005
0.05462157 0.05385596 0.05311291 0.05256196 0.05191107 0.05149565 0.05138394 0.05101430 0.05145199 0.05156720 0.05187497 0.05206866 0.05254231 0.05305215 0.05368184 0.05432509 0.05517507 0.05580398 0.05679389 0.05746531 0.05783622 0.05814458 0.05817974 0.05798709 0.05776035 0.05762594 0.05728752 0.05706266 0.05679189 0.05636976 0.05597686 0.05518128
0.05419732 0.05345293 0.05273592 0.05213420 0.05140586 0.05108646 0.05087133 0.05072813 0.05074519 0.05088872 0.05105450 0.05129389 0.05167661 0.05220297 0.05279512 0.05374994 0.05457963 0.05551210 0.05632855 0.05727478 0.05755412 0.05781985 0.05780720 0.05765504 0.05741216 0.05721862 0.05689625 0.05667472 0.05637586 0.05595472 0.05546712 0.05489150
0.05416406 0.05353511 0.05277913 0.05203672 0.05152474 0.05111621 0.05076823 0.05056653 0.05047793 0.05052228 0.05067725 0.05088967 0.05130754 0.05178947 0.05250870 0.05333504 0.05429153 0.05529600 0.05616660 0.05691069 0.05753706 0.05766014 0.05779504 0.05765664 0.05742294 0.05711083 0.05685998 0.05662391 0.05621096 0.05580958 0.05531778 0.05471383
0.05595487 0.05529592 0.05462047 0.05389700 0.05343574 0.05291312 0.05249421 0.05223099 0.05207496 0.05201377 0.05204583 0.05227424 0.05263772 0.05322133 0.05392816 0.05477167 0.05577657 0.05674931 0.05758934 0.05846336 0.05894984 0.05932169 0.05940194 0.05929540 0.05906222 0.05875770 0.05845535 0.05804201 0.05773284 0.05743496 0.05697203 0.05657244
0.06185995 0.06115069 0.06057610 0.05991943 0.05925155 0.05869467 0.05826136 0.05786114 0.05758980 0.05743306 0.05756264 0.05774076 0.05809460 0.05868068 0.05939731 0.06025642 0.06133736 0.06223410 0.06317939 0.06394858 0.06453228 0.06482048 0.06485369 0.06494405 0.06461096 0.06443522 0.06395740 0.06373044 0.06332627 0.06318021 0.06278581 0.06227842
0.07433671 0.07389705 0.07333318 0.07262723 0.07192097 0.07134122 0.07074426 0.07045493 0.07009485 0.06981390 0.06987567 0.06994573 0.07027501 0.07088039 0.07162650 0.07272778 0.07344756 0.07434001 0.07530072 0.07604216 0.07670082 0.07704012 0.07695870 0.07701712 0.07688133 0.07639871 0.07638977 0.07613137 0.07592468 0.07543487 0.07527423 0.07440683
0.09644909 0.09548632 0.09541534 0.09450413 0.09390849 0.09339457 0.09261983 0.09208173 0.09194860 0.09148371 0.09138467 0.09158174 0.09178401 0.09234428 0.09296022 0.09394924 0.09445970 0.09569648 0.09615702 0.09705890 0.09774965 0.09815892 0.09827683 0.09824455 0.09793856 0.09810271 0.09776095 0.09758826 0.09719580 0.09695368 0.09686329 0.09679091
0.12920612 0.12963463 0.12804503 0.12795639 0.12781410 0.12691070 0.12616251 0.12582553 0.12613769 0.12479713 0.12451996 0.12497313 0.12427918 0.12629317 0.12604317 0.12692663 0.12706903 0.12872715 0.12939673 0.13038187 0.13102061 0.13117730 0.13107510 0.13156360 0.13137352 0.13117631 0.13095616 0.13072030 0.13101091 0.13047652 0.13009259 0.13027534
0.17728846 0.17530226 0.17609230 0.17612910 0.17423271 0.17420509 0.17342085 0.17310165 0.17212537 0.17268705 0.17128412 0.17306269 0.17171077 0.17297032 0.17269453 0.17294619 0.17495060 0.17585847 0.17707325 0.17702310 0.17692977 0.17789602 0.17731972 0.17775096 0.17783201 0.17796566 0.17687193 0.17731270 0.17751367 0.17700130 0.17774624 0.17622861
0.23744922 0.23716854 0.23667313 0.23757979 0.23779237 0.23477755 0.23508657 0.23358683 0.23364380 0.23327951 0.23212206 0.23232411 0.23183901 0.23482105 0.23416114 0.23723559 0.23495549 0.23742577 0.23805615 0.23728451 0.23850212 0.23814370 0.23633156 0.24050661 0.23878650 0.23732651 0.23829495 0.23804318 0.23932506 0.23778179 0.23927935 0.23788114
0.31071605 0.31015548 0.30827527 0.31012017 0.30723816 0.30597405 0.30554390 0.30618709 0.30586928 0.30542452 0.30524051 0.30626816 0.30350041 0.30648352 0.30902874 0.30839099 0.30892585 0.30763964 0.30913183 0.30979867 0.30957902 0.31189761 0.30892228 0.31063222 0.30729737 0.31010117 0.30925021 0.30864246 0.30965021 0.30992217 0.30876515 0.31030921
0.38449736 0.38780021 0.38853274 0.38196254 0.38828518 0.37886181 0.38370882 0.38254271 0.38310102 0.38293698 0.38040888 0.38452172 0.38346045 0.38453258 0.38368354 0.38577263 0.38449703 0.38142865 0.38810377 0.38940833 0.38708607 0.38740864 0.38632309 0.39073434 0.38805434 0.38522190 0.38633605 0.38864690 0.38606892 0.38714434 0.38787233 0.38437338
0.45779906 0.46131159 0.46315003 0.46343466 0.45893373 0.45547920 0.45542017 0.45865306 0.45836584 0.45311870 0.45566484 0.45467616 0.46108215 0.46318195 0.46680875 0.45758328 0.46182185 0.46114164 0.45880298 0.46300367 0.46018103 0.45830472 0.46292169 0.46207767 0.46248187 0.46088740 0.46559913 0.46071773 0.46127325 0.46132182 0.46338206 0.46453245
0.51820177 0.52224898 0.52054996 0.52168984 0.52130393 0.51819724 0.51866209 0.51860529 0.51719167 0.51906804 0.51901868 0.51436937 0.52138509 0.52238318 0.52324389 0.52040139 0.51874127 0.52339190 0.51759578 0.51530145 0.52478619 0.52628178 0.52303168 0.52773655 0.52021280 0.51911985 0.52520234 0.52964633 0.52818554 0.52186219 0.51675685 0.52014740
0.56308772 0.55615868 0.56605627 0.55696370 0.55856359 0.55887213 0.55507033 0.55213335 0.55456628 0.55532501 0.55681009 0.55545099 0.55485281 0.55531527 0.55934388 0.56299917 0.55940309 0.56079546 0.55524179 0.55610991 0.56328583 0.56167249 0.55782852 0.56687934 0.56218424 0.56125819 0.55993784 0.56350839 0.55840176 0.56486988 0.56319871 0.55910425
0.56595935 0.56900199 0.56654355 0.56573907 0.56380021 0.56063812 0.56224897 0.56186908 0.56085878 0.56227120 0.56418661 0.56528982 0.56554027 0.56689391 0.56614595 0.56810436 0.56963183 0.56967570 0.56793118 0.57027881 0.56995657 0.56939741 0.57073703 0.57183023 0.57161726 0.57198739 0.57171236 0.57315821 0.56986326 0.57064271 0.57138823 0.56807508
0.54641866 0.54689782 0.54584641 0.54055299 0.53807173 0.53266085 0.53344242 0.53808600 0.53696501 0.53999347 0.53953215 0.54009137 0.54212872 0.54963925 0.54689696 0.54843145 0.54770961 0.54367875 0.55197664 0.55267893 0.54758315 0.55645713 0.54996124 0.54286751 0.55728087 0.54835251 0.54288703 0.54617088 0.55213289 0.55298164 0.55306960 0.54843839
0.50222418 0.49805401 0.50093014 0.49628394 0.48786822 0.49452460 0.48741704 0.48760361 0.49050730 0.48672607 0.49031591 0.49677227 0.50141866 0.50294610 0.50353997 0.49614177 0.50550869 0.49506600 0.50862676 0.49915795 0.50177238 0.50024340 0.49712952 0.50457195 0.50065351 0.50936056 0.50618003 0.50066760 0.50508041 0.50222684 0.50011383 0.49925116
0.43677373 0.42934437 0.42805323 0.42894128 0.42097902 0.42199524 0.42464828 0.42537390 0.42896498 0.42708861 0.42727598 0.42450777 0.42896778 0.42991728 0.43764886 0.43231018 0.43011794 0.43237561 0.43006256 0.43559781 0.43417370 0.43093743 0.43259204 0.43431245 0.43287988 0.43571688 0.43634835 0.43419965 0.43665552 0.43835861 0.43517066 0.43479882
0.35593086 0.35639080 0.35149532 0.34675747 0.34681518 0.34965611 0.34732918 0.34686824 0.34556576 0.34632283 0.34957467 0.35103302 0.35370225 0.35578635 0.35535879 0.35591892 0.35431255 0.35628321 0.35234004 0.35374506 0.35858835 0.35537733 0.35528937 0.35682059 0.35918464 0.35923445 0.35789861 0.36074240 0.35663766 0.35669269 0.35470969 0.35901499
0.27871745 0.27774333 0.27614542 0.27497856 0.27459672 0.27187469 0.27094909 0.27228936 0.27230009 0.27440016 0.27578724 0.27800137 0.27572756 0.28007725 0.27887398 0.27929200 0.28043349 0.28062530 0.27870475 0.28077602 0.28082645 0.28089222 0.28239689 0.28258016 0.28152000 0.28156095 0.28226975 0.27975806 0.27947999 0.28372111 0.28452096 0.27899583
0.21174552 0.21099530 0.20887378 0.20816088 0.20616880 0.20614947 0.20415525 0.20698343 0.20727109 0.20855055 0.20914453 0.20934900 0.20983430 0.21194788 0.21115005 0.21059056 0.21177933 0.21180762 0.21253627 0.21224943 0.21254566 0.21315219 0.21271584 0.21389777 0.21224466 0.21449148 0.21364137 0.21536026 0.21520405 0.21510370 0.21302111 0.21242322
0.15760195 0.15647599 0.15496012 0.15366989 0.15254106 0.15099219 0.15179891 0.15148505 0.15211117 0.15281022 0.15419058 0.15534925 0.15593374 0.15666422 0.15703181 0.15730377 0.15654760 0.15735744 0.15707908 0.15710194 0.15780401 0.15703107 0.15851568 0.15810646 0.15848084 0.15817810 0.15918359 0.15993688 0.15962898 0.15960789 0.15969848 0.15811257
0.11634713 0.11522360 0.11390458 0.11212038 0.11188673 0.11096221 0.11125403 0.11161182 0.11229976 0.11297822 0.11391136 0.11413645 0.11526631 0.11582519 0.11625582 0.11548823 0.11602451 0.11588715 0.11600597 0.11620994 0.11624201 0.11601220 0.11683188 0.11714834 0.11727374 0.11760373 0.11851177 0.11838405 0.11903705 0.11871375 0.11820447 0.11781073
0.08811622 0.08703978 0.08605036 0.08481021 0.08420139 0.08375868 0.08376183 0.08412632 0.08490044 0.08567385 0.08625122 0.08704870 0.08716262 0.08779578 0.08782266 0.08786172 0.08794918 0.08807881 0.08835284 0.08817264 0.08859754 0.08855897 0.08876263 0.08888586 0.08875733 0.08920639 0.08970638 0.09017719 0.09053788 0.09035119 0.08923066 0.08903113
0.07078568 0.06969508 0.06868437 0.06773973 0.06695753 0.06659065 0.06678092 0.06718881 0.06784065 0.06860590 0.06923345 0.06969752 0.07017644 0.07036083 0.07055570 0.07062968 0.07085318 0.07091462 0.07097756 0.07126978 0.07135245 0.07138499 0.07138117 0.07141642 0.07164288 0.07172966 0.07205553 0.07229612 0.07254730 0.07249887 0.07224544 0.07165677
0.06118560 0.06022671 0.05938448 0.05839410 0.05786571 0.05754883 0.05767533 0.05807625 0.05853258 0.05943475 0.05993477 0.06042949 0.06086070 0.06104393 0.06122508 0.06138583 0.06158684 0.06177677 0.06193776 0.06211511 0.06223261 0.06221911 0.06228025 0.06231154 0.06236004 0.06241517 0.06254671 0.06281222 0.06289272 0.06294243 0.06262363 0.06199369
0.05709062 0.05620449 0.05532338 0.05448351 0.05400211 0.05379061 0.05387610 0.05420581 0.05479548 0.05534919 0.05583478 0.05636102 0.05672226 0.05697640 0.05726155 0.05745925 0.05774866 0.05808682 0.05837385 0.05860145 0.05873848 0.05875536 0.05873391 0.05872592 0.05871909 0.05869263 0.05877583 0.05885496 0.05896634 0.05881614 0.05845393 0.05786512
0.05585212 0.05492542 0.05420817 0.05332599 0.05297076 0.05275287 0.05275627 0.05307743 0.05359074 0.05397869 0.05452225 0.05510398 0.05531311 0.05565488 0.05601603 0.05636761 0.05684052 0.05719842 0.05762462 0.05796552 0.05814582 0.05811657 0.05813853 0.05798800 0.05797501 0.05789406 0.05789104 0.05787202 0.05767207 0.05765964 0.05721418 0.05659303
0.05553383 0.05470751 0.05388979 0.05319353 0.05269388 0.05248940 0.05249142 0.05274845 0.05310026 0.05368702 0.05392481 0.05441592 0.05465353 0.05506423 0.05554361 0.05594960 0.05641164 0.05704795 0.05751883 0.05798379 0.05824392 0.05836485 0.05834499 0.05805065 0.05803023 0.05792698 0.05781749 0.05782920 0.05768481 0.05738426 0.05698146 0.05629886
