32 32 0.052052 1.3211
0.05362846 0.05314611 0.05297764 0.05272948 0.05268400 0.05282663 0.05309563 0.05326047 0.05361782 0.05394844 0.05421834 0.05446408 0.05458693 0.05482180 0.05503786 0.05540853 0.05577528 0.05627965 0.05672372 0.05705900 0.05715032 0.05706987 0.05706360 0.05681773 0.05658633 0.05626255 0.05587974 0.05556309 0.05525892 0.05494363 0.05449355 0.05404524
0.05342907 0.05300552 0.05268528 0.05244052 0.05236841 0.05250344 0.05267915 0.05273624 0.05302391 0.05341129 0.05379559 0.05395717 0.05400591 0.05419179 0.05455476 0.05496843 0.05552899 0.05604063 0.05639360 0.05693922 0.05710189 0.05709844 0.05708934 0.05682081 0.05642416 0.05622834 0.05580862 0.05542681 0.05504042 0.05471411 0.05430336 0.05389209
0.05316389 0.05275727 0.05245565 0.05233486 0.05219864 0.05213975 0.05233221 0.05207004 0.05266052 0.05274819 0.05300583 0.05304183 0.05332408 0.05358893 0.05393304 0.05436050 0.05490071 0.05534291 0.05608273 0.05655501 0.05675979 0.05695367 0.05687422 0.05658395 0.05624745 0.05599318 0.05552698 0.05518080 0.05482646 0.05440111 0.05405499 0.05356435
0.05302593 0.05261528 0.05239333 0.05217812 0.05205211 0.05205258 0.05212489 0.05219981 0.05229751 0.05242266 0.05253132 0.05260460 0.05279286 0.05306757 0.05337586 0.05400897 0.05454059 0.05520582 0.05577545 0.05650359 0.05662966 0.05676947 0.05667698 0.05643014 0.05611989 0.05578807 0.05535924 0.05503705 0.05469537 0.05424674 0.05384375 0.05344525
0.05433751 0.05395557 0.05371862 0.05352483 0.05336872 0.05332154 0.05336068 0.05336718 0.05340235 0.05341085 0.05349904 0.05353916 0.05372765 0.05395480 0.05436439 0.05490313 0.05557338 0.05626752 0.05687506 0.05740360 0.05786157 0.05783811 0.05789081 0.05760777 0.05725058 0.05692389 0.05653122 0.05603103 0.05569023 0.05536478 0.05497597 0.05454447
0.06022235 0.05992610 0.05970906 0.05944511 0.05942675 0.05943860 0.05929160 0.05930528 0.05918548 0.05903650 0.05911935 0.05921438 0.05937691 0.05969720 0.06013113 0.06059476 0.06131998 0.06201616 0.06259661 0.06322418 0.06349892 0.06375461 0.06366298 0.06344863 0.06309466 0.06265910 0.06230649 0.06175502 0.06141372 0.06106995 0.06073672 0.06052357
0.07597510 0.07555076 0.07536299 0.07527876 0.07497051 0.07504987 0.07482669 0.07463383 0.07454398 0.07457928 0.07456227 0.07465604 0.07483301 0.07512949 0.07565406 0.07623263 0.07697365 0.07740265 0.07818368 0.07868497 0.07908161 0.07915776 0.07897114 0.07908759 0.07851723 0.07826232 0.07758872 0.07725203 0.07683151 0.07680512 0.07647494 0.07607003
0.10758586 0.10772384 0.10761660 0.10723139 0.10690166 0.10672899 0.10646017 0.10680670 0.10640621 0.10599333 0.10636179 0.10616195 0.10646854 0.10689305 0.10751089 0.10854619 0.10865151 0.10898616 0.10978277 0.11020985 0.11067956 0.11072679 0.11032096 0.11029853 0.11001055 0.10921814 0.10925760 0.10896761 0.10860202 0.10807009 0.10817670 0.10721587
0.16264698 0.16223288 0.16245342 0.16170268 0.16167079 0.16181542 0.16121472 0.16090928 0.16130649 0.16066074 0.16058111 0.16094334 0.16108819 0.16145355 0.16170770 0.16262810 0.16233102 0.16360527 0.16311490 0.16384406 0.16453948 0.16483408 0.16449813 0.16427037 0.16339374 0.16383993 0.16376654 0.16309725 0.16232178 0.16207575 0.16234437 0.16297244
0.24429394 0.24644151 0.24371321 0.24488822 0.24607005 0.24513980 0.24469896 0.24499286 0.24670417 0.24402283 0.24356738 0.24449614 0.24255553 0.24687374 0.24511885 0.24588691 0.24447350 0.24728039 0.24706451 0.24849319 0.24896252 0.24841770 0.24756614 0.24822755 0.24808184 0.24729565 0.24670471 0.24624030 0.24706766 0.24609922 0.24535358 0.24633201
0.36373104 0.35954828 0.36261483 0.36403067 0.36031760 0.36245084 0.36196692 0.36254959 0.36097347 0.36349621 0.36010433 0.36433518 0.36100825 0.36313684 0.36158698 0.36084398 0.36463684 0.36515298 0.36645043 0.36553856 0.36408107 0.36583996 0.36380489 0.36441477 0.36435704 0.36434501 0.36143349 0.36242316 0.36331487 0.36196110 0.36401639 0.36040425
0.51326692 0.51251144 0.51403853 0.51686169 0.51944581 0.51367122 0.51505559 0.51272864 0.51479231 0.51339452 0.51057240 0.51212928 0.50951901 0.51714502 0.51485520 0.52074381 0.51380582 0.51857879 0.51892280 0.51583558 0.51767285 0.51618761 0.51065380 0.52197768 0.51621351 0.51211570 0.51495075 0.51391099 0.51675300 0.51316866 0.51696926 0.51320319
0.69515854 0.69576404 0.69026531 0.69780843 0.69232723 0.69071901 0.68838717 0.69152467 0.69361076 0.69136293 0.69406945 0.69747543 0.68752119 0.69621171 0.70108263 0.69947076 0.69667685 0.69085729 0.69609008 0.69688265 0.69428510 0.70024335 0.69070683 0.69613122 0.68468006 0.69272510 0.69062963 0.68971488 0.69092441 0.69326797 0.68851103 0.69122909
0.88336556 0.88572505 0.89071798 0.87542146 0.89445259 0.87262841 0.88778626 0.87907923 0.88418141 0.88854483 0.88158479 0.89154843 0.89228142 0.88870709 0.88332424 0.89021098 0.88834447 0.87289252 0.89264842 0.89457341 0.88809095 0.88715137 0.87919474 0.89446375 0.88634216 0.87938530 0.88113251 0.88641273 0.88628772 0.88480653 0.88873892 0.87747766
1.06273905 1.07274812 1.08474393 1.08656139 1.07497196 1.06831051 1.06843875 1.07506710 1.07991330 1.06391588 1.06963343 1.06835137 1.08929951 1.08786940 1.10186896 1.06313655 1.07771632 1.07211054 1.06866971 1.08273686 1.06507731 1.06390360 1.07738374 1.07341206 1.07335704 1.06393073 1.07991989 1.06915048 1.06977511 1.06927548 1.07938839 1.07956256
1.21907607 1.23383506 1.22300612 1.23677462 1.23519551 1.21598755 1.22897936 1.22906676 1.22658735 1.23234140 1.23447984 1.22160438 1.24037331 1.24225958 1.24217306 1.22868133 1.22964673 1.22916596 1.21371838 1.21180966 1.22463606 1.23909440 1.22195428 1.24959168 1.21856138 1.20540369 1.23390409 1.24755812 1.24088154 1.23377822 1.21105527 1.21653718
1.34268799 1.32627077 1.35763379 1.33253878 1.33272568 1.33810873 1.32724914 1.31637623 1.32872529 1.33051734 1.33821639 1.33372832 1.32915839 1.32307948 1.33876534 1.34347235 1.33135163 1.33371639 1.31247256 1.32212503 1.33219377 1.32878176 1.31630664 1.34670638 1.33090416 1.32376886 1.32648097 1.33869673 1.32482282 1.34102400 1.33676215 1.31608977
1.36455506 1.37193125 1.36609719 1.36559893 1.36350966 1.35585826 1.35758954 1.35752867 1.35204989 1.35828509 1.36026904 1.36232929 1.36313352 1.36793496 1.36040841 1.36620155 1.36576472 1.36744793 1.35509690 1.36074127 1.35949624 1.35873069 1.35847414 1.35804594 1.36177090 1.36290590 1.36285228 1.36683604 1.36165876 1.36698430 1.37314148 1.35773359
1.32519378 1.32167128 1.32209747 1.31112450 1.30370850 1.29439450 1.29793839 1.31206535 1.30915049 1.31538422 1.31194742 1.31445134 1.30729498 1.32515259 1.31743719 1.32390606 1.31665909 1.30700627 1.32641309 1.33367718 1.31352503 1.32752547 1.31487085 1.30817923 1.33620027 1.31293301 1.29837838 1.31554983 1.32097518 1.32400926 1.33383589 1.32808778
1.21400796 1.21194303 1.22031895 1.20994150 1.19412037 1.20599841 1.18490550 1.19950311 1.19646272 1.18014502 1.18744031 1.20721694 1.21369747 1.22815010 1.22044377 1.19951358 1.23710890 1.19606139 1.23635890 1.20128642 1.21192614 1.19818700 1.19862970 1.21538761 1.20096565 1.23179348 1.22086283 1.21382925 1.21751420 1.21197825 1.20446693 1.20538642
1.06805369 1.04137017 1.04602151 1.04834671 1.02721268 1.03832476 1.04136972 1.05062965 1.05802386 1.04627512 1.04811464 1.02816764 1.04293891 1.05140234 1.07376340 1.05386245 1.04266440 1.04818537 1.03890937 1.05031469 1.03973965 1.02980940 1.03715043 1.05001346 1.03682564 1.05311616 1.05036002 1.04101640 1.05162064 1.06200235 1.05422705 1.05215950
0.86074685 0.86492579 0.85795518 0.84050979 0.84417537 0.85427204 0.85254142 0.85098971 0.84365665 0.83988999 0.84837716 0.85218836 0.85851430 0.86041649 0.86082906 0.86010570 0.85264641 0.85566407 0.84333719 0.84421552 0.85990209 0.85329784 0.84981457 0.85566575 0.86384993 0.86317454 0.85656040 0.86675915 0.85579769 0.85930390 0.85071321 0.86461807
0.66282843 0.66017854 0.66329102 0.66055786 0.66506722 0.65811015 0.65595962 0.65730251 0.65401351 0.66139036 0.66067581 0.66543276 0.65689847 0.66862832 0.66537669 0.66573427 0.66759256 0.66529369 0.65950649 0.66585799 0.66441149 0.66598113 0.66812652 0.66817136 0.66457615 0.66471641 0.66663582 0.65951390 0.65632529 0.67095533 0.67571837 0.66122563
0.48898855 0.49033193 0.48716762 0.48901198 0.48474881 0.48654787 0.48085768 0.48901614 0.48720308 0.48874364 0.48843718 0.48699896 0.48653927 0.49087999 0.48876342 0.48494889 0.48907005 0.48761455 0.48995270 0.48815380 0.48848449 0.48980649 0.48802885 0.49178362 0.48683676 0.49190264 0.49022294 0.49435799 0.49276175 0.49347124 0.48807572 0.48869459
0.34501880 0.34476545 0.34360080 0.34277956 0.34208363 0.33809902 0.34139779 0.33892253 0.33983511 0.33959582 0.34099308 0.34333820 0.34327438 0.34406501 0.34440623 0.34449793 0.34230310 0.34351217 0.34284789 0.34246676 0.34378429 0.34152564 0.34571103 0.34447755 0.34551782 0.34397469 0.34590708 0.34767033 0.34633844 0.34577075 0.34679603 0.34404626
0.23256198 0.23214293 0.23129699 0.22837956 0.23008525 0.22853228 0.22956123 0.22991555 0.23063886 0.23025316 0.23116085 0.22980350 0.23195365 0.23263509 0.23308843 0.23026043 0.23196573 0.23108537 0.23094756 0.23144624 0.23159850 0.23054473 0.23295576 0.23369336 0.23382034 0.23425187 0.23605704 0.23461341 0.23572976 0.23513837 0.23410310 0.23455904
0.15389910 0.15321967 0.15279721 0.15178224 0.15194918 0.15159684 0.15165362 0.15203385 0.15285101 0.15335997 0.15362566 0.15376464 0.15324958 0.15395479 0.15356799 0.15314223 0.15329466 0.15316069 0.15379325 0.15293764 0.15415226 0.15410433 0.15468819 0.15499515 0.15438758 0.15500163 0.15589182 0.15634846 0.15686562 0.15599867 0.15440513 0.15450583
0.10378326 0.10309594 0.10267804 0.10219625 0.10153248 0.10109670 0.10174906 0.10226629 0.10276714 0.10328363 0.10397435 0.10363657 0.10397678 0.10356814 0.10374441 0.10351482 0.10374863 0.10356141 0.10348456 0.10407833 0.10432105 0.10424500 0.10440421 0.10441445 0.10484902 0.10449642 0.10501056 0.10477464 0.10527057 0.10486731 0.10464719 0.10434222
0.07459301 0.07415810 0.07373857 0.07328649 0.07313178 0.07308887 0.07346600 0.07388232 0.07440478 0.07500486 0.07519541 0.07550098 0.07562992 0.07558280 0.07563199 0.07537673 0.07549727 0.07552183 0.07557667 0.07569946 0.07588262 0.07584531 0.07599079 0.07604447 0.07606032 0.07591614 0.07580317 0.07593939 0.07584140 0.07591037 0.07568481 0.07520005
0.06059931 0.06013778 0.05981223 0.05952860 0.05950854 0.05963428 0.05998858 0.06028087 0.06086945 0.06130554 0.06156996 0.06181113 0.06190428 0.06183863 0.06192851 0.06192295 0.06198265 0.06231158 0.06251897 0.06268343 0.06281077 0.06291263 0.06272796 0.06270862 0.06256766 0.06230079 0.06218613 0.06207914 0.06193470 0.06178605 0.06154665 0.06106549
0.05531630 0.05491513 0.05465617 0.05429045 0.05439123 0.05452868 0.05478104 0.05520832 0.05569748 0.05594641 0.05634863 0.05670165 0.05666768 0.05679276 0.05692235 0.05710222 0.05740637 0.05764091 0.05793989 0.05818995 0.05828248 0.05820252 0.05814122 0.05784485 0.05771171 0.05743320 0.05723764 0.05702143 0.05659816 0.05653956 0.05616200 0.05575422
0.05391451 0.05351222 0.05313261 0.05297425 0.05297539 0.05310323 0.05337238 0.05374263 0.05410873 0.05464354 0.05471602 0.05504592 0.05510897 0.05531775 0.05557684 0.05577078 0.05597463 0.05652791 0.05684486 0.05720462 0.05734998 0.05735104 0.05721999 0.05676464 0.05660608 0.05633202 0.05605007 0.05580377 0.05557787 0.05521449 0.05485204 0.05434036
