32 32 0.049855 0.96832
0.05391474 0.05324073 0.05271418 0.05212642 0.05173261 0.05153499 0.05148841 0.05135763 0.05149873 0.05168764 0.05179123 0.05199079 0.05211789 0.05244866 0.05281369 0.05332665 0.05383712 0.05461074 0.05531109 0.05591598 0.05621194 0.05631250 0.05651909 0.05644943 0.05628617 0.05611148 0.05589898 0.05567582 0.05553756 0.05527566 0.05484650 0.05442024
0.05360828 0.05306421 0.05251292 0.05194163 0.05156791 0.05130397 0.05111700 0.05090039 0.05094588 0.05111179 0.05139465 0.05140796 0.05142716 0.05163007 0.05212079 0.05267966 0.05342902 0.05412508 0.05477698 0.05561004 0.05600308 0.05622961 0.05636454 0.05626344 0.05602047 0.05590447 0.05565757 0.05542465 0.05516630 0.05492381 0.05457537 0.05409862
0.05326484 0.05272784 0.05221997 0.05188175 0.05140193 0.05096001 0.05080805 0.05037137 0.05060449 0.05047477 0.05052587 0.05047359 0.05062553 0.05091853 0.05137260 0.05186778 0.05269306 0.05333733 0.05432712 0.05509592 0.05552478 0.05594985 0.05604502 0.05589196 0.05568515 0.05556175 0.05519718 0.05495252 0.05472442 0.05438294 0.05421680 0.05358047
0.05288601 0.05245575 0.05195047 0.05162032 0.05105954 0.05085184 0.05060447 0.05040121 0.05016591 0.05003666 0.04993937 0.04985529 0.04995135 0.05021952 0.05058647 0.05133821 0.05209099 0.05296435 0.05385589 0.05485985 0.05524390 0.05558779 0.05565841 0.05555095 0.05524789 0.05507800 0.05475822 0.05447977 0.05428748 0.05392644 0.05363218 0.05329233
0.05347519 0.05313327 0.05280803 0.05231287 0.05201293 0.05166084 0.05137226 0.05107350 0.05081435 0.05055859 0.05041232 0.05024331 0.05031751 0.05049585 0.05087524 0.05158365 0.05242554 0.05338838 0.05424902 0.05506709 0.05579111 0.05599889 0.05619022 0.05603437 0.05577234 0.05545908 0.05514605 0.05489697 0.05453367 0.05428946 0.05399573 0.05367190
0.05750753 0.05728699 0.05698647 0.05662127 0.05638887 0.05617879 0.05569731 0.05530680 0.05494567 0.05458110 0.05432835 0.05418686 0.05415190 0.05433804 0.05476908 0.05535536 0.05622983 0.05715434 0.05799345 0.05890235 0.05946807 0.05991145 0.05998768 0.05992089 0.05964875 0.05927286 0.05896237 0.05857028 0.05820896 0.05794633 0.05778057 0.05776079
0.06902282 0.06874710 0.06859514 0.06841505 0.06797022 0.06773820 0.06727671 0.06677862 0.06632252 0.06596412 0.06564552 0.06545181 0.06539776 0.06555039 0.06596334 0.06663363 0.06753324 0.06822135 0.06925248 0.07005858 0.07072730 0.07105301 0.07105778 0.07121853 0.07076851 0.07053497 0.06991723 0.06965292 0.06934824 0.06936272 0.06922176 0.06896407
0.09249684 0.09272514 0.09265790 0.09233300 0.09196003 0.09159574 0.09105547 0.09095347 0.09026568 0.08953363 0.08943680 0.08892407 0.08887845 0.08910000 0.08956061 0.09039444 0.09086452 0.09151498 0.09255119 0.09331234 0.09407475 0.09441193 0.09421234 0.09427914 0.09406212 0.09334127 0.09332396 0.09308635 0.09281165 0.09242224 0.09260013 0.09198548
0.13348356 0.13325196 0.13371581 0.13316364 0.13303370 0.13292561 0.13216682 0.13155323 0.13137511 0.13043044 0.12988567 0.12974854 0.12948013 0.12962890 0.12975891 0.13058359 0.13061437 0.13197812 0.13201712 0.13300859 0.13393540 0.13444032 0.13438392 0.13429550 0.13365692 0.13390432 0.13359516 0.13316841 0.13258281 0.13246208 0.13284785 0.13356203
0.19438628 0.19624344 0.19436083 0.19537964 0.19616924 0.19533899 0.19464061 0.19444565 0.19511707 0.19262022 0.19179922 0.19203788 0.19011358 0.19300680 0.19164621 0.19229551 0.19154635 0.19396850 0.19433602 0.19572442 0.19648511 0.19639007 0.19594994 0.19656688 0.19636559 0.19575266 0.19525375 0.19485593 0.19548848 0.19488317 0.19456106 0.19558425
0.28336374 0.28063760 0.28317172 0.28439071 0.28167184 0.28291222 0.28220660 0.28211107 0.28043188 0.28156762 0.27848982 0.28110651 0.27808394 0.27948541 0.27816035 0.27769648 0.28067767 0.28151149 0.28293637 0.28260044 0.28192645 0.28351184 0.28220279 0.28274412 0.28272712 0.28266924 0.28042954 0.28117291 0.28176125 0.28097910 0.28279204 0.28049567
0.39454065 0.39460224 0.39551433 0.39810834 0.39987764 0.39528930 0.39622084 0.39391559 0.39456607 0.39320934 0.39052703 0.39069108 0.38868575 0.39372144 0.39177288 0.39643835 0.39147506 0.39539608 0.39608048 0.39420221 0.39603246 0.39513172 0.39121019 0.39945645 0.39547929 0.39236978 0.39424015 0.39354260 0.39587564 0.39327236 0.39642202 0.39425527
0.52962182 0.53008878 0.52693278 0.53235398 0.52813936 0.52670550 0.52545805 0.52716314 0.52738268 0.52558879 0.52590183 0.52746870 0.52051973 0.52598720 0.52975911 0.52821257 0.52736420 0.52391744 0.52733857 0.52829593 0.52710962 0.53153433 0.52508492 0.52858174 0.52098878 0.52642269 0.52471505 0.52376050 0.52518249 0.52661422 0.52405310 0.52691255
0.66743785 0.67172065 0.67518564 0.66390493 0.67773519 0.66106326 0.67142934 0.66658967 0.66874254 0.66986972 0.66408969 0.67094808 0.66971798 0.66863318 0.66532434 0.66970277 0.66777846 0.65893802 0.67273299 0.67472752 0.67019403 0.67008467 0.66581023 0.67561486 0.66988151 0.66453504 0.66602539 0.67012264 0.66802706 0.66853884 0.67121443 0.66416847
0.80074808 0.80854508 0.81597113 0.81729959 0.80931434 0.80393514 0.80386378 0.80899220 0.81017020 0.79846698 0.80220584 0.80013661 0.81350379 0.81430016 0.82236444 0.79903496 0.80841137 0.80560295 0.80249016 0.81190378 0.80220831 0.80010399 0.80946881 0.80705350 0.80719281 0.80164009 0.81208490 0.80377775 0.80461542 0.80471666 0.81111137 0.81284126
0.91431810 0.92402146 0.91864886 0.92574739 0.92548143 0.91499896 0.92055115 0.92011348 0.91732872 0.92052990 0.92042985 0.91050205 0.92347080 0.92456678 0.92486701 0.91729497 0.91658298 0.91982057 0.90978964 0.90653258 0.92004334 0.92717963 0.91703915 0.93252098 0.91328458 0.90680109 0.92315185 0.93281544 0.92906698 0.92176325 0.90832898 0.91347586
0.99986015 0.98960389 1.00948074 0.99303198 0.99460096 0.99632349 0.98904245 0.98213767 0.98833039 0.98857449 0.99166231 0.98885586 0.98588118 0.98245198 0.99273578 0.99756262 0.99046503 0.99264109 0.97869895 0.98505264 0.99443663 0.99163743 0.98226548 1.00333876 0.99213509 0.98868657 0.98947793 0.99678355 0.98753888 0.99974113 0.99700448 0.98517278
1.01012707 1.01735278 1.01291738 1.01253673 1.00995045 1.00334758 1.00541280 1.00521683 1.00050476 1.00392694 1.00561034 1.00664201 1.00688948 1.00977935 1.00579622 1.01016592 1.01139960 1.01266559 1.00486384 1.01041326 1.00923161 1.00841050 1.00884133 1.01061243 1.01140695 1.01222600 1.01248763 1.01602112 1.01112420 1.01392643 1.01817677 1.00918219
0.97782079 0.97675767 0.97639456 0.96815227 0.96251478 0.95487365 0.95624048 0.96515139 0.96262964 0.96633500 0.96391816 0.96463627 0.96313545 0.97639160 0.97068081 0.97522839 0.97179923 0.96416853 0.98002833 0.98396419 0.97145303 0.98506565 0.97339442 0.96546938 0.98667187 0.97136250 0.96142151 0.97161223 0.97823442 0.98048245 0.98509335 0.98013858
0.89469337 0.89055052 0.89673569 0.88862915 0.87444105 0.88531017 0.87012673 0.87550246 0.87637447 0.86528491 0.87068957 0.88404313 0.89019110 0.89738413 0.89484752 0.88004866 0.90313528 0.87834578 0.90716914 0.88444578 0.89115186 0.88389730 0.88141669 0.89458371 0.88540066 0.90528291 0.89892174 0.89187462 0.89735491 0.89255938 0.88813115 0.88846741
0.78032448 0.76347752 0.76423813 0.76604733 0.75063743 0.75561104 0.75880634 0.76246366 0.76736640 0.76094437 0.76126108 0.75106911 0.76011365 0.76407818 0.77894427 0.76736723 0.76149584 0.76574513 0.76040513 0.76971684 0.76451583 0.75760508 0.76203261 0.76852995 0.76250896 0.77145495 0.77121695 0.76586804 0.77261782 0.77856398 0.77296697 0.77208699
0.62855521 0.63067608 0.62358227 0.61285770 0.61425068 0.62029582 0.61720940 0.61582455 0.61125853 0.60995231 0.61552759 0.61791100 0.62241194 0.62494343 0.62481758 0.62526922 0.62132362 0.62443538 0.61646296 0.61811587 0.62839749 0.62303644 0.62170904 0.62543524 0.63086848 0.63086524 0.62748936 0.63415172 0.62661021 0.62824428 0.62331349 0.63270881
0.48402240 0.48210025 0.48194211 0.47994237 0.48114544 0.47591710 0.47398781 0.47520695 0.47344192 0.47766294 0.47820783 0.48170299 0.47633989 0.48452264 0.48232559 0.48301311 0.48505273 0.48455408 0.48079241 0.48504027 0.48467994 0.48540410 0.48780956 0.48803986 0.48599605 0.48634302 0.48791171 0.48320540 0.48183413 0.49131779 0.49395304 0.48363995
0.35802861 0.35787658 0.35480963 0.35477902 0.35138653 0.35187111 0.34766647 0.35287161 0.35206344 0.35335948 0.35343632 0.35282395 0.35292304 0.35649290 0.35508138 0.35338591 0.35607000 0.35580419 0.35742294 0.35664191 0.35715224 0.35830520 0.35735868 0.36004312 0.35680862 0.36102813 0.35985528 0.36301495 0.36243056 0.36259524 0.35882667 0.35851458
0.25492309 0.25390052 0.25212290 0.25066556 0.24928979 0.24616697 0.24805076 0.24652603 0.24706841 0.24725711 0.24854707 0.25037606 0.25076788 0.25173608 0.25229089 0.25266139 0.25142951 0.25280970 0.25235902 0.25242426 0.25369590 0.25222539 0.25528957 0.25466229 0.25554778 0.25487414 0.25659966 0.25804179 0.25731677 0.25702109 0.25747585 0.25498861
0.17546748 0.17435070 0.17289743 0.17020954 0.17059602 0.16913727 0.16953980 0.16971976 0.17032762 0.17047078 0.17146401 0.17090704 0.17261220 0.17331024 0.17402222 0.17244812 0.17372671 0.17344616 0.17363725 0.17410765 0.17432050 0.17391527 0.17563411 0.17633444 0.17663855 0.17717124 0.17871073 0.17810847 0.17907969 0.17854612 0.17764669 0.17747145
0.12052340 0.11938432 0.11835833 0.11693390 0.11646334 0.11583066 0.11568149 0.11591166 0.11661490 0.11725719 0.11764041 0.11819059 0.11814233 0.11888095 0.11888458 0.11886089 0.11915773 0.11930665 0.11991394 0.11958621 0.12051968 0.12059301 0.12112148 0.12148271 0.12125679 0.12189900 0.12272265 0.12333203 0.12375093 0.12322417 0.12178276 0.12152472
0.08616362 0.08503658 0.08406308 0.08310517 0.08218700 0.08153583 0.08185112 0.08223300 0.08270745 0.08330704 0.08393152 0.08408678 0.08453890 0.08453693 0.08485910 0.08492129 0.08527687 0.08539704 0.08547555 0.08611208 0.08643498 0.08649478 0.08669661 0.08680174 0.08722480 0.08725376 0.08775707 0.08781547 0.08822328 0.08796416 0.08762640 0.08706124
0.06673104 0.06580542 0.06500146 0.06406419 0.06354939 0.06317988 0.06327585 0.06358510 0.06396384 0.06465510 0.06496794 0.06536840 0.06566290 0.06585412 0.06606459 0.06614112 0.06643842 0.06668634 0.06694786 0.06723401 0.06750406 0.06759659 0.06777887 0.06791759 0.06804178 0.06809346 0.06819165 0.06844436 0.06846489 0.06849219 0.06819467 0.06750615
0.05782436 0.05702059 0.05624967 0.05551418 0.05509985 0.05492824 0.05493190 0.05512409 0.05558861 0.05603534 0.05633161 0.05666159 0.05693575 0.05705664 0.05735335 0.05755094 0.05788006 0.05834738 0.05874780 0.05908908 0.05934703 0.05954775 0.05954787 0.05959817 0.05957567 0.05954625 0.05956684 0.05957730 0.05962183 0.05943828 0.05915882 0.05853007
0.05478002 0.05400856 0.05339904 0.05262482 0.05236008 0.05216813 0.05217189 0.05235027 0.05268658 0.05294889 0.05329344 0.05373160 0.05378464 0.05405402 0.05432901 0.05470170 0.05523244 0.05566178 0.05619497 0.05662760 0.05688935 0.05690084 0.05702339 0.05689406 0.05688554 0.05679400 0.05674202 0.05666877 0.05635280 0.05634395 0.05596409 0.05540237
0.05406933 0.05341693 0.05276417 0.05222526 0.05180483 0.05160529 0.05157086 0.05170125 0.05190667 0.05232301 0.05239226 0.05265609 0.05275254 0.05305100 0.05341623 0.05380842 0.05419826 0.05498057 0.05555846 0.05611849 0.05648846 0.05666730 0.05669090 0.05642724 0.05638909 0.05623998 0.05610340 0.05600970 0.05590765 0.05560777 0.05524096 0.05466448
