32 32 0.050867 0.8232
0.05269964 0.05228406 0.05202900 0.05175673 0.05162011 0.05168583 0.05189885 0.05197859 0.05230327 0.05262932 0.05286953 0.05308537 0.05323119 0.05359758 0.05384646 0.05418979 0.05460772 0.05515109 0.05559356 0.05589578 0.05592286 0.05572574 0.05560092 0.05527634 0.05495733 0.05459409 0.05425002 0.05400079 0.05379207 0.05357948 0.05327445 0.05297166
0.05243804 0.05211679 0.05178151 0.05156130 0.05133264 0.05141893 0.05149784 0.05151277 0.05174606 0.05209820 0.05251887 0.05256441 0.05258928 0.05275779 0.05314267 0.05354681 0.05410246 0.05460804 0.05498229 0.05552321 0.05568560 0.05557568 0.05545407 0.05517539 0.05473891 0.05452085 0.05414046 0.05381554 0.05356012 0.05334818 0.05310087 0.05273630
0.05216664 0.05185096 0.05153535 0.05144325 0.05121039 0.05106235 0.05116710 0.05090311 0.05137641 0.05144394 0.05161452 0.05158635 0.05178791 0.05201843 0.05239615 0.05274232 0.05329144 0.05367358 0.05444365 0.05493227 0.05511150 0.05526741 0.05514588 0.05482728 0.05444297 0.05421053 0.05377917 0.05352602 0.05328740 0.05298223 0.05280920 0.05232442
0.05184807 0.05155024 0.05123271 0.05112136 0.05088358 0.05086675 0.05088368 0.05088712 0.05092494 0.05100019 0.05102803 0.05098742 0.05109760 0.05127000 0.05153410 0.05205526 0.05261750 0.05323412 0.05384048 0.05457625 0.05469710 0.05482191 0.05471711 0.05440990 0.05410311 0.05381385 0.05341895 0.05317617 0.05294958 0.05260034 0.05238555 0.05213157
0.05229282 0.05206954 0.05186318 0.05157898 0.05150072 0.05140001 0.05136006 0.05130494 0.05128709 0.05126139 0.05123538 0.05115506 0.05124233 0.05128013 0.05163570 0.05205813 0.05263292 0.05331006 0.05387533 0.05443950 0.05491901 0.05488823 0.05494478 0.05469703 0.05437885 0.05402639 0.05371516 0.05348516 0.05313439 0.05289692 0.05264435 0.05237659
0.05553128 0.05537211 0.05521851 0.05500509 0.05495997 0.05490787 0.05476859 0.05469405 0.05456008 0.05438513 0.05429770 0.05424910 0.05423791 0.05431761 0.05460069 0.05495537 0.05553608 0.05615552 0.05667135 0.05730692 0.05766115 0.05789919 0.05788348 0.05774053 0.05742060 0.05706249 0.05675031 0.05634010 0.05612981 0.05593373 0.05573250 0.05572226
0.06503095 0.06481873 0.06481242 0.06468522 0.06445365 0.06447166 0.06427429 0.06406654 0.06387813 0.06374330 0.06363685 0.06352062 0.06347995 0.06352610 0.06381307 0.06414959 0.06474412 0.06514625 0.06582801 0.06635304 0.06681897 0.06696569 0.06689402 0.06697562 0.06656259 0.06636162 0.06587142 0.06557512 0.06527885 0.06529188 0.06515340 0.06498173
0.08461465 0.08479368 0.08479096 0.08464005 0.08445514 0.08435009 0.08412627 0.08425967 0.08390617 0.08349275 0.08352248 0.08319160 0.08319846 0.08327991 0.08352126 0.08412508 0.08423104 0.08458229 0.08524626 0.08572889 0.08625838 0.08647216 0.08617963 0.08620948 0.08599495 0.08538561 0.08540352 0.08513669 0.08491614 0.08459742 0.08469787 0.08414405
0.11898765 0.11871284 0.11929132 0.11891582 0.11897932 0.11906255 0.11864432 0.11844426 0.11857002 0.11795624 0.11767842 0.11764414 0.11738805 0.11746007 0.11742588 0.11786979 0.11768342 0.11859998 0.11842741 0.11910271 0.11970919 0.12001481 0.11990802 0.11981015 0.11927623 0.11954488 0.11930612 0.11884080 0.11836842 0.11822112 0.11851430 0.11903478
0.17035809 0.17192629 0.17043056 0.17137182 0.17213287 0.17174191 0.17143354 0.17157338 0.17241194 0.17058472 0.17008672 0.17043702 0.16891734 0.17114013 0.16981493 0.17010927 0.16920829 0.17093543 0.17105306 0.17199282 0.17250770 0.17231341 0.17186422 0.17234366 0.17217968 0.17168164 0.17125991 0.17088846 0.17142758 0.17084483 0.17055042 0.17138995
0.24562142 0.24339463 0.24554988 0.24669368 0.24474536 0.24592375 0.24566009 0.24589362 0.24483173 0.24611056 0.24376697 0.24613558 0.24350949 0.24465456 0.24330385 0.24259930 0.24481329 0.24524962 0.24626842 0.24560727 0.24490449 0.24608950 0.24495264 0.24535183 0.24531420 0.24527192 0.24338134 0.24396355 0.24437297 0.24370497 0.24519328 0.24322910
0.33989010 0.34010116 0.34079410 0.34318183 0.34480657 0.34134343 0.34252796 0.34101074 0.34184408 0.34121975 0.33925410 0.33946230 0.33787005 0.34187423 0.34001834 0.34371460 0.33918120 0.34215047 0.34235371 0.34058223 0.34194532 0.34102297 0.33770428 0.34442572 0.34109952 0.33843708 0.33988716 0.33929026 0.34123170 0.33895572 0.34157993 0.33976308
0.45485216 0.45515325 0.45287096 0.45744818 0.45416703 0.45338811 0.45305594 0.45493926 0.45535028 0.45444068 0.45470637 0.45613311 0.45046010 0.45479107 0.45781199 0.45602218 0.45529514 0.45214202 0.45440492 0.45490668 0.45381025 0.45731034 0.45181383 0.45452594 0.44825448 0.45261961 0.45105957 0.45007771 0.45136293 0.45228224 0.45033490 0.45284820
0.57205428 0.57664758 0.57949351 0.57035135 0.58211578 0.56854996 0.57755726 0.57485400 0.57680500 0.57765897 0.57314879 0.57915208 0.57770746 0.57718003 0.57432442 0.57733683 0.57502099 0.56791737 0.57880671 0.58022895 0.57609368 0.57590763 0.57262112 0.58019824 0.57532032 0.57055057 0.57180212 0.57520122 0.57264133 0.57349926 0.57548351 0.56982652
0.68698553 0.69378572 0.69950468 0.70127872 0.69510461 0.69096106 0.69160714 0.69673713 0.69761807 0.68857325 0.69208943 0.69024568 0.70080116 0.70184151 0.70766345 0.68919127 0.69613096 0.69365237 0.69018766 0.69739949 0.69004051 0.68754379 0.69496906 0.69276470 0.69274341 0.68862368 0.69671114 0.68935644 0.69012390 0.69028369 0.69513389 0.69693945
0.78482520 0.79287282 0.78986123 0.79514175 0.79562757 0.78928005 0.79284585 0.79294241 0.79099627 0.79402249 0.79391185 0.78546291 0.79585093 0.79670139 0.79641896 0.79016740 0.78834479 0.79195074 0.78249952 0.77977372 0.79177780 0.79611614 0.78822663 0.79962532 0.78388552 0.77895289 0.79186903 0.80011302 0.79665068 0.78949444 0.77917685 0.78486337
0.85848070 0.84980755 0.86654902 0.85403533 0.85609500 0.85827553 0.85297157 0.84759375 0.85295395 0.85325054 0.85591531 0.85263503 0.85060799 0.84771073 0.85520087 0.85875344 0.85272492 0.85431120 0.84227309 0.84683353 0.85531106 0.85242997 0.84435589 0.86125436 0.85178492 0.84923234 0.84888229 0.85462369 0.84707363 0.85775491 0.85582205 0.84787320
0.86822329 0.87399293 0.87201890 0.87195297 0.87077524 0.86708149 0.86814021 0.86834180 0.86577195 0.86775984 0.86881751 0.86944415 0.86922348 0.87037084 0.86732514 0.87032329 0.87082990 0.87131223 0.86575375 0.86911810 0.86877120 0.86737624 0.86759994 0.86838524 0.86897107 0.86953990 0.86950356 0.87187337 0.86832053 0.87103495 0.87406977 0.86820116
0.84194771 0.84222273 0.84244537 0.83665739 0.83263988 0.82636809 0.82731399 0.83459760 0.83237313 0.83567945 0.83344088 0.83350324 0.83250808 0.84376800 0.83815318 0.84088888 0.83803388 0.83111194 0.84431859 0.84647101 0.83653456 0.84857022 0.83793135 0.82935684 0.84794567 0.83542004 0.82781451 0.83489157 0.84166564 0.84407309 0.84737132 0.84353093
0.77298755 0.76940541 0.77530367 0.76911697 0.75717405 0.76731608 0.75473285 0.75816897 0.75952208 0.75040605 0.75448987 0.76515313 0.77054289 0.77494610 0.77311702 0.75994457 0.77814417 0.75740732 0.78183222 0.76274182 0.76794951 0.76232493 0.75905357 0.77025785 0.76263637 0.77904384 0.77320720 0.76725112 0.77287597 0.76916561 0.76648251 0.76711550
0.67489354 0.66199185 0.66264349 0.66498207 0.65208812 0.65596595 0.65918468 0.66152259 0.66556569 0.66012831 0.65954801 0.65138216 0.65822234 0.66038600 0.67255169 0.66254466 0.65777020 0.66121974 0.65674687 0.66487799 0.66075700 0.65472479 0.65797742 0.66263136 0.65818555 0.66494395 0.66535061 0.66148146 0.66720951 0.67225906 0.66802026 0.66813704
0.54608550 0.54846845 0.54239130 0.53445619 0.53570277 0.54086709 0.53769376 0.53618557 0.53217456 0.53096202 0.53513889 0.53650646 0.53985538 0.54192119 0.54114884 0.54148078 0.53820835 0.54088108 0.53410660 0.53562597 0.54397332 0.53896124 0.53792737 0.54079862 0.54517215 0.54526901 0.54277630 0.54849052 0.54240092 0.54402323 0.54072937 0.54936467
0.42266156 0.42182551 0.42157990 0.42052576 0.42128706 0.41684817 0.41500548 0.41594387 0.41422485 0.41706618 0.41734323 0.41985403 0.41494175 0.42155306 0.41938479 0.41981901 0.42149649 0.42126503 0.41807270 0.42147516 0.42112935 0.42144060 0.42346061 0.42355769 0.42171904 0.42202280 0.42349129 0.41967584 0.41915403 0.42740672 0.43003883 0.42175085
0.31467375 0.31491218 0.31271133 0.31279525 0.31012291 0.31042777 0.30668461 0.31084207 0.30985188 0.31060053 0.31025504 0.30939455 0.30927503 0.31215725 0.31072242 0.30942740 0.31150507 0.31136416 0.31265011 0.31192457 0.31221866 0.31300770 0.31207362 0.31412491 0.31134416 0.31487865 0.31384804 0.31683233 0.31671891 0.31717084 0.31439857 0.31457507
0.22616040 0.22573759 0.22448315 0.22344159 0.22234677 0.21973589 0.22107498 0.21956554 0.21976103 0.21965323 0.22049086 0.22175445 0.22195156 0.22267128 0.22310671 0.22346912 0.22229796 0.22349135 0.22308102 0.22301102 0.22390151 0.22249689 0.22483399 0.22407791 0.22462881 0.22403091 0.22555776 0.22696611 0.22654020 0.22672513 0.22752832 0.22580670
0.15786361 0.15722315 0.15628250 0.15421418 0.15464227 0.15338804 0.15366066 0.15365186 0.15395322 0.15396018 0.15456144 0.15392359 0.15535067 0.15589389 0.15651551 0.15521526 0.15624634 0.15596450 0.15605837 0.15629261 0.15626405 0.15565491 0.15683006 0.15715082 0.15721261 0.15759469 0.15889781 0.15848827 0.15952819 0.15933482 0.15892927 0.15919107
0.11047678 0.10978922 0.10922837 0.10818832 0.10798472 0.10747675 0.10734792 0.10748776 0.10800964 0.10844146 0.10864702 0.10910257 0.10899421 0.10965863 0.10966926 0.10964574 0.10990109 0.10997478 0.11036704 0.10988839 0.11041935 0.11022011 0.11034185 0.11033914 0.10986886 0.11027908 0.11095025 0.11150053 0.11200671 0.11179062 0.11077427 0.11097751
0.08073048 0.08005759 0.07950929 0.07894629 0.07830149 0.07788781 0.07821407 0.07855654 0.07895588 0.07949823 0.07999074 0.08012302 0.08052629 0.08055021 0.08082867 0.08088584 0.08119649 0.08120540 0.08118944 0.08144191 0.08141347 0.08117726 0.08098539 0.08078628 0.08087907 0.08065811 0.08100770 0.08105448 0.08146638 0.08141845 0.08138524 0.08120370
0.06380706 0.06333100 0.06288983 0.06234442 0.06209138 0.06193820 0.06216163 0.06253128 0.06291881 0.06355689 0.06388496 0.06428641 0.06459888 0.06474548 0.06494658 0.06503395 0.06525717 0.06539135 0.06546837 0.06547473 0.06538963 0.06515119 0.06495716 0.06473340 0.06456550 0.06435844 0.06433058 0.06450421 0.06453413 0.06471252 0.06463160 0.06425635
0.05609331 0.05564944 0.05522654 0.05483709 0.05468980 0.05474364 0.05490959 0.05523975 0.05581874 0.05621294 0.05657890 0.05698036 0.05726616 0.05742657 0.05766084 0.05784323 0.05808850 0.05840051 0.05856209 0.05863094 0.05856361 0.05835837 0.05804080 0.05776455 0.05743322 0.05713056 0.05703182 0.05697882 0.05698502 0.05695600 0.05680262 0.05648585
0.05340949 0.05295692 0.05269658 0.05219940 0.05225951 0.05228268 0.05245063 0.05286084 0.05339284 0.05368959 0.05413842 0.05455678 0.05470827 0.05497039 0.05523119 0.05552794 0.05595954 0.05618362 0.05647733 0.05662027 0.05658687 0.05632936 0.05603241 0.05560077 0.05532385 0.05497416 0.05474927 0.05460662 0.05434270 0.05431935 0.05410214 0.05379878
0.05279977 0.05242992 0.05203106 0.05180968 0.05170106 0.05176883 0.05196919 0.05231818 0.05266171 0.05324847 0.05335354 0.05372480 0.05383142 0.05414809 0.05446126 0.05473951 0.05503010 0.05559068 0.05595873 0.05618940 0.05622957 0.05607483 0.05582287 0.05523541 0.05495817 0.05462308 0.05433233 0.05415242 0.05397020 0.05376331 0.05351622 0.05316354
