32 32 0.068294 0.0036611
0.06997028 0.06989790 0.06993063 0.06993338 0.06986925 0.06983519 0.06977799 0.06971908 0.06976002 0.06972974 0.06984267 0.06986618 0.06994433 0.06998256 0.07019118 0.07043861 0.07072897 0.07099883 0.07130586 0.07160772 0.07169480 0.07169538 0.07190258 0.07179948 0.07163576 0.07133408 0.07091119 0.07075742 0.07049458 0.07036767 0.07014164 0.07001593
0.06984132 0.06978122 0.06975949 0.06970814 0.06965969 0.06967829 0.06962930 0.06949201 0.06942173 0.06958254 0.06970236 0.06978801 0.06979640 0.06989647 0.07010440 0.07034363 0.07066773 0.07098281 0.07119270 0.07155259 0.07175969 0.07178918 0.07192725 0.07178378 0.07149315 0.07127350 0.07095202 0.07065794 0.07039268 0.07019678 0.07002685 0.06985869
0.06970022 0.06965706 0.06963747 0.06966248 0.06957214 0.06947053 0.06951138 0.06906857 0.06940902 0.06938644 0.06948795 0.06952020 0.06964725 0.06975503 0.07003130 0.07016910 0.07046711 0.07057128 0.07113251 0.07144841 0.07164335 0.07181077 0.07183629 0.07168860 0.07145055 0.07122318 0.07086306 0.07058233 0.07030297 0.07005365 0.06999348 0.06972905
0.06963116 0.06950540 0.06952878 0.06944536 0.06942296 0.06939268 0.06928944 0.06927768 0.06925007 0.06923042 0.06927871 0.06930713 0.06940020 0.06958813 0.06958303 0.06996894 0.07030722 0.07056794 0.07091528 0.07125521 0.07148658 0.07167920 0.07170297 0.07156840 0.07138442 0.07113337 0.07080805 0.07051893 0.07027326 0.06999051 0.06987210 0.06971705
0.06961778 0.06951104 0.06943529 0.06930709 0.06922923 0.06925864 0.06918095 0.06908903 0.06903940 0.06908516 0.06913879 0.06908820 0.06923021 0.06930459 0.06949749 0.06974975 0.07000606 0.07038925 0.07073562 0.07103240 0.07135163 0.07150158 0.07157414 0.07149132 0.07127316 0.07109315 0.07080948 0.07057746 0.07022750 0.07000463 0.06980882 0.06963147
0.06950570 0.06939307 0.06931081 0.06924987 0.06918008 0.06918470 0.06901376 0.06891062 0.06893832 0.06890249 0.06885635 0.06894150 0.06897755 0.06911642 0.06930020 0.06952922 0.06987943 0.07017896 0.07053179 0.07083331 0.07105767 0.07132639 0.07145656 0.07135311 0.07119687 0.07105794 0.07080203 0.07039242 0.07023849 0.07003883 0.06979170 0.06983353
0.06945723 0.06927736 0.06924967 0.06915897 0.06906029 0.06900120 0.06888695 0.06881487 0.06871983 0.06870469 0.06870288 0.06872743 0.06877642 0.06896468 0.06908398 0.06925599 0.06959953 0.06995382 0.07032622 0.07065026 0.07098071 0.07117020 0.07130647 0.07130547 0.07122004 0.07104041 0.07079948 0.07054177 0.07021014 0.07004927 0.06980925 0.06961276
0.06945993 0.06928001 0.06923103 0.06910078 0.06897355 0.06887970 0.06878801 0.06865535 0.06867743 0.06863652 0.06859127 0.06858671 0.06865668 0.06873934 0.06890107 0.06915470 0.06943392 0.06978139 0.07011721 0.07046957 0.07072823 0.07105495 0.07113945 0.07123011 0.07121224 0.07100850 0.07086435 0.07054663 0.07040594 0.07012931 0.06987308 0.06961679
0.06960436 0.06923826 0.06924693 0.06906636 0.06909332 0.06886358 0.06878077 0.06870552 0.06859896 0.06856264 0.06854233 0.06852595 0.06851032 0.06865529 0.06884375 0.06909450 0.06929110 0.06963528 0.06992721 0.07029980 0.07061398 0.07093089 0.07108162 0.07122090 0.07121363 0.07112967 0.07073258 0.07069904 0.07046409 0.07019629 0.06993373 0.06964786
0.06947751 0.06931552 0.06919150 0.06907435 0.06913626 0.06888793 0.06880125 0.06870814 0.06867445 0.06855837 0.06853858 0.06859565 0.06851515 0.06856395 0.06878117 0.06901491 0.06927373 0.06952201 0.07000360 0.07017224 0.07049115 0.07094120 0.07104432 0.07118634 0.07115854 0.07112805 0.07095515 0.07075439 0.07053755 0.07026262 0.06999033 0.06976795
0.06961017 0.06933965 0.06930241 0.06914059 0.06912739 0.06899197 0.06890943 0.06884217 0.06874331 0.06871680 0.06865747 0.06865675 0.06864094 0.06866753 0.06883449 0.06905331 0.06924937 0.06964944 0.06983263 0.07014310 0.07052723 0.07078272 0.07099668 0.07113478 0.07119004 0.07115202 0.07106684 0.07083650 0.07058536 0.07035968 0.07005583 0.06977686
0.06968434 0.06951085 0.06934528 0.06929208 0.06924892 0.06903530 0.06903395 0.06901623 0.06897562 0.06889783 0.06885450 0.06887064 0.06881579 0.06886265 0.06898224 0.06921454 0.06931740 0.06956398 0.06986590 0.07013382 0.07035490 0.07070923 0.07104971 0.07106130 0.07120158 0.07119120 0.07102302 0.07088804 0.07060250 0.07041401 0.07011042 0.06991582
0.06968872 0.06955136 0.06945829 0.06924911 0.06929066 0.06925885 0.06926111 0.06924234 0.06918626 0.06911082 0.06909874 0.06909898 0.06907342 0.06910373 0.06912759 0.06930033 0.06944240 0.06962551 0.06988042 0.07012217 0.07042006 0.07076961 0.07090727 0.07106795 0.07112348 0.07117076 0.07110665 0.07094364 0.07070366 0.07046311 0.07025522 0.06998902
0.06977449 0.06956298 0.06949779 0.06949768 0.06947083 0.06929238 0.06941029 0.06941639 0.06937276 0.06936669 0.06934357 0.06936490 0.06930642 0.06933019 0.06938774 0.06947739 0.06956646 0.06969233 0.06994022 0.07011536 0.07040954 0.07067205 0.07088462 0.07116482 0.07119684 0.07123319 0.07113892 0.07100478 0.07063501 0.07050854 0.07022578 0.07003004
0.06978797 0.06962769 0.06953302 0.06948228 0.06945228 0.06945090 0.06944965 0.06952550 0.06957042 0.06950244 0.06956358 0.06951938 0.06954283 0.06948846 0.06954383 0.06957486 0.06968825 0.06983967 0.06995554 0.07019092 0.07037724 0.07062298 0.07085898 0.07103493 0.07114682 0.07115186 0.07114636 0.07102011 0.07082652 0.07057009 0.07028114 0.07003104
0.06975201 0.06957634 0.06946231 0.06939148 0.06942598 0.06945937 0.06947684 0.06956818 0.06960784 0.06966977 0.06964265 0.06966211 0.06974187 0.06964640 0.06974549 0.06969387 0.06971870 0.06977821 0.06991661 0.07023333 0.07032826 0.07058013 0.07081410 0.07099176 0.07109034 0.07120049 0.07116075 0.07098930 0.07087328 0.07052155 0.07026426 0.07003119
0.06969608 0.06942733 0.06945048 0.06929437 0.06924876 0.06923341 0.06941605 0.06943582 0.06953180 0.06964637 0.06965225 0.06971921 0.06974953 0.06976662 0.06970330 0.06968683 0.06972257 0.06981044 0.06987603 0.07006229 0.07029682 0.07046853 0.07067132 0.07094771 0.07101743 0.07108516 0.07107412 0.07095797 0.07079418 0.07054986 0.07025164 0.07002083
0.06948446 0.06937885 0.06914108 0.06907129 0.06910789 0.06905273 0.06918827 0.06927688 0.06937187 0.06942609 0.06954377 0.06960322 0.06963330 0.06964850 0.06960019 0.06958783 0.06965908 0.06970569 0.06984218 0.06995174 0.07017052 0.07037272 0.07057021 0.07073472 0.07093928 0.07101950 0.07092301 0.07096304 0.07072156 0.07044487 0.07014591 0.06991733
0.06941676 0.06921877 0.06897226 0.06886101 0.06896586 0.06879897 0.06888805 0.06898363 0.06904479 0.06920178 0.06932922 0.06948915 0.06948988 0.06946100 0.06950853 0.06949183 0.06952495 0.06956272 0.06969222 0.06972835 0.07001181 0.07030879 0.07047370 0.07060469 0.07084396 0.07088938 0.07083529 0.07085499 0.07062397 0.07030307 0.07007185 0.06972510
0.06924262 0.06896328 0.06885274 0.06865469 0.06851406 0.06853992 0.06856979 0.06863859 0.06883244 0.06911667 0.06908698 0.06924755 0.06935425 0.06937290 0.06946953 0.06933903 0.06929460 0.06944133 0.06972471 0.06972258 0.06991581 0.07009821 0.07028011 0.07054136 0.07080472 0.07073447 0.07091403 0.07073740 0.07054872 0.07028186 0.06996614 0.06956410
0.06924474 0.06887432 0.06860270 0.06844210 0.06831602 0.06839801 0.06839558 0.06849173 0.06861834 0.06874876 0.06889179 0.06903560 0.06909938 0.06920001 0.06958681 0.06929877 0.06927608 0.06935401 0.06951311 0.06967402 0.06987708 0.07008296 0.07030679 0.07046818 0.07065605 0.07076119 0.07070533 0.07065489 0.07048609 0.07020708 0.06993496 0.06947982
0.06913648 0.06890289 0.06856950 0.06832251 0.06831335 0.06830566 0.06829369 0.06841260 0.06844410 0.06866072 0.06882462 0.06899064 0.06908445 0.06921393 0.06920735 0.06922984 0.06926705 0.06938272 0.06950209 0.06974449 0.06984894 0.07007239 0.07027219 0.07048887 0.07066510 0.07073402 0.07070840 0.07066587 0.07043850 0.07014396 0.07009865 0.06949256
0.06918265 0.06894068 0.06868786 0.06850358 0.06838273 0.06836793 0.06836644 0.06846730 0.06855779 0.06869978 0.06889047 0.06899829 0.06913329 0.06921946 0.06923728 0.06931838 0.06932862 0.06944533 0.06961223 0.06968201 0.07001158 0.07022683 0.07034387 0.07063089 0.07073353 0.07077214 0.07077298 0.07069007 0.07048744 0.07022654 0.07000081 0.06954816
0.06940490 0.06911578 0.06889101 0.06872104 0.06863552 0.06857238 0.06857841 0.06865188 0.06870084 0.06890683 0.06902237 0.06915541 0.06926832 0.06930577 0.06938455 0.06937996 0.06956398 0.06968187 0.06982399 0.06999242 0.07020453 0.07042825 0.07060954 0.07074107 0.07078935 0.07092295 0.07099694 0.07085293 0.07054229 0.07028638 0.07002012 0.06976068
0.06963557 0.06930720 0.06916726 0.06897704 0.06896003 0.06899071 0.06888687 0.06901035 0.06898780 0.06909215 0.06934766 0.06932590 0.06947588 0.06953782 0.06963390 0.06972398 0.06976551 0.06993689 0.07009507 0.07026627 0.07051530 0.07072793 0.07083145 0.07096212 0.07105208 0.07109402 0.07095984 0.07080579 0.07064539 0.07040474 0.07017019 0.06987064
0.06986423 0.06966892 0.06953342 0.06958232 0.06930183 0.06923289 0.06925138 0.06924406 0.06929992 0.06940921 0.06949349 0.06961992 0.06971207 0.06976787 0.06999211 0.07000071 0.07007091 0.07018130 0.07044228 0.07056824 0.07068818 0.07094342 0.07108351 0.07115266 0.07119212 0.07118299 0.07098204 0.07100711 0.07078983 0.07059827 0.07041525 0.07008863
0.07011057 0.06986039 0.06988283 0.06971187 0.06965735 0.06960135 0.06957430 0.06952638 0.06963730 0.06956227 0.06976823 0.06982665 0.06986124 0.06998063 0.07003846 0.07018413 0.07025798 0.07047087 0.07066041 0.07076635 0.07102215 0.07115338 0.07131207 0.07135637 0.07134302 0.07130445 0.07119150 0.07100525 0.07080928 0.07070039 0.07041139 0.07022525
0.07025721 0.07014146 0.07018506 0.07001703 0.06987654 0.06986629 0.06982186 0.06986116 0.06979766 0.06987378 0.06984932 0.06996434 0.07003714 0.07009752 0.07021614 0.07032037 0.07058078 0.07066881 0.07084717 0.07109923 0.07135579 0.07140865 0.07150495 0.07153095 0.07150093 0.07140673 0.07119705 0.07109295 0.07086636 0.07071335 0.07053300 0.07039761
0.07033657 0.07020444 0.07022983 0.07010127 0.07011283 0.07000962 0.06993505 0.06992711 0.06988200 0.07002410 0.06999465 0.07001726 0.07014959 0.07019637 0.07038279 0.07041397 0.07060935 0.07081655 0.07099584 0.07126803 0.07145989 0.07151599 0.07164136 0.07165136 0.07156336 0.07138817 0.07117264 0.07106838 0.07091678 0.07071710 0.07059360 0.07045103
0.07030600 0.07018843 0.07020285 0.07015154 0.07011519 0.07013242 0.07005594 0.06998571 0.07000559 0.06998490 0.07002415 0.07012176 0.07016169 0.07023556 0.07035866 0.07051996 0.07077050 0.07092895 0.07117534 0.07142258 0.07166439 0.07176691 0.07171226 0.07179072 0.07160565 0.07138236 0.07121343 0.07101664 0.07083208 0.07067558 0.07054263 0.07039982
0.07022051 0.07016095 0.07014384 0.07001944 0.07010221 0.06997765 0.07003942 0.06996932 0.07003883 0.06992005 0.06999240 0.07003744 0.07010146 0.07021529 0.07034787 0.07053606 0.07084947 0.07099243 0.07129060 0.07153479 0.07175458 0.07181568 0.07186747 0.07173638 0.07168455 0.07143239 0.07116241 0.07093279 0.07060707 0.07057133 0.07042258 0.07026673
0.07008338 0.07006177 0.07002599 0.06999547 0.06994859 0.06999560 0.06988402 0.06992259 0.06990810 0.06986827 0.06988848 0.07002585 0.07002077 0.07012484 0.07029909 0.07051384 0.07070342 0.07101230 0.07126784 0.07159836 0.07184585 0.07193760 0.07195478 0.07177375 0.07163492 0.07137831 0.07107758 0.07083137 0.07064352 0.07047294 0.07026861 0.07016120
