32 32 0.082302 0.015182
0.09105722 0.09037151 0.08983599 0.08928096 0.08879199 0.08860207 0.08838602 0.08803050 0.08795956 0.08784139 0.08773823 0.08771722 0.08772316 0.08793668 0.08830154 0.08881667 0.08951124 0.09045335 0.09137387 0.09225961 0.09284773 0.09323575 0.09370669 0.09377651 0.09399011 0.09379989 0.09364170 0.09336347 0.09310129 0.09281770 0.09222542 0.09165837
0.09053222 0.08987238 0.08926304 0.08877124 0.08821535 0.08793361 0.08758955 0.08722480 0.08704346 0.08701188 0.08713655 0.08695442 0.08686489 0.08701257 0.08748106 0.08810485 0.08894591 0.08985437 0.09056594 0.09159931 0.09223867 0.09275611 0.09322409 0.09342607 0.09332513 0.09334902 0.09314956 0.09292393 0.09258012 0.09227541 0.09177198 0.09111355
0.08987476 0.08921154 0.08860295 0.08821065 0.08764859 0.08715254 0.08691514 0.08629668 0.08638337 0.08609258 0.08599522 0.08582655 0.08587099 0.08610668 0.08655008 0.08703445 0.08784855 0.08858974 0.08974278 0.09062346 0.09125188 0.09201358 0.09243038 0.09256806 0.09258565 0.09266667 0.09243786 0.09219199 0.09192570 0.09141270 0.09114359 0.09036744
0.08909419 0.08841178 0.08788400 0.08736883 0.08687446 0.08644893 0.08613026 0.08576078 0.08542632 0.08509600 0.08495331 0.08483770 0.08485102 0.08502307 0.08534178 0.08613015 0.08697280 0.08771496 0.08862921 0.08962654 0.09033942 0.09102574 0.09144427 0.09162632 0.09169486 0.09176947 0.09161519 0.09146965 0.09116439 0.09068435 0.09024056 0.08971489
0.08837368 0.08775307 0.08719204 0.08657626 0.08609480 0.08572944 0.08530950 0.08491056 0.08457077 0.08425406 0.08407122 0.08381268 0.08390431 0.08407815 0.08446208 0.08507109 0.08587667 0.08675815 0.08766335 0.08852152 0.08945927 0.09002208 0.09050551 0.09081983 0.09091203 0.09090053 0.09083112 0.09064665 0.09040694 0.08992214 0.08941911 0.08884239
0.08761572 0.08701090 0.08645367 0.08596403 0.08547485 0.08516975 0.08464670 0.08421002 0.08386690 0.08350174 0.08322856 0.08311514 0.08311200 0.08332929 0.08371030 0.08429406 0.08512425 0.08594102 0.08677181 0.08773588 0.08855216 0.08923601 0.08981922 0.08998205 0.09017787 0.09023930 0.09009650 0.08970398 0.08959704 0.08923925 0.08872542 0.08821616
0.08699207 0.08640885 0.08600919 0.08548834 0.08502569 0.08453086 0.08410802 0.08370897 0.08325371 0.08274556 0.08269079 0.08255788 0.08255559 0.08279082 0.08317792 0.08367736 0.08448856 0.08540185 0.08627920 0.08715423 0.08799626 0.08868285 0.08922686 0.08957489 0.08977025 0.08977151 0.08970507 0.08939921 0.08901831 0.08862894 0.08808873 0.08755960
0.08676769 0.08616534 0.08563902 0.08521850 0.08469699 0.08427476 0.08380866 0.08345122 0.08306429 0.08275005 0.08246496 0.08230179 0.08233861 0.08251952 0.08286666 0.08353278 0.08421751 0.08510450 0.08595585 0.08688948 0.08779856 0.08848718 0.08892676 0.08946004 0.08961486 0.08957345 0.08949257 0.08921000 0.08890523 0.08830691 0.08784330 0.08705643
0.08690884 0.08616528 0.08574683 0.08518849 0.08487778 0.08429965 0.08385158 0.08347109 0.08310310 0.08276105 0.08250479 0.08236637 0.08230443 0.08259521 0.08298710 0.08360389 0.08423544 0.08513381 0.08591912 0.08687223 0.08773899 0.08854464 0.08911503 0.08956738 0.08977852 0.08982346 0.08946521 0.08934869 0.08897787 0.08849589 0.08789970 0.08726944
0.08701706 0.08653142 0.08599431 0.08547541 0.08513369 0.08458923 0.08409497 0.08378032 0.08345922 0.08308921 0.08287221 0.08281427 0.08271797 0.08295986 0.08339118 0.08397399 0.08464377 0.08546095 0.08647576 0.08720980 0.08810164 0.08899157 0.08953252 0.08998977 0.09011613 0.09022544 0.09009918 0.08975960 0.08938003 0.08882008 0.08824231 0.08769403
0.08775939 0.08715001 0.08665154 0.08612576 0.08578056 0.08521728 0.08480574 0.08442371 0.08404070 0.08399558 0.08358408 0.08353434 0.08350649 0.08369407 0.08406056 0.08460578 0.08534954 0.08626399 0.08703807 0.08789013 0.08878867 0.08954900 0.09014378 0.09063276 0.09081273 0.09091216 0.09073785 0.09045021 0.08995124 0.08945020 0.08891542 0.08827399
0.08860770 0.08799633 0.08759109 0.08698374 0.08651810 0.08598449 0.08566261 0.08532503 0.08503145 0.08480189 0.08460045 0.08450055 0.08449014 0.08474079 0.08508594 0.08569198 0.08625482 0.08708249 0.08792150 0.08874954 0.08954194 0.09037513 0.09121062 0.09153382 0.09171660 0.09178620 0.09152786 0.09125932 0.09066903 0.09032661 0.08970517 0.08921701
0.08961742 0.08905093 0.08845761 0.08779228 0.08744590 0.08704010 0.08671034 0.08644150 0.08618820 0.08595936 0.08580495 0.08571931 0.08572706 0.08592991 0.08615938 0.08675823 0.08732635 0.08799529 0.08891924 0.08974914 0.09057725 0.09134903 0.09196621 0.09243891 0.09271488 0.09274060 0.09258719 0.09225762 0.09181664 0.09133408 0.09085229 0.09028480
0.09072419 0.09012183 0.08950588 0.08898494 0.08855498 0.08805511 0.08783456 0.08760842 0.08736495 0.08718676 0.08702639 0.08707447 0.08700172 0.08718317 0.08748507 0.08791779 0.08848762 0.08902321 0.09006252 0.09078202 0.09167144 0.09243214 0.09300300 0.09363933 0.09378207 0.09383168 0.09367988 0.09337431 0.09278820 0.09243060 0.09187580 0.09136518
0.09175882 0.09110596 0.09046698 0.08996560 0.08946062 0.08905098 0.08877097 0.08864277 0.08850489 0.08824376 0.08825832 0.08815590 0.08828220 0.08829845 0.08873804 0.08901234 0.08968242 0.09037940 0.09110038 0.09199026 0.09275091 0.09346163 0.09415848 0.09455312 0.09482560 0.09489642 0.09483151 0.09446297 0.09410429 0.09357441 0.09301084 0.09244865
0.09272064 0.09199700 0.09127978 0.09071252 0.09028234 0.08995770 0.08963294 0.08951034 0.08938200 0.08940029 0.08923478 0.08924925 0.08934843 0.08939723 0.08984111 0.09007407 0.09057921 0.09135451 0.09205746 0.09295697 0.09380953 0.09455602 0.09514900 0.09566714 0.09579412 0.09622271 0.09581296 0.09554858 0.09523595 0.09454430 0.09390122 0.09344516
0.09347302 0.09249165 0.09199512 0.09125219 0.09085253 0.09037772 0.09017981 0.08990521 0.08996723 0.08998327 0.08992050 0.08994579 0.09004348 0.09021355 0.09039136 0.09086213 0.09136005 0.09208846 0.09273830 0.09359203 0.09464181 0.09527726 0.09573427 0.09653723 0.09657738 0.09673769 0.09658729 0.09635457 0.09595693 0.09556965 0.09488276 0.09434099
0.09391380 0.09302164 0.09218406 0.09147487 0.09098704 0.09052251 0.09031551 0.09018617 0.09016617 0.09017454 0.09027576 0.09032102 0.09038643 0.09056430 0.09078862 0.09118045 0.09174931 0.09249739 0.09340203 0.09418531 0.09506415 0.09586920 0.09645696 0.09672659 0.09713024 0.09722493 0.09703176 0.09686355 0.09653340 0.09609803 0.09552770 0.09482787
0.09409202 0.09317120 0.09214688 0.09134803 0.09089490 0.09037283 0.09001996 0.09000001 0.08996782 0.09003690 0.09016197 0.09035907 0.09043038 0.09050095 0.09076447 0.09121974 0.09196207 0.09254973 0.09346625 0.09415139 0.09509421 0.09609004 0.09653687 0.09675316 0.09748407 0.09739712 0.09730044 0.09718531 0.09686834 0.09628409 0.09569854 0.09493333
0.09387172 0.09288836 0.09231894 0.09104859 0.09027689 0.08991449 0.08964427 0.08941605 0.08961815 0.08984860 0.08978458 0.08999127 0.09021425 0.09032277 0.09070722 0.09088193 0.09140665 0.09220989 0.09325273 0.09403252 0.09487050 0.09562697 0.09625956 0.09675694 0.09714554 0.09733399 0.09737830 0.09701866 0.09675109 0.09628090 0.09569275 0.09480963
0.09367276 0.09243186 0.09140535 0.09047675 0.08974410 0.08930837 0.08908642 0.08899371 0.08912957 0.08916983 0.08929159 0.08944318 0.08951347 0.08977105 0.09044246 0.09046748 0.09093906 0.09173141 0.09255702 0.09351991 0.09443736 0.09510148 0.09572702 0.09620739 0.09654900 0.09675849 0.09678328 0.09669597 0.09656175 0.09594875 0.09542741 0.09445217
0.09300493 0.09200647 0.09099039 0.08976127 0.08922868 0.08880165 0.08846573 0.08844068 0.08849250 0.08864634 0.08878432 0.08891412 0.08904843 0.08925059 0.08942203 0.08981383 0.09034895 0.09114376 0.09188570 0.09297004 0.09374347 0.09439100 0.09507278 0.09545957 0.09581879 0.09609768 0.09612437 0.09604153 0.09583471 0.09541185 0.09504570 0.09395882
0.09238982 0.09152289 0.09067226 0.08942761 0.08873472 0.08826787 0.08804040 0.08798179 0.08806267 0.08821728 0.08840380 0.08850601 0.08849044 0.08870054 0.08884641 0.08925538 0.08976096 0.09052846 0.09131022 0.09223189 0.09304391 0.09372153 0.09426761 0.09473986 0.09503848 0.09518271 0.09535444 0.09532406 0.09512638 0.09482540 0.09445695 0.09339121
0.09199202 0.09103592 0.08999453 0.08919709 0.08845422 0.08800545 0.08781970 0.08778074 0.08787591 0.08802185 0.08811374 0.08819826 0.08823051 0.08831335 0.08844702 0.08879220 0.08936841 0.09011163 0.09083867 0.09160857 0.09243248 0.09309531 0.09361009 0.09399079 0.09456458 0.09455319 0.09472775 0.09471980 0.09443498 0.09419967 0.09361749 0.09286978
0.09169257 0.09060116 0.08974777 0.08890412 0.08838717 0.08809758 0.08775194 0.08794807 0.08782371 0.08797713 0.08810374 0.08804805 0.08815159 0.08822179 0.08840543 0.08873489 0.08910073 0.08988388 0.09063882 0.09132961 0.09206442 0.09267527 0.09312882 0.09344308 0.09372055 0.09391426 0.09398742 0.09399442 0.09394343 0.09364649 0.09320378 0.09248324
0.09149337 0.09058910 0.08968482 0.08917454 0.08843298 0.08807392 0.08797789 0.08795852 0.08799854 0.08820002 0.08816713 0.08819037 0.08827547 0.08825101 0.08851871 0.08882145 0.08927284 0.08985586 0.09072265 0.09130563 0.09183652 0.09243918 0.09287904 0.09312696 0.09332028 0.09352879 0.09346929 0.09365322 0.09353879 0.09334245 0.09299511 0.09226585
0.09137293 0.09051287 0.08991417 0.08912320 0.08870391 0.08835518 0.08822525 0.08817165 0.08838417 0.08822774 0.08828421 0.08850597 0.08829804 0.08852006 0.08866133 0.08904352 0.08943992 0.09016257 0.09078973 0.09147875 0.09209037 0.09255560 0.09285655 0.09307543 0.09323219 0.09335491 0.09336340 0.09338686 0.09322478 0.09314288 0.09212480 0.09202516
0.09144270 0.09066806 0.09010644 0.08942277 0.08890846 0.08866944 0.08855958 0.08857696 0.08869851 0.08879306 0.08866229 0.08865497 0.08874175 0.08878434 0.08896932 0.08927729 0.08982008 0.09047213 0.09112633 0.09183261 0.09242583 0.09281188 0.09308100 0.09322757 0.09332957 0.09341558 0.09333975 0.09335790 0.09321760 0.09306439 0.09264586 0.09212098
0.09159429 0.09075407 0.09030846 0.08955408 0.08919068 0.08887788 0.08877310 0.08882385 0.08882308 0.08897788 0.08893601 0.08891847 0.08902530 0.08898621 0.08918930 0.08960202 0.09015202 0.09081584 0.09148764 0.09221850 0.09275033 0.09314050 0.09343678 0.09354945 0.09361100 0.09352799 0.09343928 0.09345607 0.09324157 0.09312023 0.09270895 0.09214526
0.09157725 0.09083285 0.09023104 0.08974073 0.08928585 0.08907748 0.08896887 0.08892917 0.08903881 0.08898016 0.08897499 0.08901397 0.08911264 0.08912930 0.08942048 0.08978270 0.09045530 0.09109806 0.09182460 0.09252938 0.09314796 0.09357426 0.09382943 0.09387939 0.09390355 0.09378153 0.09372674 0.09357407 0.09352838 0.09321875 0.09280167 0.09222009
0.09152901 0.09084760 0.09027962 0.08958459 0.08929934 0.08899462 0.08898356 0.08889025 0.08898025 0.08880474 0.08880276 0.08894797 0.08878917 0.08898535 0.08927873 0.08975416 0.09053492 0.09116107 0.09202427 0.09276963 0.09336028 0.09373258 0.09410441 0.09406662 0.09416967 0.09404678 0.09389651 0.09369743 0.09338751 0.09324225 0.09275538 0.09221162
0.09137584 0.09072030 0.09000890 0.08955464 0.08908099 0.08888532 0.08877836 0.08861457 0.08858276 0.08861743 0.08824139 0.08841352 0.08837011 0.08855050 0.08888408 0.08947036 0.09006726 0.09094640 0.09179481 0.09263508 0.09335283 0.09379327 0.09408330 0.09404884 0.09414708 0.09403447 0.09387510 0.09370070 0.09354744 0.09308849 0.09264793 0.09202956
