32 32 0.050149 0.31458
0.05805770 0.05699268 0.05604186 0.05497641 0.05406407 0.05340264 0.05292320 0.05251930 0.05245574 0.05251712 0.05260779 0.05288223 0.05309398 0.05350960 0.05406660 0.05466126 0.05539333 0.05629182 0.05713553 0.05784906 0.05831465 0.05856950 0.05894591 0.05911743 0.05935241 0.05953668 0.05964638 0.05978955 0.05987934 0.05985968 0.05940846 0.05885392
0.05744139 0.05646259 0.05541422 0.05434468 0.05349175 0.05281437 0.05228789 0.05186314 0.05176194 0.05190499 0.05223495 0.05235292 0.05254537 0.05295963 0.05360121 0.05435173 0.05530722 0.05612564 0.05692520 0.05785799 0.05839585 0.05876898 0.05916088 0.05929620 0.05933673 0.05951857 0.05957620 0.05959702 0.05951418 0.05934863 0.05895598 0.05825268
0.05683774 0.05584647 0.05480404 0.05390310 0.05294438 0.05216699 0.05169951 0.05100999 0.05126801 0.05118460 0.05137631 0.05150353 0.05193065 0.05242947 0.05304708 0.05384163 0.05478500 0.05560392 0.05676085 0.05767637 0.05823703 0.05886336 0.05916826 0.05924826 0.05929936 0.05942420 0.05932901 0.05930490 0.05915969 0.05879185 0.05836183 0.05750189
0.05617586 0.05516722 0.05418269 0.05325943 0.05223707 0.05166869 0.05112722 0.05077343 0.05060630 0.05063438 0.05071648 0.05087062 0.05125543 0.05182763 0.05248686 0.05345102 0.05442263 0.05551066 0.05654825 0.05770711 0.05826366 0.05879645 0.05906505 0.05918061 0.05918612 0.05922309 0.05907648 0.05894761 0.05876040 0.05829123 0.05779773 0.05706989
0.05581150 0.05474529 0.05383825 0.05286849 0.05200173 0.05132873 0.05078534 0.05040483 0.05018603 0.05014892 0.05023984 0.05042389 0.05088688 0.05138331 0.05212846 0.05309985 0.05422138 0.05534850 0.05641388 0.05738372 0.05831094 0.05873547 0.05916642 0.05930115 0.05928689 0.05919177 0.05905632 0.05889203 0.05848170 0.05799723 0.05737625 0.05657644
0.05649353 0.05554974 0.05457821 0.05356662 0.05281127 0.05217177 0.05151173 0.05114587 0.05087652 0.05076442 0.05079311 0.05106341 0.05141392 0.05202512 0.05278287 0.05373786 0.05486590 0.05598565 0.05703568 0.05820270 0.05891105 0.05957553 0.06000699 0.06013114 0.06014558 0.06006439 0.05986917 0.05951338 0.05917416 0.05870837 0.05806449 0.05733321
0.05971311 0.05870252 0.05790002 0.05694670 0.05604662 0.05537441 0.05475811 0.05427946 0.05393283 0.05370585 0.05378411 0.05398987 0.05434885 0.05495030 0.05571966 0.05661229 0.05777374 0.05885341 0.06000843 0.06101786 0.06189261 0.06253590 0.06291694 0.06329143 0.06327910 0.06323336 0.06290377 0.06270686 0.06223526 0.06189032 0.06124895 0.06051717
0.06693546 0.06616483 0.06529480 0.06446346 0.06347367 0.06270716 0.06201897 0.06156996 0.06113996 0.06081602 0.06084199 0.06090949 0.06122540 0.06177739 0.06251417 0.06353403 0.06445456 0.06553686 0.06662967 0.06766805 0.06864319 0.06926389 0.06966086 0.07004395 0.07022783 0.06999245 0.07007234 0.06982028 0.06957104 0.06891701 0.06839741 0.06738669
0.07985513 0.07859239 0.07830152 0.07725023 0.07647758 0.07570078 0.07487806 0.07422349 0.07388113 0.07341980 0.07324326 0.07331375 0.07348717 0.07396777 0.07458885 0.07551507 0.07620763 0.07742486 0.07818445 0.07930162 0.08029790 0.08108768 0.08166251 0.08206314 0.08224716 0.08256711 0.08218915 0.08218062 0.08182380 0.08137414 0.08097828 0.08056340
0.09913905 0.09902128 0.09752927 0.09704031 0.09649780 0.09550819 0.09463198 0.09407786 0.09391404 0.09285237 0.09249114 0.09264770 0.09216519 0.09340810 0.09347116 0.09425083 0.09464512 0.09602485 0.09701296 0.09797165 0.09894173 0.09958484 0.10015568 0.10093465 0.10117394 0.10140520 0.10144777 0.10136274 0.10146533 0.10094193 0.10041030 0.10019553
0.12763282 0.12598411 0.12611255 0.12566957 0.12412492 0.12356275 0.12263662 0.12198653 0.12098758 0.12101261 0.11983994 0.12062259 0.11967470 0.12035465 0.12028623 0.12055722 0.12195616 0.12291062 0.12390967 0.12437695 0.12496310 0.12611393 0.12645557 0.12729153 0.12783840 0.12834733 0.12806255 0.12848986 0.12854500 0.12823542 0.12848644 0.12734713
0.16329898 0.16282615 0.16209041 0.16219413 0.16174969 0.15953297 0.15917666 0.15779390 0.15726575 0.15663801 0.15555214 0.15528978 0.15480309 0.15627627 0.15587501 0.15764747 0.15653159 0.15815093 0.15884759 0.15888987 0.16011944 0.16063462 0.16042491 0.16327845 0.16306933 0.16285875 0.16374155 0.16398526 0.16490943 0.16405138 0.16482945 0.16389170
0.20686767 0.20613638 0.20475647 0.20523833 0.20305894 0.20178672 0.20111912 0.20088532 0.19998690 0.19927704 0.19850785 0.19864597 0.19682551 0.19822424 0.19948102 0.19904956 0.19954436 0.19904422 0.20006490 0.20085456 0.20140378 0.20334325 0.20255912 0.20421174 0.20337643 0.20548257 0.20557631 0.20559208 0.20656644 0.20670213 0.20616747 0.20702855
0.25053482 0.25256329 0.25245311 0.24813735 0.25121618 0.24514005 0.24722519 0.24632223 0.24584073 0.24489556 0.24285149 0.24487577 0.24369705 0.24425846 0.24370321 0.24467898 0.24380692 0.24262523 0.24644767 0.24760535 0.24691557 0.24789745 0.24840642 0.25145598 0.25088833 0.25007282 0.25142127 0.25330698 0.25155149 0.25276450 0.25302894 0.25108256
0.29464942 0.29616934 0.29640000 0.29616719 0.29305459 0.29037416 0.28978628 0.29122650 0.29004986 0.28654487 0.28758226 0.28643862 0.28951850 0.29074001 0.29228294 0.28787130 0.29006026 0.29001229 0.28882696 0.29141112 0.29103429 0.29042026 0.29376309 0.29425374 0.29541611 0.29566947 0.29881813 0.29640833 0.29713386 0.29734864 0.29807736 0.29883210
0.33058686 0.33215732 0.33100198 0.33046431 0.33017854 0.32824114 0.32746552 0.32672529 0.32525250 0.32602206 0.32516728 0.32194832 0.32592373 0.32624846 0.32678479 0.32557671 0.32427797 0.32785533 0.32504157 0.32416818 0.33095520 0.33143099 0.33110637 0.33308601 0.33097305 0.33193783 0.33484516 0.33765626 0.33747898 0.33308719 0.33069499 0.33254026
0.35695227 0.35222525 0.35737741 0.35153323 0.35254653 0.35132525 0.34885384 0.34690682 0.34742811 0.34693658 0.34782930 0.34705189 0.34630937 0.34656468 0.34904931 0.35166162 0.35011567 0.35136743 0.34883015 0.34838525 0.35523243 0.35461124 0.35214425 0.35902490 0.35699036 0.35761223 0.35674324 0.35919776 0.35597312 0.35948744 0.35840399 0.35634432
0.35862263 0.35995438 0.35767420 0.35671961 0.35524342 0.35270976 0.35305007 0.35208055 0.35154111 0.35238393 0.35277332 0.35337607 0.35376876 0.35506096 0.35476383 0.35610267 0.35729398 0.35807991 0.35855497 0.36055509 0.36091554 0.36115860 0.36295780 0.36387860 0.36436803 0.36467557 0.36472669 0.36459489 0.36400755 0.36324167 0.36415813 0.36152125
0.34673919 0.34729066 0.34573355 0.34150225 0.33963431 0.33678241 0.33595448 0.33814788 0.33703933 0.33859807 0.33841349 0.33895002 0.34117752 0.34566912 0.34476943 0.34594266 0.34650511 0.34472431 0.34995046 0.35069435 0.34898947 0.35531376 0.35184500 0.34719012 0.35658450 0.35186543 0.34880068 0.35044674 0.35439425 0.35443264 0.35298193 0.34944692
0.32165263 0.31799923 0.31899836 0.31557243 0.30979882 0.31350492 0.30892958 0.30802271 0.31020351 0.30829469 0.31021210 0.31439930 0.31762949 0.31862080 0.31984260 0.31628476 0.32196642 0.31694763 0.32532713 0.32102002 0.32271918 0.32318733 0.32137890 0.32622412 0.32455422 0.32924672 0.32749066 0.32367583 0.32614417 0.32400721 0.32224791 0.32077206
0.28242552 0.27785943 0.27601963 0.27590209 0.27085777 0.27055595 0.27179877 0.27165681 0.27364694 0.27279449 0.27297579 0.27221844 0.27506323 0.27590686 0.28114248 0.27881391 0.27842025 0.28052626 0.27991804 0.28410659 0.28428183 0.28273454 0.28399877 0.28484191 0.28479673 0.28600420 0.28654665 0.28533836 0.28612113 0.28623654 0.28370963 0.28272258
0.23543547 0.23481527 0.23104567 0.22785815 0.22723360 0.22822758 0.22631256 0.22579266 0.22496715 0.22558185 0.22763545 0.22876851 0.23078063 0.23267211 0.23293381 0.23406178 0.23391026 0.23591941 0.23427088 0.23590681 0.23922732 0.23759325 0.23803043 0.23908424 0.24057843 0.24072855 0.24007760 0.24139075 0.23865448 0.23800815 0.23650618 0.23815305
0.19028645 0.18918537 0.18731422 0.18579233 0.18478841 0.18269371 0.18167785 0.18222696 0.18201969 0.18318118 0.18419566 0.18578635 0.18481139 0.18789925 0.18771072 0.18852749 0.18992956 0.19087817 0.19028463 0.19212992 0.19270270 0.19312957 0.19441108 0.19480516 0.19437878 0.19451489 0.19497997 0.19339381 0.19321730 0.19519805 0.19506528 0.19125092
0.15120766 0.15001135 0.14800475 0.14680330 0.14496196 0.14431161 0.14268223 0.14390523 0.14386846 0.14453272 0.14494886 0.14523474 0.14579648 0.14743492 0.14737869 0.14764380 0.14887471 0.14958128 0.15054582 0.15094953 0.15162851 0.15240753 0.15248313 0.15344540 0.15275871 0.15433818 0.15388276 0.15503402 0.15497064 0.15465445 0.15308690 0.15220700
0.11960103 0.11824975 0.11665383 0.11511567 0.11378660 0.11220913 0.11211068 0.11150744 0.11156573 0.11173833 0.11263168 0.11326275 0.11381184 0.11449732 0.11509705 0.11567958 0.11571032 0.11682087 0.11711755 0.11762565 0.11854890 0.11840719 0.11966817 0.11972026 0.12026878 0.12037805 0.12129837 0.12196282 0.12180801 0.12189057 0.12175523 0.12039796
0.09553625 0.09425709 0.09273690 0.09100175 0.09011587 0.08886751 0.08849518 0.08824065 0.08824391 0.08841615 0.08881889 0.08884565 0.08968556 0.09014673 0.09079208 0.09060441 0.09136554 0.09172611 0.09231506 0.09282066 0.09320808 0.09350804 0.09432924 0.09485157 0.09528505 0.09585673 0.09681760 0.09716898 0.09781052 0.09767457 0.09736013 0.09674056
0.07894859 0.07777783 0.07657485 0.07506012 0.07400956 0.07302465 0.07243416 0.07210466 0.07223833 0.07231084 0.07245800 0.07292103 0.07290696 0.07346308 0.07369479 0.07401928 0.07441862 0.07494536 0.07550758 0.07578923 0.07643183 0.07673102 0.07721297 0.07763863 0.07791044 0.07860842 0.07931858 0.08012111 0.08070133 0.08080434 0.07999064 0.07987320
0.06869030 0.06752585 0.06632490 0.06506375 0.06381845 0.06294399 0.06243215 0.06221033 0.06215740 0.06231619 0.06248143 0.06258388 0.06290059 0.06299070 0.06335629 0.06365944 0.06417528 0.06455700 0.06500014 0.06551391 0.06594652 0.06625865 0.06658811 0.06694185 0.06753310 0.06796874 0.06863943 0.06927621 0.06978990 0.07009684 0.06998421 0.06952727
0.06297462 0.06180436 0.06070524 0.05938630 0.05843481 0.05752078 0.05701564 0.05676332 0.05664713 0.05690693 0.05693627 0.05712402 0.05735860 0.05748894 0.05771212 0.05808109 0.05853057 0.05900326 0.05945251 0.05992633 0.06032730 0.06058223 0.06094537 0.06129146 0.06170506 0.06219285 0.06275550 0.06339947 0.06377217 0.06424499 0.06415685 0.06359614
0.06024483 0.05925975 0.05810907 0.05688175 0.05595396 0.05522833 0.05467627 0.05437706 0.05440021 0.05441034 0.05447263 0.05472145 0.05494482 0.05509687 0.05541006 0.05577091 0.05626106 0.05683675 0.05737742 0.05785843 0.05828360 0.05859654 0.05879392 0.05914392 0.05949791 0.05989284 0.06042938 0.06096489 0.06143433 0.06158761 0.06147634 0.06102828
0.05919486 0.05812064 0.05717082 0.05590714 0.05507185 0.05431350 0.05388246 0.05355754 0.05357483 0.05352368 0.05365591 0.05395523 0.05401925 0.05433908 0.05471260 0.05519126 0.05583558 0.05641458 0.05705644 0.05763513 0.05806336 0.05830902 0.05860800 0.05878067 0.05913022 0.05944703 0.05987475 0.06026257 0.06049361 0.06070262 0.06046797 0.05996840
0.05859466 0.05760299 0.05653266 0.05545499 0.05454001 0.05382293 0.05333145 0.05310526 0.05297923 0.05319452 0.05314692 0.05342267 0.05352710 0.05392437 0.05438183 0.05492507 0.05540164 0.05637462 0.05711674 0.05776643 0.05827000 0.05859631 0.05890844 0.05893696 0.05923304 0.05948594 0.05973078 0.06009147 0.06033070 0.06024082 0.06002235 0.05939844
