32 32 0.052056 0.86799
0.05592011 0.05535187 0.05493666 0.05441561 0.05401677 0.05380222 0.05371195 0.05358255 0.05364770 0.05377890 0.05383768 0.05395033 0.05396862 0.05419821 0.05442672 0.05480360 0.05521194 0.05579902 0.05633604 0.05678217 0.05698179 0.05695227 0.05706274 0.05695192 0.05687795 0.05680727 0.05672336 0.05668127 0.05672673 0.05673160 0.05649191 0.05623032
0.05557529 0.05510712 0.05459321 0.05403453 0.05370014 0.05349265 0.05332528 0.05308886 0.05313902 0.05328529 0.05346286 0.05348853 0.05341173 0.05350566 0.05382851 0.05420982 0.05478379 0.05532469 0.05577463 0.05641155 0.05668549 0.05681299 0.05695535 0.05684250 0.05666318 0.05668217 0.05658371 0.05652936 0.05643968 0.05641271 0.05626074 0.05591101
0.05518662 0.05472778 0.05425977 0.05392527 0.05347463 0.05307381 0.05296258 0.05250464 0.05278538 0.05267615 0.05274422 0.05261609 0.05272812 0.05284338 0.05311776 0.05347827 0.05399143 0.05445626 0.05522901 0.05582528 0.05618456 0.05649296 0.05657768 0.05648297 0.05636265 0.05639164 0.05622269 0.05618436 0.05613054 0.05598505 0.05592812 0.05541536
0.05478225 0.05431886 0.05390318 0.05356719 0.05301523 0.05280748 0.05263738 0.05247462 0.05234088 0.05231192 0.05217450 0.05205585 0.05208749 0.05217441 0.05240007 0.05291515 0.05339395 0.05400608 0.05467236 0.05551104 0.05576692 0.05605472 0.05614301 0.05608982 0.05600989 0.05598026 0.05585067 0.05581794 0.05576594 0.05558936 0.05541428 0.05514370
0.05515644 0.05480337 0.05444618 0.05391485 0.05363202 0.05337335 0.05313396 0.05295349 0.05279493 0.05262080 0.05251643 0.05232276 0.05229606 0.05231144 0.05256198 0.05295028 0.05351616 0.05418868 0.05481299 0.05542633 0.05602722 0.05619703 0.05643551 0.05641632 0.05635343 0.05621716 0.05616405 0.05613477 0.05595974 0.05585317 0.05563344 0.05536177
0.05855625 0.05826714 0.05791153 0.05748517 0.05730679 0.05708654 0.05674882 0.05655904 0.05630340 0.05605103 0.05586380 0.05572900 0.05559739 0.05560783 0.05578361 0.05609934 0.05667249 0.05726367 0.05785734 0.05855300 0.05904271 0.05943252 0.05961265 0.05971383 0.05960489 0.05951355 0.05944620 0.05928616 0.05912421 0.05905469 0.05892141 0.05886519
0.06857030 0.06818664 0.06796069 0.06768210 0.06729635 0.06709735 0.06681668 0.06648046 0.06621271 0.06595643 0.06574026 0.06555487 0.06541319 0.06539096 0.06557795 0.06590689 0.06647104 0.06684925 0.06758339 0.06819005 0.06877080 0.06908207 0.06921348 0.06952412 0.06934585 0.06938280 0.06909963 0.06906687 0.06890357 0.06902790 0.06887337 0.06862647
0.08923859 0.08925459 0.08904404 0.08875576 0.08837586 0.08813561 0.08775729 0.08781849 0.08737875 0.08681291 0.08674943 0.08631600 0.08620008 0.08619846 0.08637861 0.08690243 0.08700876 0.08735619 0.08811213 0.08866115 0.08928545 0.08968600 0.08958904 0.08988731 0.08991223 0.08952110 0.08981093 0.08977381 0.08974882 0.08937686 0.08956822 0.08889709
0.12548031 0.12511943 0.12542497 0.12489530 0.12481244 0.12477271 0.12422630 0.12391028 0.12394815 0.12319237 0.12277624 0.12262598 0.12228738 0.12220798 0.12207898 0.12253433 0.12226583 0.12322200 0.12308763 0.12387168 0.12462629 0.12512080 0.12522093 0.12535302 0.12504530 0.12551727 0.12552360 0.12537538 0.12504391 0.12494285 0.12523081 0.12571898
0.17966377 0.18113880 0.17939862 0.18021996 0.18096523 0.18037551 0.17991578 0.17994569 0.18068099 0.17866273 0.17799806 0.17825168 0.17645792 0.17871167 0.17720018 0.17746478 0.17657096 0.17836488 0.17855865 0.17961578 0.18026712 0.18022418 0.18001452 0.18077005 0.18085146 0.18058684 0.18042924 0.18026646 0.18097529 0.18043826 0.18008810 0.18087868
0.25898539 0.25637905 0.25858973 0.25968644 0.25744792 0.25861581 0.25820129 0.25833303 0.25705947 0.25821129 0.25556496 0.25785295 0.25494406 0.25598969 0.25454166 0.25378032 0.25607788 0.25660381 0.25772241 0.25716154 0.25656172 0.25799518 0.25696706 0.25763749 0.25786055 0.25809621 0.25635083 0.25722921 0.25784686 0.25719627 0.25876038 0.25665543
0.35832062 0.35837499 0.35907133 0.36141389 0.36307552 0.35918825 0.36031121 0.35854398 0.35919961 0.35829249 0.35594209 0.35599093 0.35413931 0.35826059 0.35619190 0.36009316 0.35531460 0.35854051 0.35883619 0.35709453 0.35867468 0.35786349 0.35449763 0.36195169 0.35864944 0.35613346 0.35798972 0.35757978 0.35977585 0.35749825 0.36023413 0.35828324
0.47939246 0.47960486 0.47701397 0.48182776 0.47823985 0.47720636 0.47659174 0.47835694 0.47861024 0.47728274 0.47735305 0.47860567 0.47240413 0.47687438 0.47998259 0.47813069 0.47738897 0.47407470 0.47666827 0.47735089 0.47628023 0.48013510 0.47449623 0.47765369 0.47124129 0.47614352 0.47483232 0.47411383 0.47563158 0.47677508 0.47470019 0.47732138
0.60283657 0.60733482 0.61034022 0.60050746 0.61289738 0.59831861 0.60767434 0.60422305 0.60605617 0.60680596 0.60166876 0.60770280 0.60610417 0.60528227 0.60220535 0.60554962 0.60327445 0.59566303 0.60742792 0.60904090 0.60482464 0.60472248 0.60125272 0.60961538 0.60471726 0.60005297 0.60165410 0.60551196 0.60329789 0.60420144 0.60642746 0.60042416
0.72352210 0.73055533 0.73668699 0.73843463 0.73163841 0.72702507 0.72735724 0.73239434 0.73308059 0.72291222 0.72628158 0.72408231 0.73545722 0.73619154 0.74259318 0.72280514 0.73034328 0.72777918 0.72442388 0.73237374 0.72426470 0.72190522 0.72997395 0.72781626 0.72804433 0.72380540 0.73284099 0.72546756 0.72648811 0.72682460 0.73222058 0.73411913
0.82624679 0.83476369 0.83100191 0.83691986 0.83719510 0.82965757 0.83329350 0.83309209 0.83051406 0.83320763 0.83278502 0.82373743 0.83465937 0.83575691 0.83545735 0.82883904 0.82735776 0.83093426 0.82147495 0.81893095 0.83090483 0.83598506 0.82755080 0.84042457 0.82360677 0.81813825 0.83264824 0.84208206 0.83850757 0.83145539 0.82026111 0.82606094
0.90358706 0.89436008 0.91204205 0.89842375 0.90024050 0.90186570 0.89596820 0.88990548 0.89497485 0.89499186 0.89761873 0.89414783 0.89171302 0.88869296 0.89690391 0.90091189 0.89468069 0.89656331 0.88357584 0.88925262 0.89786133 0.89495143 0.88628949 0.90489501 0.89494877 0.89255839 0.89269784 0.89914743 0.89113527 0.90266114 0.90078534 0.89156403
0.91298428 0.91993948 0.91712334 0.91684206 0.91512766 0.91036099 0.91128904 0.91112726 0.90758716 0.90966274 0.91052571 0.91112647 0.91095872 0.91272673 0.90928159 0.91294346 0.91356121 0.91463387 0.90831522 0.91253878 0.91189727 0.91047427 0.91078619 0.91196097 0.91262118 0.91352992 0.91389072 0.91685935 0.91313008 0.91613348 0.92004910 0.91306114
0.88528615 0.88539826 0.88552942 0.87887405 0.87409927 0.86710495 0.86789019 0.87531796 0.87243373 0.87577362 0.87313236 0.87333368 0.87221382 0.88389913 0.87832017 0.88184504 0.87891019 0.87189896 0.88619672 0.88877800 0.87813824 0.89070809 0.87957224 0.87111099 0.89046264 0.87740209 0.86909706 0.87766882 0.88453918 0.88728506 0.89115528 0.88713573
0.81219466 0.80847450 0.81454366 0.80772965 0.79476869 0.80492889 0.79103732 0.79481924 0.79563560 0.78545955 0.78985432 0.80113188 0.80686113 0.81178085 0.81013043 0.79670392 0.81653088 0.79464533 0.82014772 0.80043856 0.80620546 0.80002861 0.79696060 0.80861998 0.80059870 0.81842396 0.81213993 0.80612748 0.81196136 0.80814673 0.80518419 0.80594235
0.70881893 0.69507016 0.69577244 0.69789119 0.68403947 0.68800182 0.69081135 0.69315645 0.69707148 0.69094498 0.69047024 0.68165795 0.68911147 0.69182140 0.70507032 0.69472976 0.68975644 0.69360962 0.68902823 0.69760617 0.69315677 0.68680782 0.69042945 0.69553866 0.69068317 0.69809108 0.69846016 0.69424083 0.70045152 0.70599752 0.70155432 0.70162273
0.57317863 0.57561975 0.56931919 0.56049104 0.56150256 0.56665396 0.56316677 0.56137250 0.55677107 0.55528926 0.55967606 0.56125681 0.56496225 0.56726689 0.56681922 0.56735868 0.56408313 0.56708479 0.56009442 0.56181555 0.57072304 0.56560386 0.56437963 0.56743090 0.57205546 0.57213806 0.56946861 0.57557009 0.56920354 0.57098923 0.56744501 0.57656822
0.44337796 0.44240968 0.44215751 0.44073135 0.44145865 0.43650886 0.43426665 0.43490736 0.43281268 0.43589517 0.43607657 0.43878415 0.43378523 0.44091990 0.43886047 0.43952876 0.44151222 0.44139249 0.43813106 0.44185595 0.44161573 0.44206133 0.44415316 0.44418836 0.44224648 0.44256287 0.44408744 0.44005326 0.43943293 0.44829031 0.45111240 0.44245957
0.32999676 0.33024430 0.32779702 0.32778079 0.32464416 0.32474212 0.32053760 0.32467241 0.32341962 0.32411636 0.32373646 0.32286790 0.32281887 0.32595555 0.32464868 0.32339572 0.32581239 0.32581779 0.32731885 0.32668199 0.32711498 0.32801187 0.32703112 0.32921006 0.32627507 0.32999081 0.32892819 0.33209397 0.33196796 0.33250779 0.32965985 0.32991002
0.23718011 0.23665991 0.23524240 0.23397229 0.23261266 0.22959659 0.23074936 0.22888220 0.22888406 0.22867765 0.22945717 0.23084355 0.23105523 0.23193335 0.23250351 0.23301246 0.23191105 0.23336971 0.23309912 0.23315806 0.23424002 0.23280210 0.23533262 0.23458662 0.23527446 0.23459899 0.23623964 0.23776000 0.23736852 0.23761573 0.23852535 0.23682061
0.16566945 0.16494117 0.16383857 0.16151067 0.16164754 0.16001190 0.16005062 0.15978759 0.15994129 0.15965260 0.16025839 0.15955315 0.16104790 0.16172940 0.16240315 0.16114002 0.16240148 0.16224032 0.16249230 0.16290612 0.16299458 0.16252241 0.16381752 0.16423649 0.16438237 0.16483294 0.16627524 0.16594183 0.16715386 0.16703743 0.16670544 0.16698792
0.11609564 0.11534551 0.11462984 0.11332575 0.11280321 0.11198757 0.11153385 0.11141010 0.11173141 0.11193573 0.11205095 0.11240887 0.11229659 0.11300566 0.11306565 0.11314941 0.11352643 0.11378705 0.11431784 0.11400033 0.11470831 0.11461151 0.11489120 0.11501171 0.11467897 0.11521014 0.11601287 0.11672549 0.11740456 0.11728950 0.11640737 0.11660658
0.08509818 0.08432917 0.08360759 0.08278026 0.08183358 0.08107452 0.08109021 0.08111875 0.08127869 0.08153549 0.08196467 0.08194933 0.08234292 0.08233166 0.08269199 0.08281498 0.08324216 0.08339649 0.08349503 0.08396162 0.08401739 0.08401768 0.08400113 0.08394063 0.08420773 0.08416173 0.08468194 0.08488746 0.08551731 0.08562538 0.08568573 0.08557840
0.06754132 0.06693697 0.06635044 0.06552014 0.06495628 0.06447623 0.06434526 0.06441137 0.06452252 0.06500105 0.06507968 0.06536030 0.06558892 0.06574043 0.06597047 0.06610533 0.06639382 0.06664678 0.06684826 0.06704346 0.06713539 0.06707467 0.06707443 0.06703067 0.06704846 0.06705708 0.06719649 0.06758214 0.06784153 0.06818889 0.06825290 0.06799272
0.05950979 0.05893888 0.05836697 0.05768382 0.05726476 0.05699834 0.05685728 0.05685921 0.05714102 0.05733197 0.05750573 0.05774202 0.05791808 0.05801860 0.05827360 0.05847588 0.05878121 0.05920218 0.05951143 0.05973166 0.05985464 0.05986919 0.05972317 0.05968797 0.05956195 0.05952420 0.05961593 0.05979252 0.06006875 0.06017652 0.06018596 0.05991405
0.05674508 0.05617337 0.05573209 0.05502196 0.05475481 0.05446511 0.05435777 0.05440267 0.05463032 0.05472702 0.05496563 0.05526347 0.05528065 0.05548977 0.05573317 0.05603538 0.05651182 0.05684610 0.05724275 0.05754670 0.05768884 0.05760810 0.05756090 0.05732756 0.05732279 0.05721564 0.05725049 0.05731224 0.05724849 0.05747137 0.05738891 0.05715192
0.05608106 0.05558920 0.05508270 0.05455643 0.05417289 0.05394033 0.05381174 0.05386655 0.05398811 0.05430928 0.05426693 0.05444958 0.05446125 0.05469456 0.05497838 0.05528244 0.05558080 0.05619309 0.05667179 0.05703796 0.05727889 0.05730689 0.05727941 0.05693313 0.05692563 0.05684945 0.05681093 0.05685610 0.05697684 0.05688783 0.05679142 0.05646608
