32 32 0.053281 0.8814
0.05539031 0.05500853 0.05481861 0.05452360 0.05436072 0.05438761 0.05450495 0.05452625 0.05474627 0.05498559 0.05511674 0.05525681 0.05531761 0.05549811 0.05567192 0.05597001 0.05632647 0.05684275 0.05727586 0.05759979 0.05763822 0.05749653 0.05743851 0.05715885 0.05690139 0.05662768 0.05632627 0.05616622 0.05610977 0.05606658 0.05583395 0.05562889
0.05520200 0.05491048 0.05459219 0.05427928 0.05412947 0.05415586 0.05416964 0.05409534 0.05427578 0.05451086 0.05479230 0.05477324 0.05471248 0.05478984 0.05507624 0.05543039 0.05594411 0.05640051 0.05679270 0.05731078 0.05746171 0.05744593 0.05742521 0.05715450 0.05677323 0.05658095 0.05632744 0.05612899 0.05594624 0.05585493 0.05570661 0.05543300
0.05491139 0.05462690 0.05433634 0.05425201 0.05398299 0.05377661 0.05384222 0.05358141 0.05392983 0.05393205 0.05398935 0.05387581 0.05399405 0.05412771 0.05437179 0.05472065 0.05521244 0.05558224 0.05634678 0.05682044 0.05704295 0.05722530 0.05715698 0.05686675 0.05657969 0.05640886 0.05605191 0.05586089 0.05571749 0.05549546 0.05544070 0.05498731
0.05458052 0.05432382 0.05408838 0.05392838 0.05363664 0.05361205 0.05352699 0.05350595 0.05347372 0.05347885 0.05340131 0.05328136 0.05333584 0.05341299 0.05364623 0.05414060 0.05463656 0.05524512 0.05581971 0.05656833 0.05670632 0.05687127 0.05678487 0.05657073 0.05626805 0.05605885 0.05574656 0.05560490 0.05541626 0.05518983 0.05502424 0.05482159
0.05508470 0.05485960 0.05470357 0.05445437 0.05431261 0.05423867 0.05410810 0.05401881 0.05391840 0.05383360 0.05371686 0.05356214 0.05355903 0.05354461 0.05383266 0.05422218 0.05479724 0.05546161 0.05606333 0.05658897 0.05708253 0.05710555 0.05718471 0.05697629 0.05667490 0.05640341 0.05615307 0.05593626 0.05568072 0.05552653 0.05534900 0.05514580
0.05860673 0.05845804 0.05832248 0.05812298 0.05810781 0.05804466 0.05786207 0.05772705 0.05751111 0.05726098 0.05710784 0.05696529 0.05687078 0.05692020 0.05713602 0.05748694 0.05804625 0.05868980 0.05920025 0.05985990 0.06017537 0.06049928 0.06051706 0.06041097 0.06011768 0.05979643 0.05954604 0.05918956 0.05898755 0.05887698 0.05874913 0.05874492
0.06886467 0.06866068 0.06864824 0.06859355 0.06834637 0.06829287 0.06810777 0.06783328 0.06758216 0.06737306 0.06716925 0.06697688 0.06688193 0.06688936 0.06714234 0.06746971 0.06809227 0.06850871 0.06922471 0.06975638 0.07021567 0.07040950 0.07035981 0.07046427 0.07006326 0.06989794 0.06936966 0.06922902 0.06896126 0.06905952 0.06893683 0.06873321
0.08993288 0.09018295 0.09019486 0.09010531 0.08985791 0.08974051 0.08946310 0.08955825 0.08913823 0.08859231 0.08849156 0.08810946 0.08806371 0.08809689 0.08834124 0.08896622 0.08911241 0.08946515 0.09020468 0.09071113 0.09123463 0.09140267 0.09115928 0.09123277 0.09104747 0.09050268 0.09050156 0.09033210 0.09017690 0.08979938 0.09004634 0.08944594
0.12692994 0.12666198 0.12726830 0.12689838 0.12693865 0.12706579 0.12659292 0.12629231 0.12629278 0.12557341 0.12517199 0.12504965 0.12480455 0.12476989 0.12474931 0.12528299 0.12510560 0.12609125 0.12585590 0.12665099 0.12725481 0.12759363 0.12747529 0.12736944 0.12685068 0.12712377 0.12683817 0.12653169 0.12605244 0.12597984 0.12631617 0.12694520
0.18200766 0.18376014 0.18222251 0.18322873 0.18415625 0.18363364 0.18324941 0.18328377 0.18410953 0.18199386 0.18134028 0.18160280 0.17989153 0.18229881 0.18090276 0.18129753 0.18038267 0.18232512 0.18243691 0.18345828 0.18396379 0.18371975 0.18323973 0.18376365 0.18359329 0.18304768 0.18267974 0.18235847 0.18296325 0.18242926 0.18211813 0.18307393
0.26273640 0.26035130 0.26278831 0.26408466 0.26191311 0.26323342 0.26285656 0.26299202 0.26171542 0.26287642 0.26024734 0.26264671 0.25979661 0.26100287 0.25962177 0.25900801 0.26143044 0.26195765 0.26298621 0.26240405 0.26157253 0.26282614 0.26153363 0.26196089 0.26191147 0.26187494 0.25991190 0.26062105 0.26114234 0.26048526 0.26214678 0.26014071
0.36378034 0.36405043 0.36492254 0.36755772 0.36934835 0.36551945 0.36667184 0.36486760 0.36564098 0.36467159 0.36235201 0.36250811 0.36070300 0.36507561 0.36312537 0.36714933 0.36240627 0.36571339 0.36601395 0.36403478 0.36545015 0.36439355 0.36068997 0.36791132 0.36434883 0.36150476 0.36315662 0.36261829 0.36475345 0.36245354 0.36540083 0.36349720
0.48686018 0.48735577 0.48491694 0.48995036 0.48643192 0.48546334 0.48487214 0.48664386 0.48696802 0.48562857 0.48583391 0.48724893 0.48101627 0.48574644 0.48905656 0.48732086 0.48651721 0.48320096 0.48574656 0.48626806 0.48496033 0.48863379 0.48262614 0.48549045 0.47871171 0.48345402 0.48189367 0.48102244 0.48245034 0.48369512 0.48164176 0.48446349
0.61236887 0.61715946 0.62039457 0.61050774 0.62331233 0.60851507 0.61813864 0.61453705 0.61649185 0.61734166 0.61222040 0.61849841 0.61702199 0.61625728 0.61322560 0.61677526 0.61453928 0.60671602 0.61855644 0.62002412 0.61549667 0.61511772 0.61123053 0.61954815 0.61423786 0.60926534 0.61071844 0.61449387 0.61226637 0.61316253 0.61561851 0.60955845
0.73486085 0.74238523 0.74889948 0.75079621 0.74397412 0.73935704 0.73971653 0.74484094 0.74567033 0.73535756 0.73885125 0.73675248 0.74850618 0.74939158 0.75595405 0.73562696 0.74348323 0.74079115 0.73726074 0.74517903 0.73656231 0.73396936 0.74193126 0.73944135 0.73940642 0.73479010 0.74394057 0.73632632 0.73732395 0.73771164 0.74343152 0.74551352
0.83926593 0.84825859 0.84454708 0.85081691 0.85111763 0.84351901 0.84733479 0.84718868 0.84458794 0.84744076 0.84716086 0.83797372 0.84936616 0.85018834 0.85013795 0.84346861 0.84203083 0.84539068 0.83566910 0.83278860 0.84462384 0.84964293 0.84068710 0.85373498 0.83626908 0.83070018 0.84517652 0.85414080 0.85109243 0.84416344 0.83260124 0.83878916
0.91788555 0.90892606 0.92695581 0.91321085 0.91517897 0.91688462 0.91098560 0.90484930 0.91011335 0.91023972 0.91296709 0.90966416 0.90715256 0.90407473 0.91242508 0.91652584 0.91004239 0.91176691 0.89845235 0.90400195 0.91230198 0.90917563 0.90022930 0.91894133 0.90851237 0.90604965 0.90611820 0.91260598 0.90473376 0.91652266 0.91453454 0.90532960
0.92741898 0.93467961 0.93193514 0.93179873 0.93019771 0.92532054 0.92650391 0.92640426 0.92267535 0.92509008 0.92603203 0.92668457 0.92656916 0.92839729 0.92473920 0.92856970 0.92898054 0.92997899 0.92313338 0.92721228 0.92620910 0.92461054 0.92472201 0.92575637 0.92631951 0.92713177 0.92751618 0.93074460 0.92690985 0.93005272 0.93389737 0.92732940
0.89915828 0.89930630 0.89957687 0.89295956 0.88830122 0.88163144 0.88232586 0.89001137 0.88732183 0.89068867 0.88780346 0.88819251 0.88701010 0.89885713 0.89317779 0.89661857 0.89347384 0.88614680 0.90038785 0.90305374 0.89171592 0.90447007 0.89280489 0.88416774 0.90368177 0.89042518 0.88195554 0.89088837 0.89783203 0.90060404 0.90474240 0.90079810
0.82454358 0.82096678 0.82727339 0.82050256 0.80752580 0.81800978 0.80407310 0.80807294 0.80897111 0.79874858 0.80311557 0.81475440 0.82049476 0.82558182 0.82373020 0.80990569 0.82993041 0.80746468 0.83323388 0.81281897 0.81856482 0.81186597 0.80880981 0.82051645 0.81229845 0.83040435 0.82421393 0.81817628 0.82418167 0.82022467 0.81721109 0.81814173
0.71946914 0.70545806 0.70634900 0.70865364 0.69476293 0.69904404 0.70211436 0.70478987 0.70888142 0.70272122 0.70234940 0.69311730 0.70080247 0.70360189 0.71698785 0.70623651 0.70096358 0.70468677 0.69974812 0.70812527 0.70339352 0.69671330 0.70035819 0.70560294 0.70056297 0.70823110 0.70858309 0.70436854 0.71068437 0.71642944 0.71191087 0.71202621
0.58135856 0.58385660 0.57761163 0.56872483 0.57008161 0.57557487 0.57229021 0.57068103 0.56615239 0.56463450 0.56925856 0.57088637 0.57460372 0.57679547 0.57626718 0.57663408 0.57309210 0.57587371 0.56860639 0.56995042 0.57894623 0.57360007 0.57227836 0.57537782 0.58012839 0.58021887 0.57753665 0.58380925 0.57731027 0.57916954 0.57545461 0.58474312
0.44924178 0.44825973 0.44819052 0.44691497 0.44791129 0.44312204 0.44112063 0.44203183 0.44011647 0.44335678 0.44354435 0.44634773 0.44116852 0.44834607 0.44613927 0.44664692 0.44850085 0.44813014 0.44460539 0.44823266 0.44773062 0.44809560 0.45012168 0.45014872 0.44818161 0.44851229 0.45008470 0.44599328 0.44524543 0.45426819 0.45718894 0.44824173
0.33381899 0.33412684 0.33176668 0.33195261 0.32906282 0.32942813 0.32546708 0.32987828 0.32884006 0.32962994 0.32933791 0.32845884 0.32835981 0.33142338 0.33000388 0.32857494 0.33086019 0.33064528 0.33198927 0.33115687 0.33141034 0.33217713 0.33111470 0.33330639 0.33022663 0.33408023 0.33305821 0.33618838 0.33598838 0.33648746 0.33346628 0.33373045
0.23931690 0.23893047 0.23760180 0.23651505 0.23537465 0.23258561 0.23408380 0.23245653 0.23266976 0.23265389 0.23348243 0.23490760 0.23506948 0.23587295 0.23633971 0.23665233 0.23546537 0.23671247 0.23626378 0.23612331 0.23704954 0.23550755 0.23795186 0.23715363 0.23780924 0.23708017 0.23870448 0.24016602 0.23974866 0.23985668 0.24073178 0.23890647
0.16651849 0.16587817 0.16494655 0.16272823 0.16319653 0.16185728 0.16217505 0.16216404 0.16249859 0.16243589 0.16309879 0.16240106 0.16389705 0.16449284 0.16505769 0.16370339 0.16475589 0.16446678 0.16453056 0.16478604 0.16472200 0.16404838 0.16535115 0.16571366 0.16576552 0.16614861 0.16747026 0.16709199 0.16820494 0.16800046 0.16757461 0.16783219
0.11612012 0.11545212 0.11484062 0.11378113 0.11354604 0.11300781 0.11284355 0.11296888 0.11352750 0.11387872 0.11409830 0.11450724 0.11434120 0.11500387 0.11496295 0.11492236 0.11515432 0.11525147 0.11566773 0.11517162 0.11571474 0.11551353 0.11567664 0.11570921 0.11526224 0.11572093 0.11638326 0.11698896 0.11763153 0.11736329 0.11638678 0.11656567
0.08458275 0.08393202 0.08336481 0.08277359 0.08209567 0.08164341 0.08192386 0.08221579 0.08256954 0.08302037 0.08354021 0.08351155 0.08393289 0.08385737 0.08413739 0.08417327 0.08444715 0.08444019 0.08441587 0.08473866 0.08473541 0.08451408 0.08435197 0.08416931 0.08434265 0.08410756 0.08451942 0.08463051 0.08511535 0.08516154 0.08512965 0.08501093
0.06678450 0.06627615 0.06584751 0.06527849 0.06499798 0.06481888 0.06497259 0.06528224 0.06563858 0.06620595 0.06640933 0.06675139 0.06697119 0.06705220 0.06719021 0.06724051 0.06740076 0.06752038 0.06759356 0.06764845 0.06760881 0.06738795 0.06725006 0.06705350 0.06692132 0.06677487 0.06677273 0.06701322 0.06714627 0.06742432 0.06743824 0.06712805
0.05869391 0.05827745 0.05787242 0.05741185 0.05728520 0.05728966 0.05737035 0.05764927 0.05812027 0.05845662 0.05874356 0.05905679 0.05921851 0.05925147 0.05946457 0.05956594 0.05971715 0.06005047 0.06023269 0.06029821 0.06031636 0.06014614 0.05986639 0.05964067 0.05939813 0.05915553 0.05909858 0.05911958 0.05924217 0.05929622 0.05919906 0.05901193
0.05599700 0.05557118 0.05536603 0.05485748 0.05485950 0.05481551 0.05495964 0.05524806 0.05564092 0.05589255 0.05622996 0.05653634 0.05654235 0.05672805 0.05689979 0.05713463 0.05751329 0.05773662 0.05801709 0.05819495 0.05818459 0.05798962 0.05775300 0.05740545 0.05713854 0.05687925 0.05673428 0.05667885 0.05649772 0.05661976 0.05651340 0.05629590
0.05545848 0.05512578 0.05479350 0.05454010 0.05438944 0.05441019 0.05450455 0.05478576 0.05502641 0.05548294 0.05551156 0.05574713 0.05576690 0.05594885 0.05620010 0.05642417 0.05669448 0.05715589 0.05753794 0.05780792 0.05787569 0.05779904 0.05757565 0.05702551 0.05683577 0.05657034 0.05636269 0.05627799 0.05627676 0.05613794 0.05599944 0.05574265
