32 32 0.049729 1.1122
0.05370027 0.05303516 0.05251179 0.05197148 0.05161811 0.05146689 0.05145235 0.05132820 0.05145845 0.05157003 0.05163790 0.05167292 0.05172403 0.05189186 0.05212848 0.05250020 0.05299567 0.05365260 0.05430490 0.05491997 0.05528925 0.05544822 0.05575858 0.05578780 0.05580170 0.05579074 0.05563855 0.05549243 0.05540737 0.05515776 0.05473206 0.05426564
0.05346574 0.05284537 0.05229050 0.05177525 0.05138239 0.05118583 0.05103249 0.05081405 0.05087237 0.05100058 0.05119562 0.05114061 0.05105166 0.05115515 0.05148371 0.05194596 0.05259826 0.05325649 0.05388983 0.05466407 0.05514592 0.05546145 0.05572937 0.05576069 0.05565606 0.05571328 0.05554640 0.05536640 0.05516202 0.05490669 0.05451842 0.05401538
0.05323803 0.05264027 0.05210819 0.05174016 0.05127730 0.05087607 0.05076477 0.05027646 0.05051823 0.05039979 0.05038052 0.05018634 0.05031505 0.05049411 0.05084495 0.05129663 0.05195068 0.05255033 0.05349003 0.05427821 0.05479881 0.05529756 0.05553222 0.05556044 0.05550003 0.05551903 0.05526687 0.05513214 0.05493262 0.05459207 0.05427801 0.05370225
0.05310904 0.05254794 0.05205723 0.05165698 0.05109073 0.05089307 0.05057296 0.05041588 0.05015490 0.05003701 0.04989966 0.04972932 0.04973650 0.04987433 0.05024688 0.05084577 0.05149197 0.05233454 0.05319815 0.05420357 0.05466691 0.05510119 0.05533105 0.05536748 0.05529219 0.05525716 0.05502189 0.05493153 0.05472092 0.05437336 0.05403138 0.05360502
0.05414596 0.05369332 0.05329045 0.05277170 0.05235208 0.05200076 0.05166811 0.05134030 0.05105276 0.05079550 0.05060810 0.05039863 0.05036406 0.05044033 0.05081048 0.05138173 0.05216819 0.05306068 0.05389749 0.05474359 0.05552972 0.05584940 0.05620269 0.05619866 0.05611849 0.05600398 0.05584713 0.05573111 0.05541480 0.05517107 0.05485510 0.05443067
0.05909280 0.05869713 0.05836802 0.05794770 0.05758540 0.05726042 0.05677881 0.05640406 0.05593913 0.05549915 0.05523235 0.05503591 0.05495440 0.05508443 0.05545627 0.05594517 0.05675046 0.05765798 0.05845994 0.05942047 0.06004247 0.06058974 0.06082074 0.06091693 0.06080644 0.06061869 0.06047637 0.06019266 0.05996679 0.05979033 0.05954620 0.05940406
0.07245146 0.07208150 0.07183475 0.07150298 0.07095933 0.07069135 0.07012950 0.06957444 0.06906552 0.06868685 0.06827869 0.06803188 0.06791510 0.06798102 0.06836475 0.06893646 0.06985358 0.07049012 0.07152371 0.07233727 0.07307960 0.07343987 0.07356247 0.07388723 0.07359772 0.07355869 0.07313074 0.07300015 0.07281362 0.07290429 0.07275459 0.07249888
0.09933361 0.09949623 0.09932430 0.09888742 0.09836728 0.09790753 0.09725032 0.09714912 0.09631037 0.09543127 0.09524381 0.09474266 0.09470432 0.09481642 0.09527141 0.09620761 0.09651673 0.09708348 0.09814167 0.09889177 0.09966914 0.10001505 0.09987633 0.10009012 0.10002984 0.09947227 0.09968711 0.09965557 0.09951595 0.09921744 0.09951668 0.09885149
0.14601844 0.14575103 0.14614000 0.14539224 0.14513100 0.14493425 0.14400387 0.14329225 0.14306047 0.14193583 0.14131444 0.14115703 0.14084497 0.14095951 0.14105809 0.14191015 0.14182929 0.14323141 0.14315707 0.14413389 0.14505744 0.14557992 0.14551827 0.14550095 0.14492134 0.14541173 0.14536679 0.14510676 0.14467851 0.14474690 0.14529369 0.14612030
0.21531696 0.21739958 0.21521101 0.21622963 0.21692612 0.21590378 0.21505586 0.21471182 0.21548891 0.21261345 0.21162298 0.21189135 0.20983960 0.21307390 0.21148092 0.21218563 0.21120984 0.21387796 0.21403592 0.21555824 0.21628038 0.21603402 0.21545944 0.21615833 0.21609929 0.21556099 0.21526285 0.21507304 0.21609204 0.21566730 0.21542377 0.21668896
0.31658162 0.31356796 0.31624805 0.31750096 0.31433082 0.31556140 0.31461778 0.31441765 0.31241956 0.31363138 0.31017377 0.31318001 0.30978901 0.31139488 0.30989038 0.30933332 0.31273640 0.31350273 0.31495738 0.31440306 0.31341021 0.31500726 0.31340109 0.31397303 0.31398934 0.31412138 0.31185269 0.31301569 0.31406982 0.31346561 0.31574747 0.31333778
0.44329382 0.44329641 0.44447054 0.44710462 0.44889652 0.44355374 0.44430143 0.44154089 0.44226486 0.44049194 0.43736832 0.43776559 0.43542881 0.44134147 0.43924471 0.44448846 0.43883772 0.44318078 0.44367242 0.44134632 0.44307480 0.44180997 0.43726904 0.44657073 0.44188175 0.43854135 0.44101661 0.44062841 0.44362763 0.44116059 0.44506245 0.44276151
0.59738886 0.59817156 0.59424087 0.60030452 0.59530941 0.59337907 0.59122987 0.59289021 0.59322281 0.59080243 0.59159349 0.59354485 0.58537925 0.59205715 0.59639445 0.59492210 0.59350136 0.58919529 0.59325109 0.59401241 0.59207509 0.59687088 0.58898568 0.59312626 0.58405938 0.59069349 0.58918612 0.58874240 0.59070870 0.59312247 0.59040481 0.59379691
0.75565195 0.75984036 0.76383009 0.75073665 0.76616166 0.74677864 0.75827580 0.75141261 0.75392483 0.75570511 0.74901716 0.75682110 0.75621884 0.75444849 0.75050638 0.75603072 0.75424862 0.74297227 0.75897259 0.76068608 0.75504675 0.75427394 0.74825362 0.76003416 0.75342777 0.74770650 0.74977971 0.75504683 0.75432663 0.75499916 0.75893771 0.75095852
0.90806611 0.91704633 0.92616220 0.92718399 0.91732368 0.91065750 0.90980267 0.91460965 0.91632624 0.90234311 0.90647937 0.90457859 0.92077484 0.92113823 0.93166676 0.90294288 0.91441997 0.91053256 0.90704455 0.91782465 0.90479652 0.90272501 0.91300537 0.90989760 0.91002380 0.90340435 0.91652279 0.90806320 0.90986186 0.91083414 0.91943768 0.92132291
1.03900756 1.05109372 1.04331211 1.05254875 1.05117274 1.03673680 1.04339964 1.04219064 1.03861017 1.04214610 1.04263522 1.03151329 1.04666004 1.04881997 1.04924213 1.03984645 1.03988593 1.04153892 1.02916784 1.02569556 1.03926974 1.04795007 1.03506849 1.05513827 1.03129604 1.02312194 1.04471564 1.05708512 1.05316991 1.04688075 1.03067375 1.03766948
1.14015136 1.12727205 1.15145610 1.13108655 1.13132940 1.13287358 1.12329155 1.11400613 1.12121400 1.12162398 1.12578984 1.12260027 1.11948488 1.11545280 1.12852380 1.13379275 1.12475393 1.12719792 1.10996687 1.11728362 1.12604266 1.12246586 1.11152226 1.13591285 1.12334694 1.11916496 1.12157118 1.13154229 1.12161730 1.13664536 1.13476165 1.12036644
1.15515827 1.16143338 1.15660627 1.15564028 1.15211066 1.14306374 1.14415412 1.14310697 1.13613426 1.14092746 1.14283980 1.14448133 1.14547779 1.14949899 1.14519102 1.15015520 1.15121124 1.15248535 1.14200381 1.14773853 1.14561517 1.14404028 1.14420036 1.14521819 1.14705126 1.14832433 1.14995110 1.15345383 1.15096983 1.15583901 1.16189878 1.15098361
1.11914086 1.11701493 1.11654146 1.10628202 1.09810737 1.08890608 1.09021602 1.10018414 1.09696231 1.10091869 1.09844543 1.10008501 1.09707311 1.11235046 1.10683368 1.11233629 1.10764358 1.09864301 1.11598770 1.12088209 1.10462779 1.11775747 1.10554280 1.09800748 1.12272844 1.10455163 1.09334327 1.10735545 1.11479446 1.11870331 1.12611913 1.12133346
1.02421170 1.02063459 1.02735804 1.01732698 1.00085424 1.01179208 0.99278455 1.00112907 0.99992803 0.98662077 0.99245974 1.00891731 1.01575092 1.02598702 1.02224369 1.00526473 1.03459789 1.00321841 1.03532825 1.00817112 1.01615373 1.00586744 1.00442270 1.01885921 1.00792588 1.03211485 1.02512372 1.01924206 1.02519904 1.02078796 1.01598997 1.01711458
0.89633748 0.87559144 0.87704206 0.87839223 0.85971069 0.86600292 0.86851490 0.87353826 0.87861896 0.87042335 0.87129205 0.85838713 0.86957868 0.87543127 0.89361741 0.87936139 0.87162487 0.87634721 0.86942700 0.87920306 0.87176664 0.86323685 0.86868887 0.87762378 0.86926033 0.88123658 0.88096969 0.87502283 0.88395345 0.89224833 0.88622616 0.88529679
0.72191076 0.72437180 0.71673645 0.70308739 0.70452564 0.71135729 0.70800489 0.70605620 0.70023632 0.69794370 0.70475918 0.70790681 0.71347814 0.71625764 0.71653901 0.71686988 0.71175646 0.71483571 0.70497005 0.70632080 0.71837745 0.71230415 0.71011837 0.71483016 0.72154730 0.72176413 0.71777101 0.72634806 0.71806221 0.72085486 0.71487182 0.72614838
0.55577126 0.55325345 0.55371175 0.55105246 0.55272469 0.54635734 0.54391345 0.54481343 0.54236337 0.54764360 0.54788026 0.55206593 0.54578442 0.55562303 0.55324038 0.55395737 0.55605015 0.55488651 0.55029095 0.55518749 0.55434376 0.55533795 0.55775998 0.55809072 0.55570801 0.55635094 0.55848682 0.55333925 0.55174105 0.56344960 0.56706614 0.55508363
0.41049974 0.41058001 0.40707613 0.40727581 0.40312800 0.40366342 0.39856134 0.40462500 0.40334313 0.40471094 0.40471240 0.40392519 0.40401335 0.40808620 0.40655062 0.40425747 0.40751228 0.40682326 0.40864433 0.40747499 0.40788757 0.40910974 0.40798012 0.41123314 0.40756355 0.41250073 0.41143158 0.41532864 0.41470174 0.41525329 0.41095388 0.41090811
0.29110473 0.29008906 0.28821846 0.28663969 0.28512049 0.28139986 0.28350315 0.28146206 0.28201959 0.28205340 0.28337631 0.28551785 0.28582764 0.28687868 0.28746424 0.28787384 0.28619326 0.28757351 0.28705011 0.28695544 0.28826016 0.28659836 0.29016749 0.28950320 0.29070648 0.28996693 0.29207711 0.29392506 0.29317036 0.29295445 0.29365472 0.29101852
0.19857378 0.19746467 0.19596798 0.19293830 0.19351798 0.19176665 0.19221125 0.19228430 0.19282861 0.19273576 0.19358794 0.19277251 0.19478120 0.19557690 0.19625173 0.19421837 0.19570041 0.19518345 0.19526413 0.19577183 0.19600538 0.19544295 0.19756036 0.19846382 0.19892015 0.19968129 0.20161284 0.20086638 0.20210038 0.20164010 0.20070691 0.20077169
0.13418591 0.13307446 0.13203625 0.13054874 0.13011039 0.12937335 0.12912587 0.12925881 0.12985528 0.13040001 0.13066090 0.13107074 0.13085854 0.13160222 0.13147518 0.13131040 0.13156489 0.13164426 0.13225872 0.13173802 0.13287295 0.13300597 0.13368104 0.13420477 0.13402082 0.13490291 0.13600055 0.13673501 0.13737996 0.13678848 0.13528833 0.13516404
0.09351090 0.09242898 0.09157246 0.09055120 0.08956603 0.08876083 0.08910702 0.08939655 0.08973545 0.09021438 0.09085303 0.09072690 0.09110043 0.09093853 0.09117238 0.09110030 0.09139156 0.09143274 0.09150303 0.09214957 0.09247433 0.09262365 0.09294163 0.09321411 0.09384630 0.09390440 0.09463881 0.09475898 0.09533602 0.09513419 0.09487014 0.09436330
0.07012145 0.06928124 0.06849886 0.06763673 0.06709868 0.06670171 0.06675598 0.06698998 0.06725699 0.06782952 0.06801441 0.06831750 0.06846459 0.06850515 0.06860497 0.06852089 0.06875118 0.06891557 0.06912813 0.06940311 0.06973602 0.06991842 0.07021000 0.07051018 0.07077505 0.07093896 0.07117537 0.07153405 0.07158453 0.07176840 0.07153237 0.07088153
0.05908392 0.05831400 0.05764104 0.05696656 0.05658278 0.05638543 0.05641252 0.05654069 0.05692039 0.05723260 0.05741672 0.05761459 0.05772246 0.05767973 0.05782448 0.05790789 0.05809306 0.05851932 0.05889989 0.05923414 0.05956551 0.05982433 0.05991129 0.06015694 0.06023220 0.06030272 0.06044942 0.06059679 0.06063789 0.06057689 0.06040258 0.05975149
0.05504989 0.05436584 0.05376950 0.05308631 0.05287018 0.05266166 0.05263543 0.05282168 0.05311639 0.05324679 0.05347808 0.05374133 0.05366877 0.05374726 0.05392368 0.05416749 0.05459005 0.05496740 0.05542951 0.05587006 0.05618865 0.05632255 0.05650239 0.05654403 0.05663812 0.05665776 0.05671758 0.05674500 0.05650038 0.05652938 0.05617690 0.05564865
0.05395602 0.05332841 0.05268594 0.05221253 0.05184814 0.05168362 0.05167005 0.05177795 0.05192187 0.05227523 0.05217739 0.05235372 0.05234288 0.05248184 0.05274944 0.05301614 0.05335680 0.05399923 0.05456272 0.05509044 0.05552474 0.05582098 0.05589608 0.05577290 0.05586289 0.05585964 0.05580702 0.05581641 0.05576160 0.05548067 0.05518411 0.05455378
