32 32 0.051881 0.64427
0.05634842 0.05579167 0.05533677 0.05476694 0.05432187 0.05403732 0.05391991 0.05369675 0.05374141 0.05381341 0.05386112 0.05393626 0.05399008 0.05421568 0.05458539 0.05499017 0.05549688 0.05620080 0.05682349 0.05732564 0.05755415 0.05759607 0.05773207 0.05767482 0.05751721 0.05741405 0.05729797 0.05722814 0.05722766 0.05716400 0.05693612 0.05669589
0.05602816 0.05559658 0.05507842 0.05451318 0.05414719 0.05382507 0.05357096 0.05325021 0.05323538 0.05329811 0.05347806 0.05341417 0.05334803 0.05348100 0.05387219 0.05435765 0.05505823 0.05568145 0.05628979 0.05697107 0.05727388 0.05744703 0.05757060 0.05745406 0.05724201 0.05718633 0.05708453 0.05697367 0.05690432 0.05683635 0.05669172 0.05634613
0.05572557 0.05532783 0.05483623 0.05446183 0.05397004 0.05349234 0.05330750 0.05270084 0.05290830 0.05268585 0.05267002 0.05248396 0.05259836 0.05281649 0.05312191 0.05356453 0.05426445 0.05481691 0.05576913 0.05643148 0.05680065 0.05716141 0.05722960 0.05710299 0.05693635 0.05688921 0.05664342 0.05660253 0.05654009 0.05640513 0.05635253 0.05593282
0.05540617 0.05501847 0.05461769 0.05422931 0.05365359 0.05337665 0.05303600 0.05277329 0.05245682 0.05220458 0.05208392 0.05190661 0.05192703 0.05207804 0.05237679 0.05300247 0.05370966 0.05444852 0.05524581 0.05616718 0.05647273 0.05677628 0.05682379 0.05673879 0.05657867 0.05647108 0.05626332 0.05622118 0.05615877 0.05601028 0.05590510 0.05569854
0.05565322 0.05540255 0.05500965 0.05450034 0.05415448 0.05374426 0.05337903 0.05299834 0.05266383 0.05236943 0.05211829 0.05190942 0.05188132 0.05196425 0.05230868 0.05285791 0.05362187 0.05444028 0.05521639 0.05592792 0.05660413 0.05675933 0.05703977 0.05688119 0.05674395 0.05654521 0.05641377 0.05632240 0.05617247 0.05609759 0.05597947 0.05576387
0.05811326 0.05788538 0.05758163 0.05722709 0.05689692 0.05649497 0.05601499 0.05560664 0.05516313 0.05471518 0.05440451 0.05420805 0.05408158 0.05421036 0.05452015 0.05505539 0.05579791 0.05662039 0.05736067 0.05818945 0.05870622 0.05912435 0.05928233 0.05927312 0.05907475 0.05887324 0.05871131 0.05850686 0.05839751 0.05835266 0.05829518 0.05827886
0.06561873 0.06537034 0.06521865 0.06487837 0.06439837 0.06404712 0.06353626 0.06299872 0.06248220 0.06200674 0.06170475 0.06145338 0.06134349 0.06144144 0.06176821 0.06227338 0.06308553 0.06375862 0.06467377 0.06539734 0.06603427 0.06636868 0.06644610 0.06662365 0.06633230 0.06622864 0.06586500 0.06576976 0.06559445 0.06574765 0.06570975 0.06563847
0.08119898 0.08125984 0.08108190 0.08078211 0.08028668 0.07985173 0.07925557 0.07898699 0.07835299 0.07764163 0.07744277 0.07698192 0.07690486 0.07698254 0.07734350 0.07808218 0.07853562 0.07917813 0.08011363 0.08083812 0.08154014 0.08188391 0.08182327 0.08195534 0.08185016 0.08134662 0.08145853 0.08134599 0.08126199 0.08106866 0.08125996 0.08080989
0.10847489 0.10808044 0.10843910 0.10787994 0.10765987 0.10733305 0.10658776 0.10602709 0.10572357 0.10487002 0.10435641 0.10414497 0.10386056 0.10395724 0.10411396 0.10479100 0.10497006 0.10611525 0.10635753 0.10726110 0.10807259 0.10854809 0.10866877 0.10865074 0.10826922 0.10849455 0.10836255 0.10809015 0.10777627 0.10777472 0.10805476 0.10852538
0.14903297 0.15023285 0.14886318 0.14934499 0.14963372 0.14890926 0.14824073 0.14789069 0.14820295 0.14634988 0.14566494 0.14579038 0.14442583 0.14632674 0.14539887 0.14598731 0.14563401 0.14745838 0.14802330 0.14909766 0.14982124 0.14991374 0.14976379 0.15030944 0.15013778 0.14975181 0.14949112 0.14925657 0.14975945 0.14937357 0.14920494 0.14988313
0.20843346 0.20656004 0.20813615 0.20876167 0.20693459 0.20740808 0.20675634 0.20647585 0.20525392 0.20579026 0.20367627 0.20540825 0.20319553 0.20422520 0.20336818 0.20319144 0.20529983 0.20625262 0.20738159 0.20726669 0.20705488 0.20826200 0.20749307 0.20791870 0.20793956 0.20794898 0.20647991 0.20699003 0.20730541 0.20688102 0.20811693 0.20661260
0.28269406 0.28277701 0.28313035 0.28473222 0.28560554 0.28237977 0.28298001 0.28134028 0.28145111 0.28069929 0.27888514 0.27873166 0.27756153 0.28075373 0.27949051 0.28287832 0.27968462 0.28254673 0.28314441 0.28216579 0.28365771 0.28315043 0.28073798 0.28591147 0.28353424 0.28145933 0.28256111 0.28212483 0.28370845 0.28193577 0.28401132 0.28265259
0.37303115 0.37307275 0.37127161 0.37443824 0.37146588 0.37042763 0.37001020 0.37097465 0.37067152 0.36979867 0.36935776 0.37022071 0.36606904 0.36940153 0.37208963 0.37092859 0.37118002 0.36930267 0.37127551 0.37210031 0.37172828 0.37465546 0.37069082 0.37269653 0.36812048 0.37141441 0.37012963 0.36927845 0.37040944 0.37098918 0.36962316 0.37169986
0.46449723 0.46863808 0.47046649 0.46301568 0.47174353 0.46058796 0.46704460 0.46522446 0.46601201 0.46587137 0.46216478 0.46673582 0.46517064 0.46554633 0.46387573 0.46633135 0.46463228 0.46026672 0.46894248 0.47052455 0.46766001 0.46790781 0.46602194 0.47155976 0.46786525 0.46404266 0.46508013 0.46771447 0.46502281 0.46611348 0.46744916 0.46331290
0.55464330 0.55973610 0.56343922 0.56459963 0.55950488 0.55580670 0.55601838 0.55985382 0.55961048 0.55241178 0.55506331 0.55333751 0.56124432 0.56263091 0.56684437 0.55436430 0.55975864 0.55867473 0.55606395 0.56164056 0.55728604 0.55526112 0.56098871 0.55953774 0.55959352 0.55687510 0.56271697 0.55667820 0.55727803 0.55743449 0.56070637 0.56233767
0.62991155 0.63589688 0.63466625 0.63711367 0.63714128 0.63260467 0.63446448 0.63410823 0.63217196 0.63403667 0.63353150 0.62708723 0.63502772 0.63588892 0.63624359 0.63202066 0.63045466 0.63539111 0.62802665 0.62619847 0.63693456 0.63930381 0.63434353 0.64138102 0.63034422 0.62809818 0.63614060 0.64182624 0.63996837 0.63324188 0.62616198 0.63083027
0.68610940 0.67870012 0.69185905 0.68146779 0.68333432 0.68503161 0.68003544 0.67613186 0.67901772 0.67906083 0.68018479 0.67795320 0.67646037 0.67600764 0.68079363 0.68453651 0.68003695 0.68176181 0.67402186 0.67674221 0.68444386 0.68251861 0.67668220 0.68844837 0.68215526 0.68090841 0.67936283 0.68355820 0.67774838 0.68579302 0.68433546 0.67889845
0.69077476 0.69614811 0.69362022 0.69343838 0.69183311 0.68766820 0.68989358 0.68918922 0.68701219 0.68800086 0.68935871 0.68978108 0.68937451 0.68986703 0.68862493 0.69107113 0.69238315 0.69285264 0.68995634 0.69324868 0.69311746 0.69184412 0.69292875 0.69409534 0.69382631 0.69437062 0.69429036 0.69587862 0.69257780 0.69385436 0.69594065 0.69216431
0.66806452 0.66916375 0.66878538 0.66394013 0.66018451 0.65537260 0.65543342 0.66047685 0.65836733 0.66118021 0.65954556 0.65941017 0.65966498 0.66825657 0.66456375 0.66670124 0.66526081 0.66030274 0.67083706 0.67216414 0.66548983 0.67651180 0.66773723 0.65999797 0.67576507 0.66537908 0.65927668 0.66380804 0.67060605 0.67222180 0.67392654 0.66979500
0.61368020 0.60987748 0.61462754 0.60921201 0.59948501 0.60745085 0.59806915 0.59799099 0.60070485 0.59442544 0.59741116 0.60509350 0.60967597 0.61173311 0.61161640 0.60193571 0.61482323 0.60069949 0.61839118 0.60586801 0.60964509 0.60665907 0.60325741 0.61236424 0.60677908 0.61840391 0.61457223 0.60849804 0.61373037 0.61087666 0.60883789 0.60895305
0.53413805 0.52513276 0.52478871 0.52646687 0.51652702 0.51850398 0.52115679 0.52204898 0.52522424 0.52145239 0.52076659 0.51554607 0.52047248 0.52142216 0.53081245 0.52378801 0.52086480 0.52376789 0.52093804 0.52771137 0.52547225 0.52126674 0.52346582 0.52611072 0.52370433 0.52792349 0.52860936 0.52603250 0.52989860 0.53327808 0.52985958 0.53015115
0.43383718 0.43535756 0.43014974 0.42440189 0.42487381 0.42852074 0.42549967 0.42421544 0.42133591 0.42086787 0.42394356 0.42491196 0.42748933 0.42941078 0.42871638 0.42928296 0.42723031 0.42972155 0.42496466 0.42665656 0.43285964 0.42895456 0.42854392 0.43051694 0.43365202 0.43373715 0.43211658 0.43629016 0.43154267 0.43247036 0.43008833 0.43668772
0.33787774 0.33718186 0.33631183 0.33533723 0.33526433 0.33173615 0.33014568 0.33094881 0.32976076 0.33172616 0.33226512 0.33420075 0.33066879 0.33571213 0.33405497 0.33452715 0.33607131 0.33640059 0.33415652 0.33684136 0.33685006 0.33704054 0.33874480 0.33894193 0.33761374 0.33779986 0.33887816 0.33599649 0.33585133 0.34187459 0.34371889 0.33739559
0.25440225 0.25423238 0.25222429 0.25182383 0.24953973 0.24944468 0.24650108 0.24945428 0.24885721 0.24948184 0.24935959 0.24881928 0.24885754 0.25123148 0.25014677 0.24946357 0.25111285 0.25132821 0.25238038 0.25212545 0.25249703 0.25321385 0.25258466 0.25406401 0.25201904 0.25482943 0.25395144 0.25628063 0.25634576 0.25666244 0.25456400 0.25450212
0.18652697 0.18582110 0.18453744 0.18334597 0.18215461 0.17995195 0.18071567 0.17960532 0.17964313 0.17965433 0.18042751 0.18146310 0.18174301 0.18243963 0.18293263 0.18331883 0.18258612 0.18378705 0.18363556 0.18373938 0.18461715 0.18363547 0.18536904 0.18490193 0.18533653 0.18494745 0.18622449 0.18733193 0.18711496 0.18734438 0.18792157 0.18649546
0.13459732 0.13377748 0.13266409 0.13077519 0.13063105 0.12940404 0.12940721 0.12929071 0.12951003 0.12956596 0.13012135 0.12977656 0.13092033 0.13149126 0.13210480 0.13123926 0.13221562 0.13220666 0.13249267 0.13284521 0.13293934 0.13265656 0.13356959 0.13386768 0.13398324 0.13432828 0.13540966 0.13532712 0.13620706 0.13609440 0.13577859 0.13574998
0.09885014 0.09803415 0.09723690 0.09600093 0.09543185 0.09476366 0.09445147 0.09441527 0.09479506 0.09509584 0.09530581 0.09579839 0.09577785 0.09641039 0.09654209 0.09668402 0.09703855 0.09734738 0.09784833 0.09769888 0.09821968 0.09818904 0.09838596 0.09847036 0.09822032 0.09864959 0.09929665 0.09985537 0.10033983 0.10026667 0.09937702 0.09946550
0.07668067 0.07585731 0.07502485 0.07418994 0.07331747 0.07275921 0.07269026 0.07276385 0.07301509 0.07342551 0.07380223 0.07392688 0.07435959 0.07445500 0.07480211 0.07499566 0.07542922 0.07566203 0.07585143 0.07627372 0.07641937 0.07639707 0.07637099 0.07631398 0.07649467 0.07652051 0.07688433 0.07709831 0.07751558 0.07761138 0.07751240 0.07726463
0.06427036 0.06352900 0.06291935 0.06204877 0.06149279 0.06100564 0.06092765 0.06103440 0.06118929 0.06170509 0.06190920 0.06220418 0.06250547 0.06266072 0.06295493 0.06315250 0.06351830 0.06385328 0.06415509 0.06438470 0.06453275 0.06450115 0.06449556 0.06446813 0.06445002 0.06445406 0.06454618 0.06489294 0.06501756 0.06527137 0.06519678 0.06480960
0.05875979 0.05815841 0.05746118 0.05671164 0.05626984 0.05598533 0.05582969 0.05588722 0.05619774 0.05645234 0.05662329 0.05692033 0.05716656 0.05729610 0.05759472 0.05789679 0.05829256 0.05876969 0.05915292 0.05943585 0.05960277 0.05961793 0.05953802 0.05948805 0.05938208 0.05930345 0.05938384 0.05949230 0.05968062 0.05970391 0.05960749 0.05925912
0.05696419 0.05633686 0.05581268 0.05508038 0.05474695 0.05440787 0.05430177 0.05433441 0.05457909 0.05465410 0.05490652 0.05524090 0.05531422 0.05554040 0.05583487 0.05622878 0.05674461 0.05719529 0.05767031 0.05805983 0.05824002 0.05826507 0.05817645 0.05801691 0.05794227 0.05784273 0.05784236 0.05787245 0.05780446 0.05791939 0.05776160 0.05746894
0.05651883 0.05598920 0.05539795 0.05485693 0.05440749 0.05412382 0.05398377 0.05400795 0.05409289 0.05436184 0.05433771 0.05454788 0.05455287 0.05483442 0.05515900 0.05554425 0.05584867 0.05664903 0.05721940 0.05767872 0.05793641 0.05803350 0.05802181 0.05773007 0.05765276 0.05755473 0.05748033 0.05753293 0.05756156 0.05746576 0.05727394 0.05697117
