32 32 0.052016 0.99551
0.05435360 0.05387773 0.05361359 0.05329698 0.05313652 0.05317965 0.05329430 0.05330226 0.05348519 0.05368856 0.05376843 0.05392468 0.05393896 0.05414665 0.05442624 0.05486709 0.05532137 0.05595415 0.05655154 0.05704198 0.05727270 0.05729797 0.05736461 0.05719960 0.05694338 0.05666404 0.05633638 0.05601359 0.05580208 0.05551129 0.05509612 0.05474619
0.05409973 0.05369045 0.05333537 0.05303729 0.05287022 0.05287724 0.05291083 0.05283749 0.05293366 0.05315813 0.05343636 0.05340268 0.05338594 0.05351926 0.05393550 0.05436194 0.05504937 0.05567491 0.05620690 0.05689636 0.05722368 0.05730698 0.05738034 0.05712999 0.05678890 0.05660517 0.05620528 0.05587997 0.05552392 0.05522431 0.05488742 0.05448591
0.05374352 0.05338368 0.05308705 0.05296549 0.05269733 0.05252151 0.05254580 0.05221129 0.05258349 0.05253506 0.05264720 0.05255213 0.05270379 0.05294014 0.05327697 0.05370143 0.05440044 0.05487343 0.05581968 0.05647369 0.05688154 0.05711598 0.05710328 0.05686301 0.05653037 0.05629268 0.05582475 0.05549443 0.05518527 0.05475893 0.05454071 0.05403806
0.05347794 0.05314497 0.05289961 0.05268219 0.05235466 0.05238030 0.05233329 0.05221292 0.05215103 0.05212075 0.05209202 0.05201592 0.05215745 0.05225042 0.05267784 0.05326286 0.05390850 0.05469551 0.05542499 0.05629273 0.05654628 0.05677677 0.05673532 0.05652460 0.05617749 0.05587785 0.05550792 0.05509876 0.05481523 0.05443511 0.05412241 0.05381618
0.05422584 0.05396328 0.05374588 0.05349741 0.05333576 0.05319738 0.05307017 0.05292776 0.05278686 0.05266144 0.05259711 0.05247090 0.05253128 0.05266867 0.05305709 0.05364536 0.05435954 0.05516753 0.05586964 0.05656897 0.05713119 0.05720262 0.05725881 0.05704767 0.05672349 0.05631609 0.05594923 0.05566808 0.05521337 0.05493266 0.05461590 0.05433231
0.05851023 0.05830025 0.05818129 0.05791933 0.05786533 0.05771353 0.05749348 0.05730416 0.05705597 0.05674584 0.05661702 0.05657024 0.05655452 0.05672879 0.05712360 0.05759923 0.05833831 0.05911091 0.05980153 0.06051974 0.06092260 0.06122245 0.06121380 0.06099282 0.06069625 0.06029157 0.05991942 0.05954426 0.05914526 0.05890773 0.05873738 0.05866446
0.07051210 0.07027350 0.07020291 0.07009171 0.06980301 0.06970099 0.06939035 0.06902579 0.06870549 0.06847767 0.06828269 0.06816069 0.06815805 0.06829367 0.06871935 0.06923995 0.07001534 0.07051949 0.07137223 0.07198401 0.07251272 0.07265918 0.07257006 0.07267137 0.07219227 0.07192731 0.07134217 0.07107220 0.07074042 0.07079497 0.07066123 0.07039990
0.09479757 0.09505725 0.09500925 0.09476061 0.09446686 0.09422258 0.09380299 0.09383969 0.09331267 0.09263782 0.09269255 0.09229798 0.09232224 0.09255846 0.09297715 0.09381081 0.09406930 0.09456044 0.09538429 0.09592566 0.09646499 0.09663448 0.09635276 0.09639110 0.09614783 0.09546400 0.09551463 0.09530327 0.09509725 0.09469712 0.09493398 0.09427676
0.13713238 0.13689010 0.13732590 0.13680631 0.13671677 0.13672065 0.13606666 0.13554666 0.13554161 0.13468964 0.13428168 0.13426424 0.13407417 0.13426530 0.13437897 0.13515092 0.13507585 0.13621550 0.13611735 0.13684921 0.13751781 0.13784694 0.13767942 0.13756123 0.13691927 0.13728627 0.13706746 0.13670710 0.13616433 0.13609329 0.13648164 0.13719017
0.19989328 0.20177558 0.19984993 0.20081916 0.20161448 0.20089120 0.20028629 0.20018797 0.20098802 0.19861506 0.19788985 0.19830438 0.19640188 0.19947820 0.19806640 0.19868695 0.19780939 0.20009159 0.20019145 0.20140192 0.20194197 0.20158174 0.20109611 0.20170375 0.20158036 0.20105884 0.20065240 0.20035001 0.20110306 0.20051429 0.20013334 0.20120339
0.29157292 0.28868277 0.29121911 0.29244360 0.28967047 0.29097036 0.29032420 0.29034559 0.28875210 0.29013925 0.28705425 0.28993697 0.28692327 0.28846470 0.28714968 0.28664227 0.28959832 0.29024597 0.29150347 0.29087430 0.28993338 0.29136430 0.28989560 0.29047053 0.29050212 0.29060394 0.28841817 0.28932377 0.29002725 0.28927189 0.29113715 0.28866842
0.40602913 0.40597265 0.40694723 0.40944085 0.41127830 0.40656981 0.40755414 0.40529503 0.40606183 0.40483849 0.40222524 0.40263082 0.40066606 0.40596166 0.40407725 0.40880903 0.40367499 0.40754728 0.40799325 0.40581457 0.40743979 0.40631043 0.40206951 0.41072857 0.40664167 0.40355050 0.40566645 0.40507078 0.40751888 0.40493493 0.40816995 0.40583809
0.54505100 0.54543893 0.54204389 0.54753980 0.54319322 0.54173174 0.54042574 0.54225021 0.54265994 0.54090189 0.54150330 0.54334032 0.53625478 0.54210393 0.54609385 0.54456965 0.54356850 0.53975326 0.54318782 0.54387614 0.54236315 0.54678732 0.53984547 0.54359401 0.53565340 0.54146772 0.53989569 0.53913182 0.54064077 0.54219024 0.53948454 0.54231109
0.68689502 0.69105664 0.69451607 0.68282644 0.69704045 0.67992429 0.69062711 0.68551637 0.68797269 0.68938703 0.68362280 0.69083669 0.68994634 0.68880447 0.68545548 0.69012214 0.68821124 0.67878223 0.69286168 0.69463430 0.68959559 0.68917612 0.68443039 0.69469452 0.68879589 0.68341832 0.68512725 0.68950913 0.68771838 0.68815072 0.69092484 0.68353602
0.82386753 0.83177635 0.83940800 0.84076568 0.83245978 0.82696121 0.82688851 0.83213619 0.83356431 0.82160385 0.82559200 0.82373267 0.83781656 0.83867796 0.84738850 0.82282146 0.83282000 0.82969490 0.82630583 0.83574465 0.82517639 0.82284163 0.83231567 0.82968250 0.82982097 0.82409799 0.83519864 0.82687717 0.82792656 0.82804396 0.83476163 0.83635176
0.94045533 0.95060844 0.94482253 0.95220045 0.95194757 0.94089918 0.94686395 0.94643167 0.94371720 0.94722647 0.94732831 0.93728785 0.95072402 0.95239647 0.95279041 0.94485240 0.94429454 0.94707098 0.93655243 0.93306881 0.94618057 0.95320198 0.94242582 0.95867842 0.93860266 0.93162796 0.94933615 0.95963827 0.95561068 0.94841267 0.93445019 0.93966574
1.02838596 1.01807985 1.03850245 1.02153285 1.02318144 1.02490738 1.01744073 1.01023325 1.01687292 1.01732178 1.02088662 1.01797363 1.01504066 1.01114836 1.02257082 1.02735276 1.01998874 1.02211266 1.00759623 1.01370810 1.02243336 1.01924362 1.00986193 1.03071835 1.01950808 1.01622165 1.01708453 1.02486886 1.01560315 1.02822475 1.02564158 1.01308622
1.03941743 1.04664560 1.04210537 1.04185279 1.03921459 1.03230527 1.03446828 1.03431914 1.02901717 1.03283900 1.03489986 1.03598439 1.03647898 1.03939002 1.03571322 1.04028554 1.04162534 1.04269949 1.03401350 1.03928354 1.03752290 1.03625026 1.03631106 1.03805743 1.03875058 1.03978260 1.04041426 1.04425394 1.03940974 1.04250320 1.04752496 1.03774728
1.00571569 1.00457350 1.00435820 0.99590922 0.99046730 0.98214087 0.98397887 0.99337586 0.99080474 0.99462162 0.99205023 0.99312377 0.99122278 1.00505537 0.99933125 1.00413732 1.00043781 0.99235621 1.00841373 1.01244240 0.99845163 1.01182921 0.99961936 0.99159208 1.01310436 0.99768034 0.98734548 0.99835111 1.00526162 1.00789666 1.01283899 1.00807807
0.91966123 0.91593981 0.92246281 0.91429564 0.89991307 0.91115698 0.89530683 0.90153308 0.90228993 0.89045855 0.89596696 0.90992495 0.91613877 0.92393034 0.92115508 0.90603668 0.92944978 0.90422778 0.93339741 0.90935921 0.91600479 0.90772524 0.90508599 0.91840568 0.90885059 0.92938254 0.92306741 0.91641951 0.92201045 0.91724687 0.91275566 0.91328865
0.80225896 0.78501940 0.78618343 0.78825155 0.77255088 0.77801872 0.78142327 0.78546196 0.79060056 0.78365080 0.78395813 0.77311813 0.78245612 0.78672477 0.80222561 0.79005536 0.78379617 0.78814463 0.78216928 0.79124067 0.78530865 0.77781098 0.78216341 0.78884675 0.78240187 0.79168767 0.79165078 0.78623499 0.79344071 0.79989082 0.79424984 0.79346040
0.64598200 0.64840306 0.64152227 0.63066384 0.63241907 0.63887388 0.63595127 0.63458330 0.62981769 0.62820730 0.63385041 0.63622355 0.64082626 0.64333274 0.64321803 0.64361355 0.63943119 0.64239355 0.63386963 0.63521122 0.64547614 0.63972076 0.63795695 0.64167298 0.64726968 0.64731122 0.64384392 0.65087159 0.64321373 0.64510416 0.64009319 0.64994535
0.49716586 0.49540586 0.49571032 0.49393239 0.49559182 0.49041038 0.48855743 0.48989197 0.48800498 0.49229295 0.49253723 0.49600192 0.49037488 0.49874149 0.49644839 0.49707487 0.49902259 0.49838228 0.49429795 0.49841525 0.49766075 0.49819021 0.50039201 0.50048438 0.49827168 0.49862790 0.50029006 0.49551457 0.49418995 0.50406946 0.50695669 0.49647881
0.36745982 0.36764644 0.36485925 0.36520585 0.36203445 0.36278385 0.35867224 0.36405730 0.36314496 0.36432456 0.36419208 0.36333887 0.36330912 0.36689717 0.36533352 0.36357609 0.36627910 0.36585333 0.36737611 0.36625273 0.36649068 0.36739328 0.36624433 0.36886503 0.36552727 0.36974393 0.36857655 0.37186472 0.37128243 0.37155990 0.36778750 0.36769241
0.26137000 0.26065939 0.25917772 0.25804231 0.25698625 0.25406155 0.25608029 0.25450852 0.25506309 0.25510674 0.25616010 0.25785768 0.25809265 0.25895473 0.25945931 0.25986684 0.25844322 0.25968531 0.25916896 0.25896690 0.25999116 0.25829682 0.26127597 0.26048585 0.26131326 0.26055633 0.26232970 0.26381650 0.26309494 0.26289066 0.26349247 0.26118066
0.17960671 0.17877672 0.17764468 0.17527190 0.17597194 0.17469819 0.17526128 0.17549632 0.17601739 0.17595240 0.17674211 0.17595621 0.17752621 0.17817797 0.17884583 0.17715388 0.17839707 0.17795734 0.17798409 0.17830400 0.17832284 0.17768421 0.17931814 0.17991299 0.18015100 0.18067320 0.18222481 0.18158013 0.18258079 0.18212186 0.18132086 0.18133871
0.12307263 0.12219973 0.12148275 0.12036585 0.12021702 0.11978941 0.11976932 0.12004643 0.12068856 0.12108394 0.12135034 0.12166893 0.12141834 0.12205752 0.12195461 0.12185739 0.12210155 0.12217039 0.12263522 0.12211312 0.12291733 0.12281147 0.12322838 0.12350174 0.12319620 0.12380016 0.12460404 0.12519301 0.12567807 0.12518823 0.12389930 0.12379207
0.08766494 0.08681557 0.08614216 0.08553915 0.08488169 0.08444853 0.08488221 0.08525263 0.08567615 0.08612677 0.08666902 0.08650938 0.08683473 0.08668358 0.08689768 0.08687931 0.08718377 0.08718368 0.08725170 0.08767047 0.08784278 0.08776432 0.08785499 0.08785926 0.08823334 0.08819124 0.08864888 0.08870880 0.08913823 0.08893657 0.08870384 0.08833004
0.06762459 0.06698192 0.06649397 0.06587415 0.06557251 0.06546277 0.06567698 0.06601824 0.06638839 0.06688563 0.06704107 0.06727788 0.06742798 0.06744459 0.06754686 0.06753079 0.06777167 0.06792330 0.06807313 0.06825863 0.06840548 0.06839312 0.06846963 0.06851383 0.06855738 0.06854683 0.06859461 0.06882544 0.06890173 0.06891708 0.06872737 0.06818650
0.05843294 0.05787614 0.05742909 0.05703131 0.05683954 0.05686545 0.05701216 0.05726040 0.05772105 0.05800270 0.05820511 0.05838679 0.05850112 0.05848819 0.05865455 0.05874321 0.05896411 0.05938815 0.05966954 0.05989893 0.06006987 0.06017099 0.06006923 0.06003359 0.05993553 0.05981498 0.05979348 0.05978324 0.05980721 0.05962687 0.05942429 0.05893893
0.05527269 0.05473435 0.05438376 0.05393728 0.05393294 0.05394985 0.05408901 0.05436529 0.05475403 0.05493480 0.05517760 0.05542875 0.05537073 0.05547698 0.05566872 0.05592723 0.05636945 0.05669904 0.05714286 0.05747830 0.05764838 0.05763276 0.05760155 0.05737437 0.05729858 0.05709936 0.05697246 0.05685523 0.05646990 0.05648236 0.05615361 0.05572143
0.05452003 0.05409007 0.05369488 0.05341006 0.05325574 0.05328086 0.05342960 0.05367120 0.05390858 0.05428527 0.05427959 0.05442113 0.05442737 0.05460658 0.05485628 0.05514837 0.05560164 0.05616581 0.05663332 0.05708733 0.05736616 0.05747508 0.05740963 0.05701401 0.05689226 0.05664255 0.05640656 0.05624120 0.05605801 0.05575983 0.05542120 0.05496269
