32 32 0.050671 0.21615
0.06023590 0.05914983 0.05810010 0.05685814 0.05585443 0.05501857 0.05448435 0.05395218 0.05373508 0.05363170 0.05355804 0.05362999 0.05366284 0.05397578 0.05446006 0.05499677 0.05572496 0.05667037 0.05757943 0.05841623 0.05901126 0.05939698 0.05994676 0.06024854 0.06059845 0.06093481 0.06124047 0.06148183 0.06176773 0.06186747 0.06154112 0.06099741
0.05953547 0.05849526 0.05732177 0.05617727 0.05513934 0.05436365 0.05371542 0.05312893 0.05288947 0.05290075 0.05305082 0.05308148 0.05314706 0.05344774 0.05402683 0.05474846 0.05568822 0.05661869 0.05745902 0.05845088 0.05908573 0.05960847 0.06009936 0.06034674 0.06050579 0.06088534 0.06107021 0.06126373 0.06134615 0.06132796 0.06101617 0.06031321
0.05880422 0.05773894 0.05655384 0.05557608 0.05444411 0.05353291 0.05297143 0.05215288 0.05224786 0.05204944 0.05212991 0.05219195 0.05250437 0.05292335 0.05354592 0.05428329 0.05526645 0.05605113 0.05730342 0.05830291 0.05893364 0.05963493 0.06002405 0.06018713 0.06034984 0.06065332 0.06070676 0.06086363 0.06086933 0.06063221 0.06038850 0.05953448
0.05797675 0.05693378 0.05573321 0.05475867 0.05356169 0.05279479 0.05221675 0.05172163 0.05142418 0.05131456 0.05131505 0.05147606 0.05180635 0.05234847 0.05292832 0.05401758 0.05496203 0.05609634 0.05713106 0.05833328 0.05890976 0.05951189 0.05985642 0.06002429 0.06012827 0.06029675 0.06031662 0.06037973 0.06032133 0.05999387 0.05958525 0.05890394
0.05737129 0.05632222 0.05522452 0.05402109 0.05307626 0.05223816 0.05157472 0.05109399 0.05079092 0.05067091 0.05072645 0.05088556 0.05128780 0.05185253 0.05261622 0.05361029 0.05473000 0.05590947 0.05698437 0.05794649 0.05889194 0.05932536 0.05981652 0.05999048 0.06005577 0.06010457 0.06009252 0.06010739 0.05986596 0.05950474 0.05897255 0.05816936
0.05759414 0.05654822 0.05543097 0.05428218 0.05335302 0.05256298 0.05174401 0.05126219 0.05097032 0.05079748 0.05079472 0.05106264 0.05144458 0.05211945 0.05291392 0.05391620 0.05506436 0.05622728 0.05726508 0.05838702 0.05914299 0.05979442 0.06023196 0.06040195 0.06051022 0.06053438 0.06048755 0.06032575 0.06005302 0.05976401 0.05917908 0.05850001
0.05966333 0.05852751 0.05755246 0.05642857 0.05535393 0.05449999 0.05375123 0.05317267 0.05274598 0.05245719 0.05260827 0.05280994 0.05321895 0.05391437 0.05471719 0.05565476 0.05684265 0.05801064 0.05913191 0.06014140 0.06101969 0.06161130 0.06200671 0.06237830 0.06243602 0.06251739 0.06235866 0.06229181 0.06196665 0.06176249 0.06120521 0.06045514
0.06450198 0.06360225 0.06256954 0.06150616 0.06035367 0.05941163 0.05854773 0.05798697 0.05752310 0.05721042 0.05722348 0.05732147 0.05766701 0.05833808 0.05909460 0.06016473 0.06116533 0.06231263 0.06337836 0.06439821 0.06533918 0.06599986 0.06633279 0.06672699 0.06699720 0.06687732 0.06707892 0.06695255 0.06696438 0.06643052 0.06601486 0.06495577
0.07336372 0.07198096 0.07147632 0.07022807 0.06923953 0.06823714 0.06727330 0.06653344 0.06610459 0.06563516 0.06547077 0.06557635 0.06581448 0.06636447 0.06708360 0.06807138 0.06886156 0.07004169 0.07089009 0.07196654 0.07287284 0.07363082 0.07421778 0.07465582 0.07493867 0.07525281 0.07509490 0.07530117 0.07514913 0.07488202 0.07453882 0.07405957
0.08654035 0.08613661 0.08467551 0.08383629 0.08296093 0.08176910 0.08072163 0.07998085 0.07966252 0.07875757 0.07841787 0.07857998 0.07827908 0.07931779 0.07963624 0.08042990 0.08113291 0.08225933 0.08325925 0.08411287 0.08499289 0.08571781 0.08634757 0.08708636 0.08747845 0.08786199 0.08812699 0.08822537 0.08843456 0.08816989 0.08781548 0.08755345
0.10614957 0.10471120 0.10432203 0.10346717 0.10198892 0.10096421 0.09985532 0.09902374 0.09803298 0.09784355 0.09686770 0.09743876 0.09672486 0.09731106 0.09746106 0.09793348 0.09907984 0.09996416 0.10083553 0.10145903 0.10214112 0.10317720 0.10367400 0.10455033 0.10521465 0.10587969 0.10601044 0.10656315 0.10682562 0.10676714 0.10700739 0.10610713
0.13057260 0.12994567 0.12876118 0.12850480 0.12766116 0.12547599 0.12477959 0.12339413 0.12262673 0.12196800 0.12102689 0.12072376 0.12031067 0.12139370 0.12123234 0.12262079 0.12202151 0.12328603 0.12393836 0.12425078 0.12532932 0.12599656 0.12630793 0.12834634 0.12870585 0.12901543 0.12999457 0.13049734 0.13144212 0.13113352 0.13176385 0.13119121
0.16032945 0.15951090 0.15811313 0.15779108 0.15568579 0.15421364 0.15327322 0.15265231 0.15161094 0.15081331 0.14997612 0.14989542 0.14861178 0.14953552 0.15035532 0.15021800 0.15070823 0.15054869 0.15136882 0.15210161 0.15277918 0.15436995 0.15429077 0.15580223 0.15575551 0.15763180 0.15817130 0.15863687 0.15970221 0.16009882 0.15997251 0.16066379
0.18986213 0.19106689 0.19049397 0.18693491 0.18845382 0.18349242 0.18443129 0.18339022 0.18260069 0.18149117 0.17987033 0.18102297 0.18007478 0.18045606 0.18015570 0.18080806 0.18035341 0.17976373 0.18240243 0.18336221 0.18322007 0.18424482 0.18504282 0.18752898 0.18767445 0.18766271 0.18912218 0.19091254 0.19002832 0.19135853 0.19172161 0.19049226
0.21972606 0.22042156 0.21994903 0.21914242 0.21641823 0.21394802 0.21300933 0.21358340 0.21225589 0.20958448 0.21003227 0.20905955 0.21079573 0.21177406 0.21272844 0.21003345 0.21156968 0.21175165 0.21103103 0.21286370 0.21312739 0.21301328 0.21559988 0.21641755 0.21773188 0.21858119 0.22116906 0.22001523 0.22101437 0.22155489 0.22216037 0.22278139
0.24390566 0.24434833 0.24318229 0.24191536 0.24111094 0.23933157 0.23806158 0.23726239 0.23591195 0.23612356 0.23514279 0.23307225 0.23551536 0.23577781 0.23643422 0.23554640 0.23470352 0.23764620 0.23578906 0.23559601 0.24031468 0.24077641 0.24122026 0.24250432 0.24199981 0.24343543 0.24551495 0.24790230 0.24834874 0.24535574 0.24419065 0.24559241
0.26080221 0.25760521 0.25982026 0.25567248 0.25567863 0.25392854 0.25229454 0.25062804 0.25059735 0.24998663 0.25034039 0.25008869 0.24943088 0.24966082 0.25164033 0.25467005 0.25276755 0.25394457 0.25262204 0.25223338 0.25746507 0.25713219 0.25599493 0.26048882 0.25980722 0.26056107 0.26039897 0.26217642 0.26090938 0.26320089 0.26241389 0.26150145
0.26193531 0.26286758 0.25978213 0.25848648 0.25698914 0.25447054 0.25464550 0.25376568 0.25253905 0.25375040 0.25409987 0.25442213 0.25498837 0.25618089 0.25625033 0.25719805 0.25806432 0.25872134 0.25971529 0.26128334 0.26209645 0.26255841 0.26377996 0.26410175 0.26529223 0.26569146 0.26568874 0.26681978 0.26618372 0.26568997 0.26661110 0.26449035
0.25307890 0.25317874 0.25140001 0.24760578 0.24656588 0.24358156 0.24303674 0.24405841 0.24335004 0.24430353 0.24445920 0.24495635 0.24710618 0.25014335 0.25004389 0.25097463 0.25177936 0.25069709 0.25445748 0.25462026 0.25446919 0.25934669 0.25690895 0.25386601 0.26024443 0.25751836 0.25572513 0.25657511 0.25957123 0.25936613 0.25832033 0.25548519
0.23611571 0.23300359 0.23302559 0.23014624 0.22589037 0.22787765 0.22498178 0.22401717 0.22551915 0.22471028 0.22612753 0.22899494 0.23156240 0.23236664 0.23375882 0.23158498 0.23559338 0.23260983 0.23838308 0.23596522 0.23713266 0.23794669 0.23673578 0.24022031 0.23928538 0.24236251 0.24132279 0.23870961 0.24054229 0.23896655 0.23763594 0.23619228
0.20957239 0.20600669 0.20408240 0.20337956 0.19976302 0.19903761 0.19975509 0.19961441 0.20105408 0.20067360 0.20109481 0.20100487 0.20318135 0.20396702 0.20794607 0.20663596 0.20668987 0.20839408 0.20825420 0.21145598 0.21199175 0.21100780 0.21194958 0.21248956 0.21273700 0.21347110 0.21396030 0.21331758 0.21373652 0.21341806 0.21154932 0.21044455
0.17817487 0.17716102 0.17410453 0.17137098 0.17056597 0.17092657 0.16948478 0.16912349 0.16873490 0.16934798 0.17101354 0.17201741 0.17364040 0.17528602 0.17568937 0.17671041 0.17689179 0.17856183 0.17761502 0.17911261 0.18161696 0.18058520 0.18101636 0.18181413 0.18286622 0.18309896 0.18274752 0.18360352 0.18176275 0.18114866 0.18002546 0.18058184
0.14814632 0.14696686 0.14512796 0.14352015 0.14234619 0.14070051 0.13990102 0.14034001 0.14022605 0.14116261 0.14208375 0.14336484 0.14288411 0.14519717 0.14524482 0.14602070 0.14722936 0.14813373 0.14793580 0.14946210 0.15007865 0.15048935 0.15148596 0.15195310 0.15175916 0.15192156 0.15235649 0.15135421 0.15128435 0.15257493 0.15228864 0.14926196
0.12223076 0.12093882 0.11903784 0.11776739 0.11613969 0.11540514 0.11415910 0.11492403 0.11490767 0.11549183 0.11588891 0.11621458 0.11667452 0.11796962 0.11797982 0.11826672 0.11936117 0.12006186 0.12093891 0.12143865 0.12213649 0.12286868 0.12308834 0.12387755 0.12356316 0.12479117 0.12465230 0.12559353 0.12563100 0.12542756 0.12425305 0.12341169
0.10133590 0.09992771 0.09841762 0.09690000 0.09564055 0.09433155 0.09405174 0.09351499 0.09354304 0.09366189 0.09439070 0.09476140 0.09516741 0.09568312 0.09613401 0.09664710 0.09669823 0.09773338 0.09813541 0.09869587 0.09957063 0.09967669 0.10073679 0.10094910 0.10146541 0.10180840 0.10265935 0.10331967 0.10338109 0.10352079 0.10336118 0.10220685
0.08543936 0.08418553 0.08272276 0.08116798 0.08010804 0.07895371 0.07851137 0.07817202 0.07809280 0.07816713 0.07839835 0.07834660 0.07888776 0.07915356 0.07959122 0.07951670 0.08013308 0.08054520 0.08119376 0.08174430 0.08223253 0.08261769 0.08345687 0.08402347 0.08454093 0.08520030 0.08608545 0.08669089 0.08732409 0.08736451 0.08715569 0.08648114
0.07449830 0.07331028 0.07215324 0.07068723 0.06955794 0.06858807 0.06792595 0.06753446 0.06748787 0.06742883 0.06737480 0.06763962 0.06753860 0.06781477 0.06791463 0.06817757 0.06851587 0.06906507 0.06967062 0.07005732 0.07080744 0.07125481 0.07178965 0.07231879 0.07275442 0.07355375 0.07437957 0.07519234 0.07582761 0.07610844 0.07539755 0.07537011
0.06773535 0.06659809 0.06541082 0.06407703 0.06286958 0.06199073 0.06135772 0.06101275 0.06080315 0.06080835 0.06070459 0.06063497 0.06073270 0.06070006 0.06085989 0.06106670 0.06155678 0.06198100 0.06246187 0.06314885 0.06363523 0.06414583 0.06460859 0.06511389 0.06571323 0.06641415 0.06716829 0.06795615 0.06855530 0.06899002 0.06894811 0.06854279
0.06397053 0.06285143 0.06172604 0.06037144 0.05934024 0.05837602 0.05777073 0.05737250 0.05707012 0.05716715 0.05698185 0.05693057 0.05699719 0.05689557 0.05700135 0.05727082 0.05768512 0.05821140 0.05872707 0.05936059 0.05990371 0.06034313 0.06085492 0.06134634 0.06190647 0.06254688 0.06323078 0.06401677 0.06458601 0.06508031 0.06507978 0.06464045
0.06218852 0.06117805 0.05997614 0.05873484 0.05768119 0.05684044 0.05621037 0.05575867 0.05558331 0.05541109 0.05527346 0.05527716 0.05528784 0.05521955 0.05548022 0.05570429 0.05617241 0.05676329 0.05740561 0.05803463 0.05860598 0.05911793 0.05948044 0.06001858 0.06052231 0.06107699 0.06177787 0.06244262 0.06308453 0.06339871 0.06337091 0.06294218
0.06138957 0.06027159 0.05925712 0.05787988 0.05700500 0.05614812 0.05552792 0.05508116 0.05491060 0.05463682 0.05456912 0.05469311 0.05453234 0.05468019 0.05495097 0.05534029 0.05596345 0.05658111 0.05734483 0.05804073 0.05862895 0.05906321 0.05951843 0.05984458 0.06036668 0.06085452 0.06144938 0.06200091 0.06235912 0.06273699 0.06260313 0.06215335
0.06081178 0.05978041 0.05865708 0.05742532 0.05643050 0.05557267 0.05496954 0.05458117 0.05428821 0.05435120 0.05413730 0.05413438 0.05411454 0.05432387 0.05473142 0.05516870 0.05567075 0.05665406 0.05746812 0.05825358 0.05892495 0.05941531 0.05990299 0.06003351 0.06050241 0.06093216 0.06137636 0.06185502 0.06225347 0.06230772 0.06220768 0.06160253
