32 32 0 1
-3.36054683 -3.36047377 -3.36036588 -3.36024923 -3.36012823 -3.36002125 -3.35993382 -3.35988748 -3.35987748 -3.35989185 -3.35992470 -3.35995999 -3.35997057 -3.35996626 -3.35993745 -3.35987103 -3.35978389 -3.35969726 -3.35961043 -3.35954229 -3.35951324 -3.35952723 -3.35958277 -3.35967866 -3.35981143 -3.35997083 -3.36013310 -3.36027418 -3.36040471 -3.36050040 -3.36056068 -3.36058140
-3.36055755 -3.36052306 -3.36047449 -3.36039940 -3.36031860 -3.36023904 -3.36017939 -3.36016623 -3.36016146 -3.36019544 -3.36023011 -3.36026721 -3.36029049 -3.36027263 -3.36022461 -3.36013258 -3.36001380 -3.35987958 -3.35974235 -3.35963367 -3.35957581 -3.35954271 -3.35957101 -3.35963145 -3.35974313 -3.35987472 -3.36002483 -3.36017116 -3.36030145 -3.36041671 -3.36049140 -3.36054393
-3.36056059 -3.36057432 -3.36056339 -3.36053655 -3.36050032 -3.36044679 -3.36040885 -3.36039442 -3.36040614 -3.36044690 -3.36049026 -3.36052269 -3.36053536 -3.36051157 -3.36044897 -3.36032997 -3.36018992 -3.36002790 -3.35986675 -3.35972742 -3.35962973 -3.35957056 -3.35955994 -3.35960281 -3.35966529 -3.35978772 -3.35991793 -3.36006899 -3.36020422 -3.36033385 -3.36042777 -3.36050586
-3.36054480 -3.36059285 -3.36061879 -3.36063037 -3.36061962 -3.36059081 -3.36057235 -3.36057478 -3.36058054 -3.36061434 -3.36065963 -3.36068162 -3.36068285 -3.36064526 -3.36056742 -3.36044316 -3.36028854 -3.36011029 -3.35993784 -3.35977374 -3.35965163 -3.35957007 -3.35953554 -3.35955216 -3.35960036 -3.35969513 -3.35981680 -3.35995100 -3.36009883 -3.36023092 -3.36035278 -3.36046134
-3.36047418 -3.36055059 -3.36060574 -3.36063928 -3.36065446 -3.36065094 -3.36063489 -3.36064579 -3.36065555 -3.36069231 -3.36071259 -3.36072945 -3.36072722 -3.36067845 -3.36059988 -3.36046997 -3.36030937 -3.36012738 -3.35994631 -3.35977707 -3.35964024 -3.35953966 -3.35948227 -3.35947353 -3.35951204 -3.35958198 -3.35968562 -3.35981856 -3.35996356 -3.36010648 -3.36024574 -3.36037175
-3.36033108 -3.36042370 -3.36049697 -3.36055732 -3.36058904 -3.36058834 -3.36058832 -3.36058470 -3.36060060 -3.36062501 -3.36064629 -3.36065443 -3.36065116 -3.36061241 -3.36051845 -3.36039911 -3.36023652 -3.36005656 -3.35987576 -3.35970390 -3.35955865 -3.35945074 -3.35938224 -3.35935633 -3.35937306 -3.35942494 -3.35952370 -3.35964740 -3.35978718 -3.35994026 -3.36008959 -3.36022245
-3.36008807 -3.36018915 -3.36027186 -3.36034098 -3.36037451 -3.36039719 -3.36040911 -3.36040007 -3.36041634 -3.36043970 -3.36045679 -3.36047512 -3.36046199 -3.36042359 -3.36033589 -3.36021050 -3.36005786 -3.35988357 -3.35971234 -3.35954898 -3.35939542 -3.35928154 -3.35919989 -3.35915810 -3.35916071 -3.35921639 -3.35930026 -3.35941885 -3.35955827 -3.35970422 -3.35984186 -3.35997031
-3.35970799 -3.35980633 -3.35990939 -3.35998216 -3.36001508 -3.36004684 -3.36006201 -3.36007178 -3.36008799 -3.36010267 -3.36012450 -3.36014412 -3.36013308 -3.36010458 -3.36002750 -3.35990717 -3.35976188 -3.35959595 -3.35942838 -3.35925743 -3.35911761 -3.35899990 -3.35890871 -3.35885844 -3.35885687 -3.35890201 -3.35898177 -3.35908890 -3.35923013 -3.35935671 -3.35947906 -3.35959359
-3.35918619 -3.35928499 -3.35937947 -3.35944973 -3.35949344 -3.35953448 -3.35955734 -3.35956569 -3.35958666 -3.35961196 -3.35964187 -3.35967219 -3.35967316 -3.35964159 -3.35957344 -3.35946684 -3.35932677 -3.35917316 -3.35900076 -3.35883151 -3.35868872 -3.35857955 -3.35848395 -3.35843303 -3.35842664 -3.35846675 -3.35855154 -3.35866048 -3.35878090 -3.35888610 -3.35899113 -3.35909062
-3.35855067 -3.35863147 -3.35870804 -3.35876572 -3.35880602 -3.35884515 -3.35886772 -3.35889588 -3.35892051 -3.35895644 -3.35899723 -3.35904296 -3.35905656 -3.35904823 -3.35899347 -3.35888794 -3.35875619 -3.35860045 -3.35843424 -3.35826578 -3.35811680 -3.35799841 -3.35790681 -3.35786247 -3.35786534 -3.35792143 -3.35800891 -3.35810439 -3.35820501 -3.35830104 -3.35838695 -3.35846631
-3.35778385 -3.35784408 -3.35789974 -3.35794979 -3.35796747 -3.35799626 -3.35801319 -3.35803829 -3.35808601 -3.35813630 -3.35820233 -3.35825299 -3.35829260 -3.35829917 -3.35826353 -3.35816695 -3.35804446 -3.35788699 -3.35772197 -3.35754939 -3.35739740 -3.35728221 -3.35720448 -3.35716675 -3.35719131 -3.35724309 -3.35733138 -3.35742784 -3.35752065 -3.35760146 -3.35766886 -3.35772414
-3.35692636 -3.35695692 -3.35698736 -3.35700036 -3.35700762 -3.35701588 -3.35702005 -3.35704393 -3.35709619 -3.35716583 -3.35725468 -3.35733477 -3.35740421 -3.35742681 -3.35740312 -3.35731934 -3.35720140 -3.35704358 -3.35687619 -3.35670214 -3.35655220 -3.35644169 -3.35637594 -3.35635910 -3.35638913 -3.35646655 -3.35655583 -3.35665774 -3.35674326 -3.35681071 -3.35685915 -3.35689735
-3.35601783 -3.35601023 -3.35600261 -3.35598854 -3.35595820 -3.35593891 -3.35593901 -3.35595776 -3.35601243 -3.35610328 -3.35620618 -3.35631311 -3.35640570 -3.35645411 -3.35644690 -3.35638465 -3.35627391 -3.35612520 -3.35594784 -3.35577698 -3.35563122 -3.35553088 -3.35547834 -3.35547405 -3.35553522 -3.35562004 -3.35572732 -3.35582434 -3.35590506 -3.35597242 -3.35600352 -3.35601553
-3.35510694 -3.35507344 -3.35501909 -3.35495583 -3.35490659 -3.35485954 -3.35483314 -3.35485014 -3.35491342 -3.35502072 -3.35514876 -3.35527051 -3.35537476 -3.35545276 -3.35546283 -3.35541337 -3.35531707 -3.35517161 -3.35499842 -3.35483834 -3.35470083 -3.35460692 -3.35456566 -3.35458804 -3.35467316 -3.35477529 -3.35489150 -3.35499417 -3.35508293 -3.35513649 -3.35514831 -3.35514228
-3.35427729 -3.35420398 -3.35412260 -3.35402729 -3.35393751 -3.35386809 -3.35382984 -3.35383660 -3.35389740 -3.35400701 -3.35415262 -3.35430417 -3.35443299 -3.35452056 -3.35454618 -3.35451088 -3.35441755 -3.35428371 -3.35412062 -3.35396521 -3.35383321 -3.35375682 -3.35373631 -3.35377953 -3.35388094 -3.35400475 -3.35413981 -3.35424900 -3.35432591 -3.35436650 -3.35437023 -3.35433840
-3.35359504 -3.35349580 -3.35338989 -3.35327207 -3.35316126 -3.35307791 -3.35303088 -3.35302129 -3.35308614 -3.35319355 -3.35333746 -3.35350798 -3.35365135 -3.35375247 -3.35378549 -3.35376374 -3.35367876 -3.35355221 -3.35340162 -3.35324428 -3.35312672 -3.35305875 -3.35305710 -3.35313391 -3.35325193 -3.35339395 -3.35354499 -3.35364494 -3.35371479 -3.35374121 -3.35372013 -3.35367400
-3.35315286 -3.35304119 -3.35292011 -3.35279287 -3.35267017 -3.35257326 -3.35251773 -3.35250832 -3.35256278 -3.35266705 -3.35281524 -3.35296808 -3.35310240 -3.35321649 -3.35325828 -3.35324273 -3.35316509 -3.35305234 -3.35290901 -3.35276378 -3.35265238 -3.35260352 -3.35263334 -3.35272713 -3.35286162 -3.35301286 -3.35316323 -3.35326624 -3.35332814 -3.35332753 -3.35330739 -3.35324000
-3.35299464 -3.35289732 -3.35277743 -3.35264960 -3.35252326 -3.35241958 -3.35235802 -3.35234592 -3.35240040 -3.35248979 -3.35261184 -3.35275160 -3.35288594 -3.35297770 -3.35302888 -3.35300986 -3.35294531 -3.35282334 -3.35269809 -3.35257265 -3.35248668 -3.35246076 -3.35249814 -3.35261024 -3.35276069 -3.35292350 -3.35306370 -3.35316143 -3.35320000 -3.35319996 -3.35316274 -3.35308828
-3.35316782 -3.35307609 -3.35295610 -3.35284446 -3.35273963 -3.35263874 -3.35258110 -3.35256262 -3.35259699 -3.35265755 -3.35274923 -3.35285984 -3.35296469 -3.35304341 -3.35309031 -3.35307615 -3.35302079 -3.35291759 -3.35280501 -3.35269848 -3.35263207 -3.35262821 -3.35269541 -3.35281687 -3.35296815 -3.35313441 -3.35325852 -3.35333981 -3.35336891 -3.35336444 -3.35331722 -3.35324929
-3.35363458 -3.35355814 -3.35345938 -3.35336699 -3.35327905 -3.35318793 -3.35312791 -3.35310033 -3.35310414 -3.35314071 -3.35319968 -3.35326992 -3.35334736 -3.35339701 -3.35343983 -3.35342591 -3.35336816 -3.35328582 -3.35318912 -3.35310068 -3.35306291 -3.35308726 -3.35316974 -3.35330753 -3.35347174 -3.35362887 -3.35373747 -3.35379668 -3.35382631 -3.35380948 -3.35376267 -3.35370589
-3.35435102 -3.35428994 -3.35421747 -3.35413751 -3.35406965 -3.35398440 -3.35391570 -3.35387298 -3.35384200 -3.35384921 -3.35386481 -3.35390454 -3.35395110 -3.35397652 -3.35399366 -3.35397168 -3.35393037 -3.35387021 -3.35380064 -3.35373702 -3.35372643 -3.35378284 -3.35388327 -3.35403636 -3.35420089 -3.35435291 -3.35445422 -3.35449743 -3.35450490 -3.35449062 -3.35444985 -3.35440432
-3.35523258 -3.35519522 -3.35513544 -3.35505813 -3.35500205 -3.35491829 -3.35483184 -3.35476836 -3.35471593 -3.35468119 -3.35467189 -3.35467880 -3.35468697 -3.35468924 -3.35468212 -3.35466043 -3.35463840 -3.35459384 -3.35454697 -3.35451608 -3.35453936 -3.35462232 -3.35474392 -3.35491435 -3.35507323 -3.35521276 -3.35531214 -3.35535076 -3.35535433 -3.35533566 -3.35530129 -3.35526790
-3.35619752 -3.35616113 -3.35610253 -3.35604664 -3.35596140 -3.35587232 -3.35577395 -3.35568860 -3.35561086 -3.35555558 -3.35551012 -3.35548187 -3.35545632 -3.35543214 -3.35542425 -3.35541063 -3.35539418 -3.35536683 -3.35534923 -3.35536312 -3.35542163 -3.35552622 -3.35567638 -3.35583848 -3.35600303 -3.35614871 -3.35623471 -3.35628179 -3.35629318 -3.35626616 -3.35624354 -3.35622225
-3.35715861 -3.35712270 -3.35705860 -3.35697303 -3.35687434 -3.35675447 -3.35664038 -3.35653958 -3.35643923 -3.35636344 -3.35629107 -3.35623530 -3.35618897 -3.35615927 -3.35613806 -3.35612938 -3.35612165 -3.35611739 -3.35614812 -3.35619628 -3.35627912 -3.35641459 -3.35657346 -3.35674377 -3.35692048 -3.35706049 -3.35715930 -3.35719649 -3.35721029 -3.35720883 -3.35720056 -3.35717751
-3.35804666 -3.35799156 -3.35791050 -3.35779745 -3.35766823 -3.35751810 -3.35738367 -3.35725560 -3.35714035 -3.35704772 -3.35696144 -3.35688332 -3.35683014 -3.35680020 -3.35678363 -3.35677639 -3.35678881 -3.35681420 -3.35685952 -3.35694184 -3.35705611 -3.35721070 -3.35738306 -3.35756893 -3.35775039 -3.35789418 -3.35799571 -3.35805611 -3.35808695 -3.35809297 -3.35809138 -3.35807661
-3.35880608 -3.35873409 -3.35862006 -3.35847022 -3.35830365 -3.35813243 -3.35796256 -3.35781827 -3.35769449 -3.35759270 -3.35749009 -3.35742151 -3.35736821 -3.35733904 -3.35732999 -3.35733744 -3.35736060 -3.35741954 -3.35748397 -3.35758592 -3.35772532 -3.35788667 -3.35806794 -3.35825948 -3.35843774 -3.35859726 -3.35871680 -3.35879985 -3.35884806 -3.35886681 -3.35887230 -3.35884762
-3.35942230 -3.35931317 -3.35916101 -3.35898364 -3.35878353 -3.35858362 -3.35840894 -3.35824057 -3.35811542 -3.35801238 -3.35792277 -3.35786119 -3.35781513 -3.35780083 -3.35779168 -3.35780466 -3.35785033 -3.35791012 -3.35801486 -3.35812299 -3.35826579 -3.35843845 -3.35861853 -3.35881184 -3.35899126 -3.35916577 -3.35930164 -3.35939986 -3.35946906 -3.35950028 -3.35950608 -3.35947855
-3.35988175 -3.35974248 -3.35956201 -3.35935135 -3.35913336 -3.35891820 -3.35873250 -3.35856288 -3.35844051 -3.35835015 -3.35827840 -3.35822877 -3.35820680 -3.35818479 -3.35818707 -3.35821023 -3.35826354 -3.35832931 -3.35842640 -3.35853630 -3.35867746 -3.35885122 -3.35903184 -3.35921933 -3.35941313 -3.35958053 -3.35973548 -3.35984958 -3.35993780 -3.35997981 -3.35998658 -3.35995962
-3.36019177 -3.36004048 -3.35984039 -3.35961185 -3.35937810 -3.35916405 -3.35898916 -3.35883567 -3.35872840 -3.35864792 -3.35859086 -3.35856106 -3.35855190 -3.35853914 -3.35854723 -3.35856602 -3.35861454 -3.35867929 -3.35875319 -3.35885587 -3.35898414 -3.35913636 -3.35931240 -3.35949102 -3.35968345 -3.35986017 -3.36001830 -3.36014964 -3.36025517 -3.36030427 -3.36031732 -3.36028588
-3.36037012 -3.36021624 -3.36002821 -3.35980164 -3.35957453 -3.35937377 -3.35920059 -3.35907586 -3.35898244 -3.35893390 -3.35890611 -3.35888998 -3.35889633 -3.35889355 -3.35889585 -3.35891309 -3.35893709 -3.35897265 -3.35902321 -3.35909797 -3.35919336 -3.35931647 -3.35947258 -3.35963606 -3.35982537 -3.36001134 -3.36018009 -3.36032119 -3.36043044 -3.36049961 -3.36050458 -3.36046379
-3.36047484 -3.36033573 -3.36015575 -3.35995584 -3.35975505 -3.35957561 -3.35943642 -3.35932444 -3.35926105 -3.35923268 -3.35922733 -3.35923679 -3.35925728 -3.35925932 -3.35925471 -3.35924213 -3.35924156 -3.35924225 -3.35925368 -3.35928532 -3.35934514 -3.35943242 -3.35955540 -3.35970665 -3.35989120 -3.36006758 -3.36023752 -3.36037859 -3.36049326 -3.36057314 -3.36058728 -3.36055611
-3.36051823 -3.36041158 -3.36026567 -3.36010030 -3.35993902 -3.35978543 -3.35967725 -3.35959953 -3.35956163 -3.35956221 -3.35957883 -3.35960121 -3.35961694 -3.35962248 -3.35961219 -3.35957176 -3.35952342 -3.35948687 -3.35944817 -3.35943433 -3.35944858 -3.35949506 -3.35958600 -3.35971903 -3.35987303 -3.36003691 -3.36020610 -3.36035425 -3.36047857 -3.36055998 -3.36060100 -3.36059277
