32 32 0 1
-3.36065340 -3.36057107 -3.36045360 -3.36033161 -3.36021120 -3.36010504 -3.36002302 -3.35998156 -3.35997904 -3.36000218 -3.36004592 -3.36009541 -3.36011537 -3.36010888 -3.36006963 -3.35997811 -3.35985864 -3.35973684 -3.35962336 -3.35954593 -3.35951829 -3.35954628 -3.35962904 -3.35975626 -3.35991223 -3.36009383 -3.36026995 -3.36041767 -3.36054487 -3.36063628 -3.36069046 -3.36070058
-3.36068980 -3.36063858 -3.36057633 -3.36048325 -3.36039093 -3.36030539 -3.36023885 -3.36022499 -3.36022240 -3.36026613 -3.36031391 -3.36036816 -3.36040292 -3.36039048 -3.36033728 -3.36022356 -3.36007492 -3.35990935 -3.35974582 -3.35962943 -3.35956907 -3.35955235 -3.35960541 -3.35969576 -3.35983750 -3.35999109 -3.36015897 -3.36032142 -3.36045900 -3.36057725 -3.36065051 -3.36069343
-3.36070240 -3.36069980 -3.36066434 -3.36061652 -3.36055904 -3.36049084 -3.36044164 -3.36042353 -3.36043856 -3.36049139 -3.36054766 -3.36060282 -3.36063104 -3.36061287 -3.36054446 -3.36040725 -3.36023834 -3.36004706 -3.35986149 -3.35970794 -3.35960848 -3.35956012 -3.35956961 -3.35964038 -3.35973001 -3.35987594 -3.36002779 -3.36020134 -3.36035145 -3.36048856 -3.36058727 -3.36066215
-3.36067244 -3.36070528 -3.36070589 -3.36069945 -3.36066420 -3.36061586 -3.36058583 -3.36058550 -3.36059614 -3.36064281 -3.36070478 -3.36074715 -3.36076862 -3.36073736 -3.36065313 -3.36050997 -3.36033058 -3.36012182 -3.35991889 -3.35973881 -3.35961164 -3.35953233 -3.35950525 -3.35954180 -3.35961201 -3.35973150 -3.35987791 -3.36003546 -3.36020647 -3.36035295 -3.36048611 -3.36059671
-3.36057486 -3.36064171 -3.36067931 -3.36069335 -3.36068677 -3.36066743 -3.36064207 -3.36064915 -3.36066460 -3.36071065 -3.36075079 -3.36078526 -3.36079616 -3.36075547 -3.36066307 -3.36051808 -3.36033283 -3.36012034 -3.35991168 -3.35972096 -3.35956875 -3.35946616 -3.35940871 -3.35940851 -3.35945974 -3.35955005 -3.35967950 -3.35984253 -3.36001602 -3.36018216 -3.36033560 -3.36047197
-3.36039601 -3.36048890 -3.36055452 -3.36060290 -3.36061476 -3.36060609 -3.36059857 -3.36059434 -3.36060987 -3.36064382 -3.36067586 -3.36069564 -3.36069733 -3.36065808 -3.36055356 -3.36041212 -3.36022522 -3.36001874 -3.35981412 -3.35961758 -3.35945839 -3.35933868 -3.35926357 -3.35923614 -3.35926237 -3.35932423 -3.35944570 -3.35960168 -3.35977127 -3.35995262 -3.36013086 -3.36027830
-3.36010990 -3.36022657 -3.36031590 -3.36037547 -3.36039859 -3.36041485 -3.36042236 -3.36041301 -3.36042403 -3.36044716 -3.36046345 -3.36048160 -3.36046454 -3.36041965 -3.36031913 -3.36017872 -3.36000502 -3.35981273 -3.35961745 -3.35943249 -3.35926704 -3.35914346 -3.35905210 -3.35899315 -3.35898630 -3.35905114 -3.35915099 -3.35929502 -3.35946527 -3.35964363 -3.35981551 -3.35997135
-3.35968192 -3.35981236 -3.35993156 -3.36001318 -3.36004749 -3.36007775 -3.36008744 -3.36008376 -3.36008908 -3.36009491 -3.36010505 -3.36010808 -3.36007698 -3.36002719 -3.35993491 -3.35980253 -3.35964870 -3.35947275 -3.35929772 -3.35911760 -3.35896547 -3.35884034 -3.35872906 -3.35865524 -3.35864417 -3.35868339 -3.35876764 -3.35889229 -3.35905871 -3.35922131 -3.35938350 -3.35953466
-3.35912266 -3.35925607 -3.35938231 -3.35948075 -3.35954150 -3.35957691 -3.35958498 -3.35957807 -3.35957752 -3.35957536 -3.35957325 -3.35956416 -3.35953136 -3.35947763 -3.35938936 -3.35927239 -3.35913491 -3.35899037 -3.35882663 -3.35866745 -3.35852729 -3.35840515 -3.35829361 -3.35822307 -3.35818849 -3.35820925 -3.35828565 -3.35839916 -3.35854605 -3.35868148 -3.35883127 -3.35897689
-3.35843733 -3.35857190 -3.35869576 -3.35880003 -3.35886293 -3.35890198 -3.35890966 -3.35890782 -3.35889059 -3.35887164 -3.35886047 -3.35884927 -3.35881586 -3.35876826 -3.35869151 -3.35858794 -3.35847564 -3.35834826 -3.35822509 -3.35808608 -3.35795690 -3.35783682 -3.35773399 -3.35765874 -3.35762714 -3.35764789 -3.35770969 -3.35779890 -3.35790613 -3.35803432 -3.35816675 -3.35829851
-3.35762002 -3.35775089 -3.35787435 -3.35797650 -3.35803058 -3.35806224 -3.35806213 -3.35804026 -3.35802548 -3.35799661 -3.35797987 -3.35795726 -3.35793001 -3.35788895 -3.35783169 -3.35774795 -3.35766662 -3.35756836 -3.35747152 -3.35737024 -3.35725654 -3.35716213 -3.35707000 -3.35700728 -3.35697874 -3.35697843 -3.35702291 -3.35708852 -3.35717748 -3.35727325 -3.35738275 -3.35749619
-3.35670808 -3.35682484 -3.35694327 -3.35702197 -3.35707627 -3.35709008 -3.35706291 -3.35703319 -3.35699210 -3.35696380 -3.35694014 -3.35691841 -3.35690537 -3.35686911 -3.35682993 -3.35677652 -3.35671969 -3.35665989 -3.35659649 -3.35652780 -3.35645569 -3.35637922 -3.35631158 -3.35626015 -3.35622522 -3.35621827 -3.35623908 -3.35628738 -3.35634639 -3.35641956 -3.35650031 -3.35660191
-3.35572811 -3.35582375 -3.35592069 -3.35599077 -3.35601463 -3.35600956 -3.35597496 -3.35591545 -3.35586164 -3.35582445 -3.35579559 -3.35577321 -3.35576550 -3.35575452 -3.35573344 -3.35571486 -3.35569509 -3.35567708 -3.35564523 -3.35562046 -3.35558330 -3.35554493 -3.35549562 -3.35544582 -3.35542136 -3.35540567 -3.35541078 -3.35542483 -3.35545270 -3.35550464 -3.35556507 -3.35563938
-3.35472657 -3.35480826 -3.35487833 -3.35491933 -3.35492944 -3.35490751 -3.35484500 -3.35477530 -3.35471172 -3.35466942 -3.35464050 -3.35461790 -3.35460283 -3.35461808 -3.35462404 -3.35463231 -3.35465210 -3.35467164 -3.35468629 -3.35470244 -3.35470731 -3.35469507 -3.35466425 -3.35463505 -3.35461209 -3.35458635 -3.35456997 -3.35455809 -3.35456253 -3.35458406 -3.35460800 -3.35466177
-3.35377949 -3.35383940 -3.35389660 -3.35392321 -3.35390953 -3.35387031 -3.35380160 -3.35371664 -3.35363779 -3.35358384 -3.35355791 -3.35354960 -3.35356006 -3.35357821 -3.35360696 -3.35364137 -3.35368393 -3.35374735 -3.35380173 -3.35385153 -3.35388699 -3.35390559 -3.35390873 -3.35388566 -3.35386254 -3.35382991 -3.35379646 -3.35375909 -3.35372383 -3.35370734 -3.35371318 -3.35373487
-3.35296188 -3.35301053 -3.35305630 -3.35307549 -3.35305801 -3.35301836 -3.35294487 -3.35284780 -3.35276695 -3.35270950 -3.35267387 -3.35267918 -3.35270319 -3.35273887 -3.35278286 -3.35284076 -3.35290673 -3.35299555 -3.35308267 -3.35314974 -3.35321290 -3.35325441 -3.35327473 -3.35327409 -3.35324852 -3.35321063 -3.35315825 -3.35308348 -3.35301274 -3.35296097 -3.35292488 -3.35293363
-3.35237877 -3.35241995 -3.35246408 -3.35248550 -3.35246842 -3.35243195 -3.35236064 -3.35227302 -3.35219200 -3.35213474 -3.35211370 -3.35211171 -3.35213383 -3.35218403 -3.35223896 -3.35231162 -3.35239149 -3.35249859 -3.35259544 -3.35268045 -3.35275581 -3.35281514 -3.35285544 -3.35286850 -3.35284254 -3.35278994 -3.35271506 -3.35261894 -3.35252122 -3.35241957 -3.35237177 -3.35235819
-3.35208519 -3.35214128 -3.35219365 -3.35222871 -3.35222033 -3.35219530 -3.35213360 -3.35206190 -3.35199768 -3.35194225 -3.35191199 -3.35191739 -3.35195217 -3.35198976 -3.35205620 -3.35212264 -3.35220802 -3.35229919 -3.35240283 -3.35249863 -3.35258883 -3.35266001 -3.35269815 -3.35271981 -3.35269532 -3.35263659 -3.35254142 -3.35242239 -3.35228583 -3.35217361 -3.35209836 -3.35207188
-3.35214339 -3.35220468 -3.35226515 -3.35232060 -3.35234555 -3.35233419 -3.35229533 -3.35224202 -3.35218803 -3.35213127 -3.35209986 -3.35209668 -3.35212253 -3.35215939 -3.35222049 -3.35228336 -3.35236029 -3.35244600 -3.35253709 -3.35262919 -3.35271370 -3.35278807 -3.35284414 -3.35286528 -3.35283295 -3.35277181 -3.35265672 -3.35251807 -3.35236109 -3.35223961 -3.35215067 -3.35212110
-3.35253677 -3.35260918 -3.35268942 -3.35276189 -3.35281465 -3.35282669 -3.35280988 -3.35277109 -3.35272355 -3.35267420 -3.35264180 -3.35262967 -3.35264204 -3.35266278 -3.35272246 -3.35277109 -3.35282091 -3.35289405 -3.35296354 -3.35303742 -3.35311828 -3.35319500 -3.35325269 -3.35327823 -3.35326065 -3.35319231 -3.35306942 -3.35291115 -3.35275565 -3.35262453 -3.35253490 -3.35251013
-3.35322912 -3.35331817 -3.35341164 -3.35349757 -3.35357220 -3.35359774 -3.35359656 -3.35357022 -3.35352473 -3.35348417 -3.35344120 -3.35342566 -3.35342928 -3.35343442 -3.35346416 -3.35348324 -3.35352032 -3.35357684 -3.35362734 -3.35368050 -3.35375347 -3.35383412 -3.35389480 -3.35392780 -3.35391781 -3.35386101 -3.35373981 -3.35357591 -3.35341393 -3.35328925 -3.35321135 -3.35319375
-3.35414498 -3.35424760 -3.35434239 -3.35442924 -3.35451322 -3.35455007 -3.35454481 -3.35452596 -3.35448822 -3.35444221 -3.35440410 -3.35438364 -3.35436252 -3.35435149 -3.35435447 -3.35435578 -3.35437540 -3.35440397 -3.35443617 -3.35447553 -3.35454124 -3.35462314 -3.35469070 -3.35474093 -3.35473462 -3.35468416 -3.35458312 -3.35443341 -3.35428755 -3.35416960 -3.35409830 -3.35409642
-3.35519382 -3.35528169 -3.35537166 -3.35546406 -3.35552106 -3.35555597 -3.35555414 -3.35553091 -3.35549273 -3.35545738 -3.35540873 -3.35537028 -3.35533403 -3.35529761 -3.35528807 -3.35527564 -3.35527259 -3.35527356 -3.35529016 -3.35533685 -3.35540345 -3.35548800 -3.35556900 -3.35562456 -3.35563592 -3.35561500 -3.35552382 -3.35541067 -3.35528826 -3.35518147 -3.35513270 -3.35514127
-3.35627645 -3.35635152 -3.35642310 -3.35647681 -3.35651179 -3.35651460 -3.35650600 -3.35647851 -3.35643683 -3.35640356 -3.35634816 -3.35629235 -3.35624116 -3.35620064 -3.35616185 -3.35613722 -3.35611626 -3.35610905 -3.35613646 -3.35618453 -3.35625014 -3.35634264 -3.35643332 -3.35651051 -3.35655497 -3.35654958 -3.35649590 -3.35640086 -3.35630549 -3.35624211 -3.35621585 -3.35621865
-3.35730571 -3.35735115 -3.35738838 -3.35740380 -3.35740187 -3.35737198 -3.35734081 -3.35730046 -3.35724757 -3.35720458 -3.35714831 -3.35708163 -3.35702418 -3.35697726 -3.35692918 -3.35689093 -3.35687279 -3.35686510 -3.35688688 -3.35693727 -3.35702298 -3.35712806 -3.35723539 -3.35733954 -3.35741080 -3.35743222 -3.35741025 -3.35735990 -3.35730605 -3.35726374 -3.35725260 -3.35726879
-3.35821894 -3.35822306 -3.35821743 -3.35818484 -3.35813655 -3.35807719 -3.35800894 -3.35794459 -3.35789210 -3.35784300 -3.35777501 -3.35772079 -3.35766003 -3.35760431 -3.35755740 -3.35751968 -3.35749696 -3.35751294 -3.35752887 -3.35759178 -3.35768618 -3.35780088 -3.35793448 -3.35805319 -3.35814965 -3.35821237 -3.35823299 -3.35822702 -3.35820901 -3.35819125 -3.35819492 -3.35819919
-3.35898328 -3.35893919 -3.35887428 -3.35879998 -3.35870967 -3.35860773 -3.35852143 -3.35843718 -3.35837056 -3.35831673 -3.35826414 -3.35820917 -3.35815512 -3.35811049 -3.35805721 -3.35802148 -3.35801624 -3.35801605 -3.35806602 -3.35812853 -3.35822826 -3.35836119 -3.35849915 -3.35864580 -3.35876500 -3.35886801 -3.35893038 -3.35896125 -3.35898003 -3.35898098 -3.35898738 -3.35898434
-3.35956669 -3.35948753 -3.35938584 -3.35925876 -3.35912355 -3.35899534 -3.35889074 -3.35879216 -3.35872709 -3.35867956 -3.35862722 -3.35858865 -3.35855371 -3.35850689 -3.35846186 -3.35843532 -3.35842794 -3.35843300 -3.35847270 -3.35854728 -3.35865329 -3.35879730 -3.35894540 -3.35910201 -3.35925813 -3.35938176 -3.35948342 -3.35954914 -3.35959249 -3.35961273 -3.35961973 -3.35960578
-3.35999388 -3.35989021 -3.35974737 -3.35958400 -3.35941827 -3.35927394 -3.35916369 -3.35906589 -3.35900398 -3.35895821 -3.35892369 -3.35889833 -3.35887886 -3.35884115 -3.35881347 -3.35877706 -3.35877030 -3.35877856 -3.35880287 -3.35886493 -3.35896704 -3.35910316 -3.35926840 -3.35943347 -3.35960240 -3.35974973 -3.35987501 -3.35997455 -3.36004621 -3.36008122 -3.36008419 -3.36006156
-3.36028370 -3.36015701 -3.36000302 -3.35982527 -3.35964706 -3.35949506 -3.35937307 -3.35928822 -3.35923288 -3.35920780 -3.35919808 -3.35918461 -3.35918311 -3.35915980 -3.35912391 -3.35909777 -3.35906954 -3.35905732 -3.35906061 -3.35910793 -3.35918671 -3.35930523 -3.35946330 -3.35962802 -3.35981664 -3.35998725 -3.36013453 -3.36025736 -3.36034804 -3.36040078 -3.36040010 -3.36036480
-3.36047331 -3.36034604 -3.36018702 -3.36001227 -3.35984058 -3.35969121 -3.35958214 -3.35949972 -3.35946168 -3.35945120 -3.35946067 -3.35947426 -3.35949359 -3.35948271 -3.35945124 -3.35940127 -3.35935520 -3.35930900 -3.35928309 -3.35929354 -3.35934477 -3.35943790 -3.35957624 -3.35974325 -3.35994031 -3.36011981 -3.36028601 -3.36041486 -3.36051434 -3.36058073 -3.36058677 -3.36055208
-3.36058128 -3.36047201 -3.36032894 -3.36017434 -3.36002794 -3.35989128 -3.35979549 -3.35972969 -3.35970682 -3.35972109 -3.35974959 -3.35978274 -3.35980139 -3.35980157 -3.35977295 -3.35970494 -3.35961568 -3.35954151 -3.35947160 -3.35943733 -3.35945519 -3.35951367 -3.35962634 -3.35978588 -3.35996077 -3.36013823 -3.36031259 -3.36046039 -3.36057496 -3.36064882 -3.36067898 -3.36065936
