32 32 0 1
-3.36035454 -3.36033527 -3.36027568 -3.36020669 -3.36013195 -3.36006291 -3.36001021 -3.35999150 -3.36000286 -3.36003332 -3.36007748 -3.36012618 -3.36014569 -3.36014205 -3.36010606 -3.36000811 -3.35987088 -3.35970651 -3.35952902 -3.35936234 -3.35922722 -3.35914028 -3.35911098 -3.35914874 -3.35924862 -3.35940826 -3.35959506 -3.35978115 -3.35996747 -3.36013017 -3.36025309 -3.36033303
-3.36035155 -3.36037275 -3.36037597 -3.36034772 -3.36031165 -3.36027234 -3.36024528 -3.36025592 -3.36027405 -3.36032938 -3.36038121 -3.36043761 -3.36047186 -3.36045472 -3.36039422 -3.36026896 -3.36009317 -3.35987737 -3.35964068 -3.35942188 -3.35924620 -3.35910519 -3.35904104 -3.35903614 -3.35911491 -3.35924721 -3.35942503 -3.35962251 -3.35982332 -3.36000953 -3.36015646 -3.36027798
-3.36031908 -3.36039728 -3.36043966 -3.36046432 -3.36047140 -3.36045738 -3.36045500 -3.36046810 -3.36050661 -3.36057554 -3.36063838 -3.36069529 -3.36072431 -3.36070163 -3.36062336 -3.36046729 -3.36026574 -3.36001433 -3.35973947 -3.35947399 -3.35924424 -3.35906983 -3.35895815 -3.35893077 -3.35895836 -3.35907844 -3.35923681 -3.35944512 -3.35965574 -3.35986344 -3.36003982 -3.36019906
-3.36025332 -3.36036973 -3.36045744 -3.36052577 -3.36056294 -3.36057667 -3.36059805 -3.36063419 -3.36066834 -3.36073591 -3.36081011 -3.36086155 -3.36088791 -3.36085160 -3.36075489 -3.36058825 -3.36036409 -3.36008433 -3.35978918 -3.35948808 -3.35922343 -3.35901263 -3.35886673 -3.35880668 -3.35881157 -3.35890432 -3.35905758 -3.35924809 -3.35947518 -3.35969118 -3.35989967 -3.36009265
-3.36011970 -3.36027267 -3.36039215 -3.36048783 -3.36055941 -3.36060864 -3.36063920 -3.36068542 -3.36073470 -3.36080635 -3.36086304 -3.36091425 -3.36093926 -3.36089556 -3.36078765 -3.36061208 -3.36037019 -3.36007925 -3.35976417 -3.35944936 -3.35916366 -3.35892768 -3.35875447 -3.35866246 -3.35864910 -3.35870909 -3.35884399 -3.35903232 -3.35925781 -3.35948658 -3.35971494 -3.35993594
-3.35991689 -3.36009536 -3.36024383 -3.36037432 -3.36046717 -3.36052260 -3.36057297 -3.36062025 -3.36067672 -3.36073924 -3.36080173 -3.36084339 -3.36086164 -3.36082727 -3.36070701 -3.36053407 -3.36028179 -3.35998569 -3.35966416 -3.35933880 -3.35904216 -3.35879605 -3.35860516 -3.35848277 -3.35844857 -3.35848537 -3.35860663 -3.35878662 -3.35900360 -3.35924430 -3.35948654 -3.35971417
-3.35962107 -3.35981839 -3.35999327 -3.36013495 -3.36023865 -3.36031743 -3.36039218 -3.36043938 -3.36050186 -3.36056743 -3.36061762 -3.36066290 -3.36066987 -3.36063897 -3.36052643 -3.36034246 -3.36009659 -3.35979858 -3.35948102 -3.35915627 -3.35885180 -3.35860097 -3.35839609 -3.35825555 -3.35819763 -3.35823012 -3.35833312 -3.35850030 -3.35870505 -3.35893873 -3.35917557 -3.35940154
-3.35920322 -3.35941004 -3.35960794 -3.35976707 -3.35988374 -3.35998786 -3.36006710 -3.36013741 -3.36020081 -3.36025923 -3.36031511 -3.36036022 -3.36035967 -3.36032477 -3.36022045 -3.36003894 -3.35979666 -3.35951084 -3.35919502 -3.35886719 -3.35857370 -3.35831019 -3.35809957 -3.35795258 -3.35789279 -3.35790979 -3.35799441 -3.35813569 -3.35834202 -3.35855497 -3.35876972 -3.35897840
-3.35867792 -3.35888808 -3.35908583 -3.35925420 -3.35939679 -3.35951777 -3.35961410 -3.35968937 -3.35976072 -3.35982632 -3.35988964 -3.35993236 -3.35994004 -3.35989449 -3.35978625 -3.35961407 -3.35938157 -3.35910647 -3.35879083 -3.35847170 -3.35818197 -3.35792860 -3.35771652 -3.35757754 -3.35750206 -3.35750432 -3.35758023 -3.35771451 -3.35788548 -3.35806627 -3.35826982 -3.35846910
-3.35806026 -3.35825580 -3.35845171 -3.35862532 -3.35877112 -3.35891105 -3.35902177 -3.35910496 -3.35918636 -3.35925838 -3.35931892 -3.35937171 -3.35938697 -3.35934879 -3.35924563 -3.35906997 -3.35884605 -3.35857648 -3.35828036 -3.35797532 -3.35768008 -3.35742898 -3.35722296 -3.35708972 -3.35701936 -3.35702291 -3.35709067 -3.35719753 -3.35733876 -3.35749986 -3.35767493 -3.35786601
-3.35733112 -3.35751477 -3.35770272 -3.35787772 -3.35801821 -3.35815799 -3.35826715 -3.35836809 -3.35846406 -3.35854633 -3.35862357 -3.35867375 -3.35869630 -3.35866042 -3.35857298 -3.35840433 -3.35819323 -3.35793156 -3.35765123 -3.35735722 -3.35707597 -3.35683910 -3.35664437 -3.35651369 -3.35645649 -3.35644858 -3.35650704 -3.35659317 -3.35671270 -3.35684917 -3.35699482 -3.35715608
-3.35652764 -3.35668778 -3.35685811 -3.35701639 -3.35715799 -3.35728760 -3.35739161 -3.35750304 -3.35760174 -3.35769641 -3.35778643 -3.35785266 -3.35788546 -3.35785757 -3.35777772 -3.35761966 -3.35742041 -3.35718128 -3.35691569 -3.35663553 -3.35638272 -3.35615594 -3.35597990 -3.35586027 -3.35580557 -3.35579769 -3.35583674 -3.35591520 -3.35601021 -3.35612110 -3.35623804 -3.35637424
-3.35566882 -3.35580081 -3.35594400 -3.35608854 -3.35621198 -3.35632315 -3.35643452 -3.35654124 -3.35664503 -3.35675446 -3.35684978 -3.35692484 -3.35696683 -3.35695873 -3.35688331 -3.35675635 -3.35657848 -3.35635879 -3.35610853 -3.35586005 -3.35562741 -3.35542772 -3.35526299 -3.35515283 -3.35510968 -3.35509754 -3.35513319 -3.35518484 -3.35525479 -3.35534699 -3.35544175 -3.35554579
-3.35480586 -3.35491085 -3.35502109 -3.35512913 -3.35524724 -3.35535142 -3.35544262 -3.35554925 -3.35566867 -3.35578729 -3.35589030 -3.35596734 -3.35600402 -3.35600888 -3.35595317 -3.35584859 -3.35569827 -3.35550367 -3.35528471 -3.35506382 -3.35485951 -3.35468162 -3.35453769 -3.35444512 -3.35441075 -3.35440095 -3.35442161 -3.35446029 -3.35451785 -3.35457677 -3.35464026 -3.35472278
-3.35401740 -3.35408289 -3.35417226 -3.35426237 -3.35434994 -3.35444325 -3.35453730 -3.35463775 -3.35475245 -3.35486793 -3.35497951 -3.35506277 -3.35511447 -3.35511868 -3.35508300 -3.35499700 -3.35486279 -3.35470834 -3.35451809 -3.35433352 -3.35415135 -3.35400299 -3.35388476 -3.35380493 -3.35376825 -3.35376569 -3.35378400 -3.35380712 -3.35383549 -3.35386637 -3.35391085 -3.35396031
-3.35336169 -3.35340888 -3.35347437 -3.35355154 -3.35362826 -3.35371800 -3.35381444 -3.35390563 -3.35401860 -3.35412520 -3.35422613 -3.35431582 -3.35436733 -3.35437707 -3.35435266 -3.35428345 -3.35417478 -3.35404826 -3.35389219 -3.35372592 -3.35357168 -3.35344410 -3.35335180 -3.35329487 -3.35326954 -3.35327344 -3.35328874 -3.35328439 -3.35328922 -3.35329434 -3.35329777 -3.35332955
-3.35293936 -3.35296824 -3.35302586 -3.35310110 -3.35317534 -3.35326110 -3.35335264 -3.35345044 -3.35355364 -3.35364836 -3.35374681 -3.35381161 -3.35384549 -3.35386050 -3.35383742 -3.35378576 -3.35369646 -3.35359648 -3.35346303 -3.35332939 -3.35319552 -3.35309442 -3.35303169 -3.35299293 -3.35298166 -3.35297987 -3.35298411 -3.35297060 -3.35295836 -3.35292286 -3.35291293 -3.35291715
-3.35279367 -3.35283440 -3.35289174 -3.35297157 -3.35304736 -3.35313263 -3.35322727 -3.35332319 -3.35342020 -3.35349990 -3.35356629 -3.35361457 -3.35364300 -3.35363459 -3.35361846 -3.35356662 -3.35349781 -3.35339408 -3.35329305 -3.35318592 -3.35308447 -3.35301206 -3.35296021 -3.35294353 -3.35294545 -3.35294854 -3.35294124 -3.35291324 -3.35287040 -3.35283051 -3.35279887 -3.35278151
-3.35297277 -3.35301613 -3.35307200 -3.35316388 -3.35326089 -3.35335215 -3.35345223 -3.35354346 -3.35362283 -3.35367643 -3.35371152 -3.35372834 -3.35372855 -3.35371002 -3.35368401 -3.35363679 -3.35358071 -3.35349738 -3.35341168 -3.35332135 -3.35324465 -3.35319674 -3.35317512 -3.35317214 -3.35318171 -3.35319155 -3.35316710 -3.35312646 -3.35307199 -3.35302423 -3.35297532 -3.35295763
-3.35344585 -3.35349341 -3.35356498 -3.35366863 -3.35377833 -3.35387727 -3.35397418 -3.35405348 -3.35410901 -3.35414471 -3.35414692 -3.35412926 -3.35410040 -3.35405648 -3.35403418 -3.35398536 -3.35392306 -3.35385658 -3.35378175 -3.35370282 -3.35365086 -3.35362754 -3.35362803 -3.35364680 -3.35367452 -3.35368597 -3.35365818 -3.35360365 -3.35355152 -3.35349573 -3.35344137 -3.35342942
-3.35415942 -3.35422399 -3.35430355 -3.35440376 -3.35452169 -3.35461765 -3.35470390 -3.35477022 -3.35479583 -3.35480878 -3.35476991 -3.35473407 -3.35468680 -3.35462490 -3.35457607 -3.35451866 -3.35446513 -3.35441235 -3.35435094 -3.35428950 -3.35425787 -3.35426141 -3.35428313 -3.35432288 -3.35436341 -3.35438454 -3.35436450 -3.35430671 -3.35424064 -3.35418848 -3.35414310 -3.35413630
-3.35503650 -3.35510759 -3.35518745 -3.35527559 -3.35538683 -3.35547125 -3.35553517 -3.35558191 -3.35558342 -3.35555975 -3.35551088 -3.35545256 -3.35537912 -3.35530729 -3.35524381 -3.35518317 -3.35513977 -3.35509139 -3.35504111 -3.35499384 -3.35498644 -3.35501206 -3.35505940 -3.35512378 -3.35516558 -3.35519310 -3.35518676 -3.35514569 -3.35508876 -3.35503778 -3.35500334 -3.35500295
-3.35598502 -3.35604636 -3.35611390 -3.35619782 -3.35626492 -3.35633451 -3.35637060 -3.35638970 -3.35637805 -3.35633233 -3.35626612 -3.35618560 -3.35609290 -3.35600944 -3.35594897 -3.35589343 -3.35584988 -3.35580897 -3.35576980 -3.35575231 -3.35576704 -3.35580956 -3.35588143 -3.35595539 -3.35601283 -3.35606157 -3.35606511 -3.35604946 -3.35600877 -3.35596018 -3.35593910 -3.35594672
-3.35692289 -3.35697101 -3.35701332 -3.35705503 -3.35708767 -3.35710849 -3.35712285 -3.35711771 -3.35708330 -3.35702952 -3.35694896 -3.35685836 -3.35675681 -3.35667877 -3.35661337 -3.35656334 -3.35652190 -3.35649633 -3.35648115 -3.35649019 -3.35652029 -3.35658609 -3.35666513 -3.35675488 -3.35683902 -3.35689770 -3.35692877 -3.35691477 -3.35689992 -3.35688548 -3.35687996 -3.35688743
-3.35778559 -3.35779790 -3.35781150 -3.35780282 -3.35779600 -3.35777665 -3.35775470 -3.35771609 -3.35766317 -3.35759925 -3.35751539 -3.35742069 -3.35733183 -3.35726030 -3.35720305 -3.35715823 -3.35712851 -3.35711909 -3.35712290 -3.35714333 -3.35719695 -3.35727481 -3.35736766 -3.35747502 -3.35758182 -3.35765372 -3.35770319 -3.35772371 -3.35773801 -3.35773987 -3.35775130 -3.35776729
-3.35852126 -3.35850777 -3.35847247 -3.35841566 -3.35836041 -3.35829847 -3.35823244 -3.35816621 -3.35810640 -3.35804047 -3.35795072 -3.35787309 -3.35779871 -3.35773715 -3.35768745 -3.35766078 -3.35763964 -3.35765976 -3.35767057 -3.35770577 -3.35776877 -3.35785255 -3.35795712 -3.35807390 -3.35819312 -3.35829807 -3.35836803 -3.35842441 -3.35846645 -3.35848981 -3.35851254 -3.35852389
-3.35912761 -3.35907412 -3.35898249 -3.35888994 -3.35878762 -3.35868207 -3.35859454 -3.35850893 -3.35843912 -3.35837451 -3.35829714 -3.35822989 -3.35817686 -3.35813530 -3.35809234 -3.35807582 -3.35808116 -3.35808557 -3.35812732 -3.35816739 -3.35823201 -3.35832129 -3.35842711 -3.35855577 -3.35867680 -3.35880705 -3.35891173 -3.35899798 -3.35906311 -3.35910457 -3.35913328 -3.35913932
-3.35959171 -3.35950334 -3.35938751 -3.35924780 -3.35910754 -3.35897513 -3.35886994 -3.35877231 -3.35870115 -3.35863791 -3.35858595 -3.35854136 -3.35850803 -3.35847810 -3.35845343 -3.35844179 -3.35845102 -3.35846116 -3.35848777 -3.35852484 -3.35858755 -3.35867961 -3.35878285 -3.35890369 -3.35904617 -3.35918252 -3.35931910 -3.35942871 -3.35951856 -3.35958339 -3.35961917 -3.35962415
-3.35991380 -3.35981447 -3.35967438 -3.35951487 -3.35934643 -3.35920302 -3.35909514 -3.35899990 -3.35893426 -3.35888417 -3.35884570 -3.35882403 -3.35881218 -3.35878929 -3.35878142 -3.35876861 -3.35877412 -3.35877981 -3.35877948 -3.35880570 -3.35884931 -3.35892304 -3.35902198 -3.35913639 -3.35928588 -3.35943552 -3.35958524 -3.35972218 -3.35984656 -3.35992263 -3.35996289 -3.35996811
-3.36011964 -3.36001373 -3.35988094 -3.35971567 -3.35955145 -3.35941324 -3.35929859 -3.35921585 -3.35916231 -3.35913534 -3.35912262 -3.35911350 -3.35911948 -3.35911106 -3.35909369 -3.35908502 -3.35906288 -3.35904139 -3.35901800 -3.35900708 -3.35901923 -3.35905528 -3.35913885 -3.35924410 -3.35940294 -3.35956617 -3.35973649 -3.35989375 -3.36002724 -3.36013159 -3.36017555 -3.36017299
-3.36025722 -3.36016645 -3.36003497 -3.35988905 -3.35974439 -3.35961847 -3.35952409 -3.35944979 -3.35941753 -3.35940980 -3.35941942 -3.35943329 -3.35945844 -3.35945502 -3.35943333 -3.35939322 -3.35934790 -3.35928421 -3.35922217 -3.35916347 -3.35913441 -3.35913138 -3.35918144 -3.35927407 -3.35942752 -3.35959336 -3.35977686 -3.35994703 -3.36009992 -3.36021959 -3.36028122 -3.36029364
-3.36032127 -3.36026538 -3.36016894 -3.36005221 -3.35994179 -3.35983019 -3.35975820 -3.35971497 -3.35969951 -3.35971576 -3.35974450 -3.35977717 -3.35979725 -3.35980302 -3.35977979 -3.35971152 -3.35961561 -3.35950976 -3.35938956 -3.35927964 -3.35920414 -3.35915640 -3.35916535 -3.35924661 -3.35936966 -3.35952799 -3.35971414 -3.35990072 -3.36007318 -3.36020797 -3.36030067 -3.36034516
