32 32 0 1
-3.36038501 -3.36033630 -3.36026257 -3.36018449 -3.36010473 -3.36003692 -3.35998872 -3.35997484 -3.35999382 -3.36003704 -3.36009188 -3.36014446 -3.36016701 -3.36016542 -3.36013058 -3.36004172 -3.35992319 -3.35979108 -3.35965827 -3.35954653 -3.35947286 -3.35944946 -3.35947643 -3.35955419 -3.35967503 -3.35982966 -3.35998623 -3.36012376 -3.36024283 -3.36033031 -3.36038450 -3.36040607
-3.36038927 -3.36038286 -3.36037114 -3.36033049 -3.36028534 -3.36024039 -3.36021039 -3.36022824 -3.36025627 -3.36032098 -3.36038615 -3.36045175 -3.36049185 -3.36048162 -3.36042600 -3.36030615 -3.36014763 -3.35995980 -3.35976697 -3.35960367 -3.35949086 -3.35941207 -3.35940509 -3.35944076 -3.35954002 -3.35966606 -3.35981294 -3.35995965 -3.36009347 -3.36021101 -3.36029559 -3.36036124
-3.36038205 -3.36043358 -3.36045825 -3.36046670 -3.36046195 -3.36043762 -3.36042728 -3.36044090 -3.36048835 -3.36056353 -3.36063969 -3.36070868 -3.36074278 -3.36072648 -3.36065120 -3.36050209 -3.36031332 -3.36009219 -3.35986248 -3.35965259 -3.35948718 -3.35937619 -3.35932148 -3.35933391 -3.35938102 -3.35949496 -3.35962597 -3.35978549 -3.35993361 -3.36008069 -3.36019784 -3.36030296
-3.36035067 -3.36044050 -3.36050781 -3.36056016 -3.36057958 -3.36057699 -3.36058831 -3.36062191 -3.36066003 -3.36073194 -3.36081699 -3.36087655 -3.36090609 -3.36087122 -3.36077683 -3.36061118 -3.36040294 -3.36015157 -3.35989929 -3.35965511 -3.35945693 -3.35930751 -3.35921748 -3.35920013 -3.35922656 -3.35931444 -3.35944449 -3.35959136 -3.35976196 -3.35992217 -3.36007560 -3.36022473
-3.36025461 -3.36038558 -3.36048635 -3.36056294 -3.36061547 -3.36064687 -3.36066252 -3.36070375 -3.36074911 -3.36082057 -3.36088314 -3.36093485 -3.36095670 -3.36090500 -3.36079777 -3.36062390 -3.36039366 -3.36013176 -3.35986372 -3.35960825 -3.35937986 -3.35920774 -3.35909101 -3.35904109 -3.35904998 -3.35911238 -3.35922341 -3.35937528 -3.35955226 -3.35973484 -3.35991687 -3.36009859
-3.36008352 -3.36023919 -3.36037173 -3.36048481 -3.36056001 -3.36060150 -3.36063867 -3.36067139 -3.36071887 -3.36078152 -3.36083423 -3.36086966 -3.36088236 -3.36083567 -3.36070733 -3.36053653 -3.36029522 -3.36002939 -3.35975339 -3.35948258 -3.35924875 -3.35906550 -3.35892874 -3.35884764 -3.35883554 -3.35887324 -3.35897415 -3.35912340 -3.35930046 -3.35950230 -3.35970865 -3.35990790
-3.35980993 -3.35998934 -3.36014455 -3.36027236 -3.36036094 -3.36042854 -3.36048369 -3.36051744 -3.36056423 -3.36061842 -3.36066732 -3.36070122 -3.36069512 -3.36064149 -3.36051564 -3.36033325 -3.36009852 -3.35982955 -3.35955794 -3.35929313 -3.35904521 -3.35885227 -3.35869659 -3.35859361 -3.35855676 -3.35859227 -3.35868003 -3.35882404 -3.35900549 -3.35920871 -3.35940666 -3.35960832
-3.35939840 -3.35959030 -3.35977786 -3.35992549 -3.36002540 -3.36011546 -3.36017450 -3.36022866 -3.36027113 -3.36031769 -3.36035688 -3.36038761 -3.36036855 -3.36031257 -3.36019843 -3.36001541 -3.35978860 -3.35952997 -3.35926725 -3.35899349 -3.35874972 -3.35854039 -3.35837218 -3.35825348 -3.35820931 -3.35823103 -3.35831347 -3.35844164 -3.35862138 -3.35880892 -3.35900234 -3.35919414
-3.35885452 -3.35905427 -3.35924905 -3.35940791 -3.35953298 -3.35963609 -3.35971431 -3.35976779 -3.35981908 -3.35986408 -3.35990738 -3.35992553 -3.35991523 -3.35985277 -3.35973646 -3.35957190 -3.35935814 -3.35911914 -3.35884928 -3.35857915 -3.35833876 -3.35812663 -3.35794376 -3.35782667 -3.35776374 -3.35777706 -3.35785538 -3.35797449 -3.35813408 -3.35829810 -3.35847811 -3.35866165
-3.35819922 -3.35838530 -3.35857281 -3.35873947 -3.35887193 -3.35898785 -3.35907640 -3.35914625 -3.35920057 -3.35924742 -3.35929087 -3.35931814 -3.35930470 -3.35926188 -3.35915910 -3.35900033 -3.35880551 -3.35857222 -3.35832253 -3.35806128 -3.35781500 -3.35759417 -3.35740985 -3.35728411 -3.35722458 -3.35723873 -3.35730386 -3.35741185 -3.35754143 -3.35768883 -3.35784521 -3.35801720
-3.35741633 -3.35758606 -3.35776102 -3.35792619 -3.35805788 -3.35817427 -3.35825834 -3.35833000 -3.35840547 -3.35845606 -3.35850844 -3.35853784 -3.35854263 -3.35851009 -3.35843027 -3.35828893 -3.35811408 -3.35789950 -3.35766386 -3.35741450 -3.35716625 -3.35696075 -3.35678034 -3.35665654 -3.35660596 -3.35659756 -3.35665239 -3.35674199 -3.35685563 -3.35697963 -3.35711183 -3.35725466
-3.35653861 -3.35668319 -3.35683712 -3.35698321 -3.35710872 -3.35721386 -3.35728921 -3.35736589 -3.35743519 -3.35749990 -3.35755482 -3.35760471 -3.35763082 -3.35761366 -3.35755784 -3.35743533 -3.35728969 -3.35709362 -3.35688137 -3.35664508 -3.35641979 -3.35621405 -3.35605545 -3.35594484 -3.35588280 -3.35588157 -3.35592427 -3.35599657 -3.35608620 -3.35618229 -3.35628525 -3.35640690
-3.35560455 -3.35571068 -3.35583347 -3.35595430 -3.35605538 -3.35613821 -3.35621509 -3.35627769 -3.35634377 -3.35641523 -3.35648093 -3.35654086 -3.35658734 -3.35659969 -3.35656608 -3.35649135 -3.35636563 -3.35620498 -3.35600516 -3.35580073 -3.35559940 -3.35542019 -3.35526793 -3.35516388 -3.35512407 -3.35511650 -3.35515262 -3.35519942 -3.35526401 -3.35534089 -3.35541797 -3.35550399
-3.35465953 -3.35473500 -3.35481498 -3.35489025 -3.35497454 -3.35504179 -3.35508911 -3.35514465 -3.35521508 -3.35528756 -3.35536748 -3.35543493 -3.35548933 -3.35553182 -3.35552730 -3.35548198 -3.35539733 -3.35526453 -3.35510248 -3.35492978 -3.35475807 -3.35460172 -3.35447310 -3.35439255 -3.35436347 -3.35435662 -3.35438054 -3.35441572 -3.35446047 -3.35450949 -3.35455163 -3.35460373
-3.35380158 -3.35382965 -3.35387807 -3.35391805 -3.35396096 -3.35400571 -3.35404018 -3.35408381 -3.35413713 -3.35420749 -3.35429823 -3.35438620 -3.35446767 -3.35452027 -3.35454308 -3.35452642 -3.35446794 -3.35437953 -3.35425398 -3.35411597 -3.35396791 -3.35385029 -3.35375025 -3.35368847 -3.35366656 -3.35366970 -3.35369497 -3.35371404 -3.35372632 -3.35374644 -3.35376426 -3.35377670
-3.35309142 -3.35309045 -3.35310585 -3.35311675 -3.35313364 -3.35315970 -3.35318194 -3.35320593 -3.35325555 -3.35332112 -3.35340412 -3.35350358 -3.35359969 -3.35367218 -3.35371492 -3.35372675 -3.35369355 -3.35363735 -3.35354622 -3.35343209 -3.35332102 -3.35322917 -3.35315979 -3.35313132 -3.35312207 -3.35313775 -3.35315865 -3.35315253 -3.35314600 -3.35313022 -3.35310979 -3.35309961
-3.35264022 -3.35260930 -3.35260184 -3.35259619 -3.35259038 -3.35260058 -3.35260958 -3.35263147 -3.35266675 -3.35272391 -3.35281331 -3.35290455 -3.35299066 -3.35308026 -3.35313732 -3.35316920 -3.35315705 -3.35312588 -3.35305291 -3.35297170 -3.35288822 -3.35282796 -3.35279808 -3.35279150 -3.35280381 -3.35282027 -3.35283636 -3.35282462 -3.35280150 -3.35274354 -3.35270602 -3.35267007
-3.35249051 -3.35246091 -3.35244151 -3.35242356 -3.35240562 -3.35240390 -3.35240616 -3.35242117 -3.35245555 -3.35250169 -3.35256750 -3.35265351 -3.35274523 -3.35282263 -3.35289102 -3.35292274 -3.35293582 -3.35290120 -3.35285413 -3.35279942 -3.35275166 -3.35271853 -3.35270890 -3.35272856 -3.35275678 -3.35278484 -3.35279348 -3.35277100 -3.35272198 -3.35265938 -3.35259574 -3.35253779
-3.35269562 -3.35265383 -3.35262504 -3.35260968 -3.35260195 -3.35259774 -3.35259943 -3.35260798 -3.35262739 -3.35265377 -3.35270224 -3.35276705 -3.35284339 -3.35291523 -3.35297646 -3.35301402 -3.35303132 -3.35301245 -3.35297828 -3.35294084 -3.35291382 -3.35290706 -3.35293264 -3.35296749 -3.35301097 -3.35304245 -3.35304008 -3.35301028 -3.35294809 -3.35288151 -3.35280362 -3.35274122
-3.35321237 -3.35317430 -3.35314882 -3.35313888 -3.35314285 -3.35314134 -3.35314051 -3.35313815 -3.35314120 -3.35315598 -3.35318105 -3.35321664 -3.35327425 -3.35332617 -3.35338571 -3.35341879 -3.35342597 -3.35341917 -3.35338994 -3.35336157 -3.35335850 -3.35337809 -3.35342069 -3.35348002 -3.35354257 -3.35358040 -3.35357428 -3.35352939 -3.35347136 -3.35339839 -3.35331531 -3.35325916
-3.35398126 -3.35395723 -3.35394324 -3.35393778 -3.35394552 -3.35394436 -3.35393431 -3.35392700 -3.35390771 -3.35390743 -3.35390028 -3.35391890 -3.35395741 -3.35398666 -3.35402235 -3.35403982 -3.35404521 -3.35404918 -3.35403196 -3.35401502 -3.35402957 -3.35407603 -3.35413940 -3.35422019 -3.35429547 -3.35433903 -3.35433804 -3.35429056 -3.35421639 -3.35415197 -3.35407563 -3.35402493
-3.35492528 -3.35491399 -3.35490340 -3.35489229 -3.35490107 -3.35489520 -3.35487451 -3.35485411 -3.35482165 -3.35479284 -3.35477263 -3.35476806 -3.35477319 -3.35478422 -3.35479642 -3.35480006 -3.35480837 -3.35481258 -3.35480312 -3.35480294 -3.35483904 -3.35490714 -3.35499321 -3.35510199 -3.35517827 -3.35522640 -3.35523439 -3.35519749 -3.35513615 -3.35506478 -3.35499773 -3.35495706
-3.35594261 -3.35592514 -3.35590852 -3.35591292 -3.35589284 -3.35587563 -3.35584552 -3.35580969 -3.35576245 -3.35571996 -3.35567533 -3.35564097 -3.35561335 -3.35560034 -3.35560620 -3.35560792 -3.35561591 -3.35561546 -3.35562160 -3.35564615 -3.35570603 -3.35579709 -3.35590853 -3.35602251 -3.35611602 -3.35618244 -3.35619588 -3.35617656 -3.35612628 -3.35605328 -3.35599892 -3.35596691
-3.35693756 -3.35692601 -3.35689944 -3.35686820 -3.35683613 -3.35678549 -3.35673897 -3.35669067 -3.35662480 -3.35656550 -3.35650562 -3.35644443 -3.35639729 -3.35637533 -3.35636328 -3.35636578 -3.35636709 -3.35637434 -3.35641171 -3.35646109 -3.35654050 -3.35665606 -3.35677869 -3.35690860 -3.35702439 -3.35710415 -3.35713582 -3.35711720 -3.35707985 -3.35703939 -3.35700189 -3.35695849
-3.35785518 -3.35781649 -3.35777256 -3.35771387 -3.35765464 -3.35757958 -3.35750650 -3.35743424 -3.35735374 -3.35727975 -3.35720308 -3.35712785 -3.35707211 -3.35704111 -3.35702479 -3.35701825 -3.35703497 -3.35705979 -3.35710379 -3.35717809 -3.35728255 -3.35741785 -3.35756151 -3.35770830 -3.35784211 -3.35793415 -3.35798228 -3.35798778 -3.35797657 -3.35794948 -3.35791870 -3.35788369
-3.35862601 -3.35856705 -3.35849902 -3.35840703 -3.35831150 -3.35821075 -3.35810984 -3.35801044 -3.35792401 -3.35784154 -3.35774481 -3.35767645 -3.35761603 -3.35757874 -3.35756549 -3.35756765 -3.35758337 -3.35764087 -3.35769201 -3.35778317 -3.35790790 -3.35804857 -3.35821086 -3.35837258 -3.35851451 -3.35863321 -3.35870392 -3.35874120 -3.35875168 -3.35873399 -3.35871114 -3.35867412
-3.35925001 -3.35916466 -3.35904768 -3.35893301 -3.35880948 -3.35867483 -3.35855948 -3.35844875 -3.35835451 -3.35826237 -3.35817891 -3.35811119 -3.35805696 -3.35802662 -3.35800367 -3.35801189 -3.35804493 -3.35809153 -3.35818327 -3.35827663 -3.35840227 -3.35855915 -3.35872111 -3.35889435 -3.35904694 -3.35918914 -3.35928787 -3.35934680 -3.35937558 -3.35937133 -3.35934956 -3.35930248
-3.35971353 -3.35959919 -3.35946561 -3.35931582 -3.35916499 -3.35901676 -3.35888463 -3.35876503 -3.35867396 -3.35860166 -3.35852923 -3.35846978 -3.35843436 -3.35840077 -3.35838526 -3.35839358 -3.35843262 -3.35848055 -3.35856100 -3.35866108 -3.35878116 -3.35893959 -3.35910266 -3.35927321 -3.35944731 -3.35959500 -3.35971868 -3.35979675 -3.35984681 -3.35985019 -3.35982932 -3.35978448
-3.36002330 -3.35989641 -3.35974108 -3.35957308 -3.35940321 -3.35925529 -3.35913672 -3.35902428 -3.35894852 -3.35888101 -3.35882806 -3.35879204 -3.35877280 -3.35874422 -3.35873650 -3.35873737 -3.35876943 -3.35881459 -3.35886477 -3.35894923 -3.35905467 -3.35919372 -3.35935673 -3.35952086 -3.35970150 -3.35986106 -3.35999454 -3.36009837 -3.36016648 -3.36017880 -3.36016178 -3.36011532
-3.36020486 -3.36007589 -3.35992907 -3.35975855 -3.35959640 -3.35945495 -3.35933751 -3.35924737 -3.35918522 -3.35914818 -3.35912809 -3.35911071 -3.35910670 -3.35909161 -3.35907588 -3.35907943 -3.35908105 -3.35909311 -3.35911280 -3.35916442 -3.35923965 -3.35934143 -3.35948609 -3.35963937 -3.35982471 -3.35999854 -3.36014526 -3.36025890 -3.36033888 -3.36037586 -3.36035481 -3.36029640
-3.36030839 -3.36019413 -3.36005107 -3.35990344 -3.35976189 -3.35963813 -3.35954746 -3.35947303 -3.35943785 -3.35942667 -3.35943471 -3.35944258 -3.35946086 -3.35945417 -3.35943912 -3.35940943 -3.35938293 -3.35935366 -3.35933352 -3.35933344 -3.35936632 -3.35943070 -3.35954026 -3.35968374 -3.35986033 -3.36002569 -3.36018434 -3.36030332 -3.36038997 -3.36044423 -3.36043394 -3.36038669
-3.36035482 -3.36027168 -3.36016187 -3.36004189 -3.35993077 -3.35982456 -3.35975804 -3.35971721 -3.35970941 -3.35973023 -3.35976252 -3.35979654 -3.35981453 -3.35981839 -3.35979852 -3.35973980 -3.35966407 -3.35959328 -3.35951505 -3.35946073 -3.35944671 -3.35946170 -3.35953004 -3.35965545 -3.35980076 -3.35995552 -3.36011442 -3.36025014 -3.36035509 -3.36041789 -3.36044094 -3.36042434
