32 32 0 1
-3.36058691 -3.36048614 -3.36035979 -3.36023170 -3.36011769 -3.36002944 -3.35997143 -3.35996012 -3.35998275 -3.36002633 -3.36007811 -3.36011977 -3.36011906 -3.36008333 -3.36000868 -3.35988305 -3.35973180 -3.35957929 -3.35944430 -3.35934607 -3.35930192 -3.35932377 -3.35940603 -3.35954462 -3.35972600 -3.35994456 -3.36015997 -3.36034444 -3.36049865 -3.36060149 -3.36065004 -3.36064691
-3.36063198 -3.36056286 -3.36048621 -3.36039178 -3.36030257 -3.36022906 -3.36018681 -3.36019838 -3.36022131 -3.36028627 -3.36034409 -3.36039323 -3.36041219 -3.36036939 -3.36028121 -3.36013322 -3.35995500 -3.35976280 -3.35957915 -3.35944327 -3.35937729 -3.35935663 -3.35941482 -3.35951770 -3.35968568 -3.35987616 -3.36008131 -3.36027356 -3.36043514 -3.36056084 -3.36062749 -3.36065480
-3.36065696 -3.36063426 -3.36058672 -3.36053312 -3.36047861 -3.36042054 -3.36039517 -3.36039914 -3.36043909 -3.36051185 -3.36058107 -3.36063131 -3.36064606 -3.36060368 -3.36050455 -3.36033235 -3.36013754 -3.35992392 -3.35971419 -3.35954560 -3.35943536 -3.35938732 -3.35940348 -3.35949238 -3.35961142 -3.35979104 -3.35997920 -3.36018134 -3.36035107 -3.36049503 -3.36058288 -3.36064284
-3.36065041 -3.36065923 -3.36064633 -3.36063072 -3.36059856 -3.36055559 -3.36054716 -3.36056969 -3.36060124 -3.36066839 -3.36074284 -3.36079195 -3.36080324 -3.36075196 -3.36063920 -3.36046472 -3.36025668 -3.36001959 -3.35980025 -3.35960282 -3.35946563 -3.35938820 -3.35937369 -3.35943215 -3.35953086 -3.35968577 -3.35986782 -3.36005155 -3.36024048 -3.36039151 -3.36051119 -3.36059914
-3.36056880 -3.36061600 -3.36063363 -3.36063899 -3.36063246 -3.36062225 -3.36061709 -3.36064687 -3.36068621 -3.36075308 -3.36080972 -3.36085289 -3.36086412 -3.36080660 -3.36068749 -3.36051400 -3.36029522 -3.36005217 -3.35982145 -3.35961403 -3.35945399 -3.35935335 -3.35930982 -3.35933150 -3.35941480 -3.35953823 -3.35970195 -3.35988796 -3.36007363 -3.36024225 -3.36038200 -3.36049341
-3.36041175 -3.36048115 -3.36052804 -3.36056473 -3.36058730 -3.36058760 -3.36060064 -3.36061879 -3.36066002 -3.36071838 -3.36076947 -3.36080228 -3.36080923 -3.36075829 -3.36063026 -3.36046562 -3.36024021 -3.36000286 -3.35976494 -3.35954827 -3.35937506 -3.35925718 -3.35919384 -3.35918732 -3.35924185 -3.35934420 -3.35949572 -3.35967329 -3.35985712 -3.36003706 -3.36019850 -3.36032350
-3.36015308 -3.36024291 -3.36031551 -3.36037339 -3.36040090 -3.36042928 -3.36046074 -3.36047956 -3.36051712 -3.36056923 -3.36061466 -3.36064721 -3.36064007 -3.36058502 -3.36046440 -3.36029063 -3.36008270 -3.35984459 -3.35961082 -3.35939749 -3.35921273 -3.35908283 -3.35899688 -3.35896516 -3.35899833 -3.35908919 -3.35922313 -3.35939374 -3.35957892 -3.35975816 -3.35991015 -3.36004183
-3.35976231 -3.35986553 -3.35996826 -3.36004111 -3.36008787 -3.36013706 -3.36017148 -3.36020605 -3.36024561 -3.36028776 -3.36032850 -3.36035539 -3.36033747 -3.36028254 -3.36017319 -3.35999978 -3.35979653 -3.35957260 -3.35934660 -3.35912168 -3.35893602 -3.35879311 -3.35869158 -3.35863847 -3.35865738 -3.35873910 -3.35885858 -3.35901268 -3.35919756 -3.35936484 -3.35951338 -3.35963843
-3.35922669 -3.35934624 -3.35946453 -3.35955169 -3.35962173 -3.35968600 -3.35973214 -3.35977018 -3.35981326 -3.35985867 -3.35989974 -3.35991907 -3.35990600 -3.35984577 -3.35973137 -3.35957313 -3.35937520 -3.35916322 -3.35892803 -3.35870789 -3.35852359 -3.35837694 -3.35826571 -3.35820921 -3.35821387 -3.35827886 -3.35839485 -3.35854138 -3.35870327 -3.35884876 -3.35899191 -3.35911273
-3.35858017 -3.35869557 -3.35881141 -3.35891764 -3.35899850 -3.35907113 -3.35913664 -3.35918641 -3.35922931 -3.35927673 -3.35931434 -3.35934447 -3.35933000 -3.35927534 -3.35916224 -3.35900009 -3.35881047 -3.35859271 -3.35837482 -3.35816152 -3.35797101 -3.35782122 -3.35770865 -3.35765551 -3.35765844 -3.35772919 -3.35783309 -3.35796249 -3.35809350 -3.35822565 -3.35834685 -3.35846052
-3.35779600 -3.35790755 -3.35802452 -3.35813851 -3.35822114 -3.35831019 -3.35836426 -3.35841789 -3.35847988 -3.35852726 -3.35857372 -3.35860255 -3.35859687 -3.35854282 -3.35843638 -3.35827729 -3.35809356 -3.35788492 -3.35767066 -3.35746303 -3.35728062 -3.35714127 -3.35704198 -3.35698959 -3.35701037 -3.35706095 -3.35715760 -3.35726786 -3.35738300 -3.35749294 -3.35759147 -3.35768729
-3.35691464 -3.35701414 -3.35712679 -3.35723015 -3.35731911 -3.35739892 -3.35744743 -3.35750677 -3.35756362 -3.35762469 -3.35767875 -3.35771117 -3.35771995 -3.35766728 -3.35757417 -3.35741471 -3.35723840 -3.35703659 -3.35683126 -3.35663421 -3.35647073 -3.35634326 -3.35626667 -3.35623479 -3.35625314 -3.35631436 -3.35639531 -3.35649181 -3.35658504 -3.35666910 -3.35674407 -3.35682636
-3.35597953 -3.35605657 -3.35615044 -3.35624572 -3.35631876 -3.35637855 -3.35643442 -3.35648539 -3.35653928 -3.35660583 -3.35666608 -3.35670737 -3.35672031 -3.35668535 -3.35659623 -3.35646015 -3.35628930 -3.35610162 -3.35589974 -3.35572884 -3.35558465 -3.35548687 -3.35542692 -3.35540789 -3.35545264 -3.35550948 -3.35559239 -3.35566974 -3.35573740 -3.35580403 -3.35585719 -3.35591154
-3.35504785 -3.35510779 -3.35517074 -3.35523131 -3.35529680 -3.35534099 -3.35537516 -3.35542294 -3.35547857 -3.35554966 -3.35561856 -3.35566100 -3.35566863 -3.35565138 -3.35557647 -3.35545546 -3.35530096 -3.35512354 -3.35495249 -3.35480277 -3.35468536 -3.35460689 -3.35457110 -3.35458606 -3.35464612 -3.35471160 -3.35478949 -3.35485650 -3.35491533 -3.35495615 -3.35498093 -3.35501088
-3.35420762 -3.35423382 -3.35427799 -3.35431477 -3.35434680 -3.35437546 -3.35439834 -3.35443258 -3.35447672 -3.35453864 -3.35461530 -3.35467001 -3.35469482 -3.35467847 -3.35462055 -3.35451270 -3.35437072 -3.35422363 -3.35407084 -3.35394393 -3.35384383 -3.35379663 -3.35378955 -3.35382679 -3.35390160 -3.35398562 -3.35407190 -3.35413361 -3.35416655 -3.35418468 -3.35419121 -3.35419584
-3.35352775 -3.35353308 -3.35355424 -3.35357372 -3.35358271 -3.35359752 -3.35360930 -3.35362147 -3.35366093 -3.35371161 -3.35377194 -3.35383838 -3.35387319 -3.35387305 -3.35382234 -3.35373714 -3.35361008 -3.35348201 -3.35335080 -3.35323134 -3.35315526 -3.35312760 -3.35314535 -3.35321616 -3.35330851 -3.35340868 -3.35350315 -3.35355082 -3.35357382 -3.35356997 -3.35354809 -3.35353805
-3.35311227 -3.35309675 -3.35310329 -3.35310640 -3.35309913 -3.35309622 -3.35308866 -3.35309888 -3.35312353 -3.35316002 -3.35322263 -3.35327147 -3.35329832 -3.35330969 -3.35327171 -3.35320162 -3.35309291 -3.35298254 -3.35286064 -3.35276267 -3.35269894 -3.35268987 -3.35273306 -3.35282211 -3.35293206 -3.35304061 -3.35313903 -3.35319296 -3.35321232 -3.35318086 -3.35316158 -3.35313094
-3.35299127 -3.35298576 -3.35298552 -3.35297909 -3.35295870 -3.35294313 -3.35292564 -3.35292365 -3.35294015 -3.35296352 -3.35299615 -3.35304024 -3.35307035 -3.35306743 -3.35304567 -3.35298123 -3.35289083 -3.35277517 -3.35267533 -3.35258858 -3.35254226 -3.35254583 -3.35259519 -3.35269969 -3.35282245 -3.35294401 -3.35304274 -3.35310137 -3.35310823 -3.35308714 -3.35305431 -3.35301944
-3.35321198 -3.35320297 -3.35319479 -3.35319001 -3.35317810 -3.35315469 -3.35313505 -3.35312072 -3.35311882 -3.35311976 -3.35312798 -3.35314909 -3.35316530 -3.35316463 -3.35314108 -3.35308821 -3.35301205 -3.35290855 -3.35281420 -3.35273218 -3.35268927 -3.35270020 -3.35276865 -3.35287412 -3.35299986 -3.35313224 -3.35322624 -3.35328349 -3.35329543 -3.35328535 -3.35325421 -3.35322757
-3.35372255 -3.35371982 -3.35371976 -3.35372254 -3.35371600 -3.35369105 -3.35367028 -3.35364056 -3.35362040 -3.35360465 -3.35359213 -3.35358777 -3.35358626 -3.35356552 -3.35355238 -3.35350430 -3.35342270 -3.35333099 -3.35323378 -3.35315365 -3.35312031 -3.35313769 -3.35320719 -3.35332181 -3.35345725 -3.35358698 -3.35368083 -3.35373267 -3.35376285 -3.35376156 -3.35373717 -3.35373132
-3.35446253 -3.35447952 -3.35448945 -3.35449200 -3.35449308 -3.35447220 -3.35443829 -3.35440196 -3.35435893 -3.35432858 -3.35428952 -3.35426813 -3.35425292 -3.35421535 -3.35418292 -3.35412730 -3.35405331 -3.35397254 -3.35388478 -3.35380709 -3.35377344 -3.35380324 -3.35387849 -3.35399625 -3.35413213 -3.35426561 -3.35436362 -3.35441689 -3.35444210 -3.35445482 -3.35445044 -3.35445855
-3.35535041 -3.35538213 -3.35539677 -3.35539526 -3.35539874 -3.35537692 -3.35533419 -3.35529280 -3.35523561 -3.35518055 -3.35513601 -3.35509571 -3.35505270 -3.35500496 -3.35495362 -3.35489181 -3.35482443 -3.35474295 -3.35465928 -3.35459158 -3.35456835 -3.35460445 -3.35468649 -3.35481813 -3.35494725 -3.35507630 -3.35517868 -3.35524274 -3.35527653 -3.35529512 -3.35530626 -3.35532956
-3.35629449 -3.35632059 -3.35632926 -3.35634104 -3.35632215 -3.35629751 -3.35624984 -3.35620008 -3.35613503 -3.35607728 -3.35601273 -3.35594922 -3.35588557 -3.35582100 -3.35576359 -3.35570057 -3.35563235 -3.35555052 -3.35547753 -3.35542962 -3.35542312 -3.35546514 -3.35556345 -3.35568910 -3.35582463 -3.35595998 -3.35605738 -3.35613900 -3.35618300 -3.35620236 -3.35623234 -3.35626289
-3.35721050 -3.35723656 -3.35723419 -3.35721056 -3.35718026 -3.35712988 -3.35708219 -3.35702714 -3.35695911 -3.35689936 -3.35682390 -3.35674637 -3.35666736 -3.35659755 -3.35653077 -3.35646263 -3.35638913 -3.35631720 -3.35627070 -3.35623807 -3.35624503 -3.35630565 -3.35640683 -3.35654274 -3.35668691 -3.35682305 -3.35693676 -3.35700700 -3.35706286 -3.35711219 -3.35715162 -3.35717694
-3.35804308 -3.35803858 -3.35801671 -3.35796782 -3.35791678 -3.35784627 -3.35778213 -3.35771516 -3.35764699 -3.35758063 -3.35750625 -3.35741977 -3.35733744 -3.35726830 -3.35719928 -3.35712591 -3.35706461 -3.35700414 -3.35696128 -3.35695098 -3.35698040 -3.35705781 -3.35717122 -3.35731965 -3.35747578 -3.35761865 -3.35773812 -3.35782515 -3.35790017 -3.35795078 -3.35799546 -3.35802423
-3.35874594 -3.35871689 -3.35865872 -3.35857815 -3.35849140 -3.35840603 -3.35831482 -3.35824080 -3.35817946 -3.35811175 -3.35802603 -3.35795787 -3.35788246 -3.35781055 -3.35774374 -3.35767565 -3.35761454 -3.35758511 -3.35754806 -3.35755360 -3.35760105 -3.35768906 -3.35781585 -3.35797286 -3.35814118 -3.35830385 -3.35843767 -3.35854669 -3.35863113 -3.35868826 -3.35873266 -3.35874698
-3.35931775 -3.35924759 -3.35914647 -3.35903468 -3.35891630 -3.35879970 -3.35871005 -3.35862360 -3.35856024 -3.35850167 -3.35843817 -3.35837583 -3.35830668 -3.35824685 -3.35816999 -3.35810930 -3.35806453 -3.35802471 -3.35803060 -3.35803987 -3.35809846 -3.35820300 -3.35833567 -3.35850750 -3.35868152 -3.35886731 -3.35902027 -3.35914390 -3.35924232 -3.35930404 -3.35933729 -3.35934203
-3.35975474 -3.35964988 -3.35951390 -3.35936405 -3.35921908 -3.35908760 -3.35898255 -3.35889700 -3.35884208 -3.35879846 -3.35874750 -3.35869980 -3.35865265 -3.35858925 -3.35852782 -3.35847017 -3.35843163 -3.35839343 -3.35839308 -3.35841763 -3.35847730 -3.35859217 -3.35873612 -3.35891028 -3.35911172 -3.35929928 -3.35947936 -3.35961605 -3.35972529 -3.35978938 -3.35982153 -3.35981042
-3.36006759 -3.35993479 -3.35977398 -3.35959620 -3.35942761 -3.35928751 -3.35919075 -3.35911096 -3.35906951 -3.35903215 -3.35900239 -3.35897312 -3.35894237 -3.35888886 -3.35883534 -3.35877183 -3.35873174 -3.35869873 -3.35868004 -3.35870349 -3.35876080 -3.35886740 -3.35902341 -3.35920207 -3.35940758 -3.35961257 -3.35980243 -3.35996316 -3.36009178 -3.36015604 -3.36017612 -3.36015244
-3.36027262 -3.36012754 -3.35995968 -3.35977150 -3.35960051 -3.35946061 -3.35936255 -3.35929926 -3.35926584 -3.35925656 -3.35925767 -3.35924083 -3.35922451 -3.35917922 -3.35911892 -3.35906303 -3.35899724 -3.35894589 -3.35891335 -3.35891590 -3.35896139 -3.35905399 -3.35920153 -3.35937644 -3.35959697 -3.35981788 -3.36002256 -3.36019355 -3.36032862 -3.36041115 -3.36041536 -3.36037116
-3.36042302 -3.36027870 -3.36010207 -3.35992683 -3.35976551 -3.35963606 -3.35955255 -3.35949610 -3.35948238 -3.35949322 -3.35950959 -3.35951736 -3.35951808 -3.35948063 -3.35941876 -3.35933551 -3.35925507 -3.35917261 -3.35911448 -3.35909081 -3.35911621 -3.35918840 -3.35931622 -3.35949330 -3.35971563 -3.35993442 -3.36015063 -3.36032573 -3.36046022 -3.36055046 -3.36056232 -3.36051568
-3.36051228 -3.36038745 -3.36023401 -3.36007539 -3.35993827 -3.35982125 -3.35975411 -3.35972128 -3.35972309 -3.35975423 -3.35978972 -3.35981698 -3.35981565 -3.35978394 -3.35972062 -3.35961759 -3.35949579 -3.35938688 -3.35928845 -3.35923145 -3.35922877 -3.35927305 -3.35937875 -3.35955366 -3.35975122 -3.35996363 -3.36018162 -3.36036924 -3.36051530 -3.36060389 -3.36063515 -3.36060765
