32 32 0 1
-3.36052496 -3.36046890 -3.36038359 -3.36029362 -3.36020861 -3.36014018 -3.36009447 -3.36008980 -3.36011722 -3.36016268 -3.36022079 -3.36027123 -3.36028490 -3.36026814 -3.36020949 -3.36009353 -3.35994128 -3.35977468 -3.35960781 -3.35946885 -3.35937390 -3.35933575 -3.35935855 -3.35944301 -3.35957802 -3.35975786 -3.35995104 -3.36012931 -3.36029164 -3.36041844 -3.36050273 -3.36054111
-3.36050055 -3.36049146 -3.36047270 -3.36042873 -3.36038521 -3.36034875 -3.36033199 -3.36036081 -3.36039667 -3.36046570 -3.36052737 -3.36058626 -3.36061965 -3.36059458 -3.36051834 -3.36037588 -3.36019004 -3.35997572 -3.35975160 -3.35956177 -3.35942897 -3.35933443 -3.35931681 -3.35935353 -3.35945792 -3.35960029 -3.35977510 -3.35995614 -3.36012467 -3.36027635 -3.36038527 -3.36046642
-3.36045638 -3.36050420 -3.36052734 -3.36054129 -3.36054841 -3.36054262 -3.36055407 -3.36058684 -3.36064251 -3.36072465 -3.36080132 -3.36086106 -3.36088681 -3.36085851 -3.36077015 -3.36059975 -3.36038972 -3.36014145 -3.35988399 -3.35964922 -3.35946232 -3.35933066 -3.35926169 -3.35926621 -3.35931382 -3.35943740 -3.35958532 -3.35977347 -3.35994701 -3.36011889 -3.36025450 -3.36037209
-3.36037558 -3.36046775 -3.36053733 -3.36060085 -3.36064194 -3.36066430 -3.36070760 -3.36076790 -3.36082515 -3.36090789 -3.36099308 -3.36105015 -3.36106953 -3.36102660 -3.36091688 -3.36073962 -3.36051046 -3.36023729 -3.35996018 -3.35968970 -3.35946647 -3.35929609 -3.35918792 -3.35915486 -3.35917540 -3.35926480 -3.35940310 -3.35956680 -3.35975821 -3.35993322 -3.36010037 -3.36025182
-3.36022687 -3.36035882 -3.36046773 -3.36055726 -3.36063425 -3.36070493 -3.36075932 -3.36083842 -3.36091112 -3.36100100 -3.36106985 -3.36112685 -3.36114223 -3.36108935 -3.36097290 -3.36078571 -3.36054399 -3.36025714 -3.35996476 -3.35968137 -3.35943085 -3.35923406 -3.35909265 -3.35902184 -3.35901657 -3.35907109 -3.35918506 -3.35934342 -3.35952630 -3.35971589 -3.35989937 -3.36007565
-3.36000300 -3.36015565 -3.36029486 -3.36042772 -3.36053991 -3.36062247 -3.36070805 -3.36078270 -3.36086957 -3.36095789 -3.36102776 -3.36107199 -3.36108579 -3.36103553 -3.36090420 -3.36072197 -3.36046839 -3.36018790 -3.35989091 -3.35959457 -3.35933626 -3.35912244 -3.35896056 -3.35885917 -3.35882514 -3.35885468 -3.35894717 -3.35909249 -3.35926704 -3.35946085 -3.35965823 -3.35983968
-3.35968513 -3.35985670 -3.36001839 -3.36016774 -3.36028926 -3.36040656 -3.36051761 -3.36060509 -3.36069327 -3.36078471 -3.36085424 -3.36090019 -3.36089626 -3.36084378 -3.36071465 -3.36052668 -3.36028770 -3.36000553 -3.35971466 -3.35943170 -3.35916241 -3.35893862 -3.35875834 -3.35863454 -3.35857721 -3.35859501 -3.35866624 -3.35879765 -3.35896261 -3.35914458 -3.35932319 -3.35950383
-3.35924436 -3.35941919 -3.35960521 -3.35976966 -3.35990688 -3.36004480 -3.36016878 -3.36028022 -3.36038124 -3.36046496 -3.36053682 -3.36058057 -3.36056831 -3.36051055 -3.36039219 -3.36020239 -3.35997202 -3.35970826 -3.35942993 -3.35914168 -3.35888131 -3.35865804 -3.35847057 -3.35832823 -3.35826222 -3.35826408 -3.35832199 -3.35842498 -3.35858003 -3.35873657 -3.35889890 -3.35906465
-3.35867659 -3.35885539 -3.35904774 -3.35922422 -3.35938388 -3.35953691 -3.35967147 -3.35978923 -3.35989701 -3.35999100 -3.36006409 -3.36010359 -3.36009864 -3.36003655 -3.35991423 -3.35973975 -3.35951490 -3.35927024 -3.35899508 -3.35872354 -3.35847877 -3.35826278 -3.35807333 -3.35794000 -3.35786191 -3.35785121 -3.35789578 -3.35798294 -3.35810470 -3.35823011 -3.35837230 -3.35851550
-3.35801500 -3.35818349 -3.35836605 -3.35854794 -3.35871548 -3.35887663 -3.35902607 -3.35915537 -3.35925790 -3.35935305 -3.35942556 -3.35947457 -3.35946757 -3.35941599 -3.35929846 -3.35912068 -3.35891233 -3.35867351 -3.35842405 -3.35817250 -3.35793925 -3.35773181 -3.35755825 -3.35743720 -3.35736370 -3.35735871 -3.35739067 -3.35745295 -3.35753550 -3.35763449 -3.35774441 -3.35786649
-3.35724940 -3.35740119 -3.35757537 -3.35776150 -3.35792057 -3.35808619 -3.35821826 -3.35834072 -3.35846068 -3.35854982 -3.35862519 -3.35866844 -3.35867044 -3.35861659 -3.35851105 -3.35834244 -3.35814806 -3.35792545 -3.35769546 -3.35746919 -3.35725482 -3.35708205 -3.35693288 -3.35682585 -3.35678294 -3.35676188 -3.35678570 -3.35682893 -3.35688636 -3.35695412 -3.35702673 -3.35712466
-3.35641710 -3.35654762 -3.35670797 -3.35686898 -3.35702551 -3.35716914 -3.35728113 -3.35739333 -3.35749531 -3.35758619 -3.35765569 -3.35770078 -3.35771543 -3.35766361 -3.35757125 -3.35740913 -3.35723103 -3.35702781 -3.35682006 -3.35662127 -3.35644818 -3.35629926 -3.35619154 -3.35611947 -3.35608510 -3.35608409 -3.35610284 -3.35613015 -3.35616448 -3.35620264 -3.35624727 -3.35631893
-3.35555578 -3.35565404 -3.35578577 -3.35592673 -3.35605101 -3.35616104 -3.35626077 -3.35634225 -3.35642101 -3.35649840 -3.35656751 -3.35660740 -3.35661647 -3.35658220 -3.35649586 -3.35636636 -3.35620512 -3.35603059 -3.35584316 -3.35568007 -3.35554300 -3.35544395 -3.35536756 -3.35532607 -3.35533533 -3.35534791 -3.35537288 -3.35538944 -3.35540110 -3.35542395 -3.35544459 -3.35548377
-3.35471252 -3.35478619 -3.35487489 -3.35496975 -3.35506938 -3.35514505 -3.35520005 -3.35525788 -3.35531311 -3.35537611 -3.35543062 -3.35546072 -3.35546035 -3.35544025 -3.35536687 -3.35526048 -3.35512271 -3.35497014 -3.35482403 -3.35469901 -3.35460479 -3.35454482 -3.35451432 -3.35452378 -3.35456653 -3.35460281 -3.35463497 -3.35465472 -3.35466670 -3.35466706 -3.35466166 -3.35467500
-3.35396654 -3.35399609 -3.35405538 -3.35411145 -3.35416335 -3.35420173 -3.35422287 -3.35423807 -3.35426071 -3.35428906 -3.35433034 -3.35436155 -3.35436992 -3.35434635 -3.35429115 -3.35420593 -3.35409061 -3.35397200 -3.35385981 -3.35377057 -3.35371133 -3.35370067 -3.35372187 -3.35377078 -3.35384565 -3.35391326 -3.35397301 -3.35400033 -3.35400236 -3.35398764 -3.35396788 -3.35395650
-3.35336873 -3.35337447 -3.35339601 -3.35341813 -3.35343377 -3.35344032 -3.35342682 -3.35340073 -3.35339414 -3.35339176 -3.35340162 -3.35342759 -3.35343672 -3.35342346 -3.35337951 -3.35331294 -3.35322050 -3.35312829 -3.35304783 -3.35298214 -3.35296151 -3.35298644 -3.35305163 -3.35315354 -3.35325977 -3.35336566 -3.35345105 -3.35347981 -3.35348275 -3.35345738 -3.35341309 -3.35338728
-3.35302017 -3.35299854 -3.35299332 -3.35299072 -3.35297239 -3.35294755 -3.35290245 -3.35285435 -3.35281103 -3.35277886 -3.35277763 -3.35277198 -3.35276441 -3.35275734 -3.35272110 -3.35267216 -3.35260061 -3.35253669 -3.35247595 -3.35244246 -3.35244766 -3.35250374 -3.35261383 -3.35275034 -3.35289147 -3.35302211 -3.35312617 -3.35317435 -3.35318211 -3.35313542 -3.35309658 -3.35305122
-3.35294835 -3.35292707 -3.35290804 -3.35288459 -3.35284179 -3.35279372 -3.35272613 -3.35265821 -3.35259636 -3.35253859 -3.35250129 -3.35248278 -3.35246721 -3.35243937 -3.35241958 -3.35236963 -3.35231779 -3.35225191 -3.35221807 -3.35220660 -3.35224162 -3.35232884 -3.35245640 -3.35262131 -3.35279209 -3.35294967 -3.35306590 -3.35312798 -3.35312864 -3.35309723 -3.35304863 -3.35299109
-3.35320062 -3.35316696 -3.35313161 -3.35310258 -3.35306054 -3.35300125 -3.35292542 -3.35284516 -3.35276383 -3.35267721 -3.35261069 -3.35256348 -3.35252846 -3.35249425 -3.35246527 -3.35242448 -3.35238078 -3.35233102 -3.35230806 -3.35230808 -3.35236168 -3.35246766 -3.35262251 -3.35280287 -3.35298877 -3.35316563 -3.35328439 -3.35335196 -3.35336013 -3.35334162 -3.35329038 -3.35323776
-3.35372798 -3.35369157 -3.35365855 -3.35363249 -3.35359377 -3.35352905 -3.35345503 -3.35336262 -3.35326498 -3.35316563 -3.35308023 -3.35300591 -3.35294951 -3.35289352 -3.35286509 -3.35282203 -3.35277110 -3.35273457 -3.35270756 -3.35271232 -3.35278068 -3.35290309 -3.35306937 -3.35326666 -3.35347201 -3.35365136 -3.35377651 -3.35383822 -3.35386770 -3.35385279 -3.35380516 -3.35376518
-3.35447768 -3.35445520 -3.35442632 -3.35439486 -3.35436549 -3.35430463 -3.35422621 -3.35413239 -3.35402131 -3.35391934 -3.35380657 -3.35372133 -3.35364849 -3.35357146 -3.35351689 -3.35346187 -3.35341262 -3.35337868 -3.35336381 -3.35337493 -3.35344878 -3.35358648 -3.35376075 -3.35397094 -3.35418009 -3.35436683 -3.35449832 -3.35456050 -3.35458123 -3.35457807 -3.35454285 -3.35451095
-3.35537998 -3.35536726 -3.35533663 -3.35529804 -3.35526899 -3.35520889 -3.35512736 -3.35503989 -3.35492885 -3.35481428 -3.35470218 -3.35460337 -3.35450837 -3.35441773 -3.35433960 -3.35427113 -3.35422242 -3.35418404 -3.35416810 -3.35419207 -3.35427556 -3.35441733 -3.35460497 -3.35482910 -3.35503129 -3.35521386 -3.35535019 -3.35542434 -3.35545288 -3.35544864 -3.35542808 -3.35540684
-3.35634530 -3.35631808 -3.35628201 -3.35625443 -3.35619680 -3.35613726 -3.35606022 -3.35597359 -3.35586716 -3.35575864 -3.35563882 -3.35552550 -3.35541115 -3.35530566 -3.35522044 -3.35514791 -3.35509130 -3.35504730 -3.35503665 -3.35507544 -3.35517072 -3.35531888 -3.35551822 -3.35573321 -3.35594233 -3.35613245 -3.35626360 -3.35635647 -3.35639322 -3.35638846 -3.35638002 -3.35636389
-3.35728636 -3.35725912 -3.35720973 -3.35714497 -3.35707440 -3.35699573 -3.35691704 -3.35683375 -3.35673019 -3.35662858 -3.35651323 -3.35638997 -3.35626833 -3.35616022 -3.35606825 -3.35598943 -3.35592376 -3.35588368 -3.35589742 -3.35594490 -3.35604615 -3.35620447 -3.35640224 -3.35661987 -3.35683699 -3.35702571 -3.35717225 -3.35725615 -3.35730577 -3.35732789 -3.35732968 -3.35730578
-3.35815250 -3.35809577 -3.35802718 -3.35793368 -3.35784002 -3.35773886 -3.35764698 -3.35755344 -3.35745815 -3.35736384 -3.35725718 -3.35713342 -3.35701873 -3.35691782 -3.35682260 -3.35673823 -3.35668296 -3.35665653 -3.35666465 -3.35672372 -3.35683827 -3.35699989 -3.35719777 -3.35742393 -3.35764467 -3.35784231 -3.35799133 -3.35809448 -3.35816438 -3.35819501 -3.35820284 -3.35818914
-3.35888712 -3.35880658 -3.35870438 -3.35857732 -3.35845059 -3.35832646 -3.35821218 -3.35811353 -3.35803157 -3.35794316 -3.35783591 -3.35773876 -3.35763676 -3.35753694 -3.35745329 -3.35737958 -3.35732545 -3.35732265 -3.35733562 -3.35739524 -3.35751037 -3.35767413 -3.35787242 -3.35809512 -3.35832055 -3.35853163 -3.35869596 -3.35882156 -3.35890811 -3.35894333 -3.35895948 -3.35893781
-3.35948031 -3.35937353 -3.35922403 -3.35906709 -3.35890821 -3.35876098 -3.35864171 -3.35853531 -3.35845151 -3.35837925 -3.35829630 -3.35821666 -3.35812846 -3.35805368 -3.35796697 -3.35790741 -3.35787460 -3.35785636 -3.35789624 -3.35795406 -3.35806315 -3.35822638 -3.35841278 -3.35863798 -3.35886050 -3.35908168 -3.35926642 -3.35940627 -3.35950620 -3.35955747 -3.35956928 -3.35954180
-3.35992544 -3.35978904 -3.35961404 -3.35942547 -3.35924542 -3.35908128 -3.35895155 -3.35884420 -3.35877423 -3.35871417 -3.35865341 -3.35859285 -3.35853909 -3.35847407 -3.35841203 -3.35835662 -3.35832761 -3.35831124 -3.35833686 -3.35839258 -3.35849067 -3.35864278 -3.35882570 -3.35903655 -3.35927115 -3.35948834 -3.35968883 -3.35984031 -3.35995689 -3.36001952 -3.36003608 -3.36000638
-3.36021851 -3.36006719 -3.35988327 -3.35967758 -3.35947668 -3.35931653 -3.35919530 -3.35909695 -3.35903913 -3.35899174 -3.35895276 -3.35892305 -3.35889650 -3.35884181 -3.35879416 -3.35874235 -3.35871312 -3.35869436 -3.35869342 -3.35873382 -3.35881240 -3.35893854 -3.35911244 -3.35930796 -3.35953317 -3.35975295 -3.35995815 -3.36013299 -3.36026817 -3.36033582 -3.36035406 -3.36031894
-3.36039021 -3.36023884 -3.36005978 -3.35985681 -3.35966886 -3.35951397 -3.35939652 -3.35932073 -3.35927633 -3.35925959 -3.35925745 -3.35924315 -3.35923525 -3.35919748 -3.35914890 -3.35910810 -3.35905355 -3.35900830 -3.35898201 -3.35899215 -3.35903934 -3.35913073 -3.35927478 -3.35944859 -3.35966992 -3.35989479 -3.36010272 -3.36028567 -3.36042798 -3.36051894 -3.36052932 -3.36048649
-3.36048480 -3.36035276 -3.36018558 -3.36000964 -3.35984568 -3.35970910 -3.35961961 -3.35955302 -3.35953432 -3.35954055 -3.35955740 -3.35957050 -3.35958080 -3.35955816 -3.35951202 -3.35944162 -3.35937076 -3.35929148 -3.35923126 -3.35919670 -3.35920367 -3.35925633 -3.35936371 -3.35951893 -3.35972322 -3.35993146 -3.36014342 -3.36032174 -3.36046338 -3.36056742 -3.36059379 -3.36056658
-3.36051570 -3.36042089 -3.36029159 -3.36015159 -3.36002706 -3.35991520 -3.35984852 -3.35981206 -3.35981413 -3.35984527 -3.35988455 -3.35991913 -3.35993162 -3.35991915 -3.35987202 -3.35978030 -3.35966389 -3.35955130 -3.35943534 -3.35935138 -3.35931269 -3.35931644 -3.35938296 -3.35951862 -3.35968256 -3.35987089 -3.36007490 -3.36025994 -3.36041507 -3.36052220 -3.36058016 -3.36058170
