32 32 0 1
-3.36024248 -3.36024088 -3.36021523 -3.36018759 -3.36016037 -3.36014444 -3.36014574 -3.36017751 -3.36022933 -3.36029051 -3.36035021 -3.36038919 -3.36037411 -3.36031130 -3.36019936 -3.36002491 -3.35981886 -3.35961049 -3.35941687 -3.35926997 -3.35918378 -3.35916194 -3.35920193 -3.35929303 -3.35941718 -3.35956810 -3.35971753 -3.35985035 -3.35997735 -3.36008316 -3.36016234 -3.36022064
-3.36022629 -3.36026303 -3.36029583 -3.36030657 -3.36031785 -3.36032843 -3.36035287 -3.36041681 -3.36048215 -3.36056852 -3.36063554 -3.36068325 -3.36068262 -3.36060936 -3.36047397 -3.36027216 -3.36002753 -3.35976524 -3.35951778 -3.35931881 -3.35919489 -3.35911986 -3.35912174 -3.35916867 -3.35927212 -3.35939533 -3.35953933 -3.35968295 -3.35982276 -3.35995207 -3.36005843 -3.36015485
-3.36018113 -3.36027053 -3.36033856 -3.36039935 -3.36045200 -3.36048991 -3.36054009 -3.36060574 -3.36069150 -3.36079380 -3.36087363 -3.36092275 -3.36091848 -3.36084156 -3.36069384 -3.36046204 -3.36019230 -3.35990204 -3.35961366 -3.35937202 -3.35919218 -3.35908413 -3.35903296 -3.35905477 -3.35910204 -3.35921541 -3.35933783 -3.35949462 -3.35964271 -3.35979992 -3.35993300 -3.36006825
-3.36010636 -3.36023029 -3.36033764 -3.36044081 -3.36052302 -3.36058625 -3.36066333 -3.36075401 -3.36083985 -3.36094240 -3.36103173 -3.36107520 -3.36107059 -3.36098077 -3.36081864 -3.36058131 -3.36030070 -3.35998248 -3.35967646 -3.35939908 -3.35918338 -3.35903234 -3.35894654 -3.35892728 -3.35894657 -3.35902983 -3.35914609 -3.35928643 -3.35945578 -3.35961950 -3.35978687 -3.35995468
-3.35996441 -3.36012020 -3.36026086 -3.36039053 -3.36050841 -3.36060933 -3.36069681 -3.36079791 -3.36089599 -3.36100100 -3.36107552 -3.36112060 -3.36111159 -3.36101664 -3.36084738 -3.36060994 -3.36031790 -3.35999722 -3.35968053 -3.35939055 -3.35914774 -3.35896502 -3.35883993 -3.35878260 -3.35878422 -3.35883165 -3.35892781 -3.35906844 -3.35923603 -3.35941619 -3.35959974 -3.35979101
-3.35976206 -3.35994136 -3.36011166 -3.36027388 -3.36041398 -3.36052529 -3.36063484 -3.36073695 -3.36084256 -3.36094131 -3.36101591 -3.36104550 -3.36103353 -3.36094828 -3.36077018 -3.36053817 -3.36024284 -3.35992658 -3.35961015 -3.35931006 -3.35905362 -3.35886103 -3.35871137 -3.35862008 -3.35859394 -3.35861771 -3.35870490 -3.35883200 -3.35899659 -3.35918369 -3.35938012 -3.35957195
-3.35948255 -3.35967530 -3.35986329 -3.36004590 -3.36019485 -3.36033788 -3.36047016 -3.36057404 -3.36068614 -3.36078071 -3.36084072 -3.36087261 -3.36084269 -3.36075942 -3.36058753 -3.36035036 -3.36007073 -3.35975857 -3.35945048 -3.35916271 -3.35890687 -3.35870162 -3.35853809 -3.35842219 -3.35836794 -3.35838440 -3.35845401 -3.35857206 -3.35872672 -3.35890343 -3.35908674 -3.35927990
-3.35909574 -3.35929512 -3.35950936 -3.35969960 -3.35986566 -3.36002887 -3.36017454 -3.36030202 -3.36040821 -3.36049248 -3.36055073 -3.36056922 -3.36052889 -3.36043662 -3.36027622 -3.36004880 -3.35977805 -3.35948771 -3.35919857 -3.35891105 -3.35866214 -3.35845706 -3.35828522 -3.35815799 -3.35810417 -3.35810831 -3.35815944 -3.35825853 -3.35841073 -3.35856295 -3.35872409 -3.35889789
-3.35861360 -3.35881470 -3.35902382 -3.35923173 -3.35942439 -3.35960264 -3.35975909 -3.35989109 -3.36000260 -3.36008486 -3.36013820 -3.36015025 -3.36010144 -3.35999377 -3.35983066 -3.35961066 -3.35935867 -3.35909457 -3.35881957 -3.35855204 -3.35832229 -3.35813210 -3.35796026 -3.35784617 -3.35778060 -3.35777284 -3.35781868 -3.35790202 -3.35802054 -3.35814004 -3.35828301 -3.35843498
-3.35805086 -3.35823297 -3.35843479 -3.35864322 -3.35884848 -3.35904551 -3.35921134 -3.35935019 -3.35946554 -3.35954597 -3.35958976 -3.35959802 -3.35954586 -3.35943646 -3.35926575 -3.35905238 -3.35881680 -3.35856632 -3.35832101 -3.35808250 -3.35786837 -3.35769057 -3.35754175 -3.35743919 -3.35738044 -3.35737997 -3.35741514 -3.35747501 -3.35755359 -3.35765330 -3.35776125 -3.35789091
-3.35738165 -3.35754803 -3.35774155 -3.35795077 -3.35814548 -3.35834216 -3.35850959 -3.35865412 -3.35877922 -3.35885800 -3.35890831 -3.35890104 -3.35885183 -3.35873082 -3.35856689 -3.35835265 -3.35813325 -3.35790097 -3.35768082 -3.35747695 -3.35729648 -3.35715298 -3.35703313 -3.35694778 -3.35691898 -3.35690460 -3.35692608 -3.35696644 -3.35701982 -3.35708027 -3.35715312 -3.35725304
-3.35663910 -3.35678258 -3.35696021 -3.35714732 -3.35733474 -3.35752013 -3.35768165 -3.35782814 -3.35794207 -3.35802922 -3.35807723 -3.35807824 -3.35802832 -3.35790583 -3.35774045 -3.35752738 -3.35731354 -3.35710344 -3.35690833 -3.35673924 -3.35660740 -3.35650109 -3.35642739 -3.35638084 -3.35635719 -3.35635423 -3.35636046 -3.35638086 -3.35640225 -3.35643195 -3.35646982 -3.35653861
-3.35584567 -3.35595327 -3.35610316 -3.35627075 -3.35643949 -3.35659711 -3.35675420 -3.35688804 -3.35700178 -3.35709034 -3.35714189 -3.35713691 -3.35709096 -3.35697613 -3.35680757 -3.35660651 -3.35640520 -3.35620957 -3.35603647 -3.35590936 -3.35582536 -3.35577509 -3.35574413 -3.35573186 -3.35573808 -3.35573798 -3.35574314 -3.35573435 -3.35572554 -3.35572537 -3.35573970 -3.35576983
-3.35503095 -3.35511645 -3.35523077 -3.35536571 -3.35551681 -3.35566060 -3.35578314 -3.35590408 -3.35602182 -3.35611138 -3.35616032 -3.35615871 -3.35609405 -3.35599080 -3.35582259 -3.35563099 -3.35544031 -3.35526256 -3.35512306 -3.35503716 -3.35499771 -3.35499923 -3.35501982 -3.35505140 -3.35509041 -3.35509640 -3.35509589 -3.35506699 -3.35503944 -3.35501020 -3.35498728 -3.35499526
-3.35428124 -3.35432641 -3.35442557 -3.35453603 -3.35464992 -3.35476908 -3.35487553 -3.35497667 -3.35507636 -3.35516038 -3.35521085 -3.35521759 -3.35516454 -3.35505211 -3.35489129 -3.35469858 -3.35451342 -3.35435885 -3.35424364 -3.35419455 -3.35419782 -3.35425301 -3.35432419 -3.35439525 -3.35446033 -3.35448334 -3.35448410 -3.35444448 -3.35438420 -3.35432275 -3.35428191 -3.35426382
-3.35364415 -3.35368075 -3.35375911 -3.35384867 -3.35394459 -3.35404312 -3.35412870 -3.35420736 -3.35429317 -3.35436449 -3.35440709 -3.35441741 -3.35436794 -3.35425766 -3.35410069 -3.35391709 -3.35373455 -3.35358860 -3.35349804 -3.35346687 -3.35350844 -3.35359993 -3.35371915 -3.35383729 -3.35392977 -3.35397263 -3.35397104 -3.35390816 -3.35382593 -3.35373881 -3.35367068 -3.35364356
-3.35322325 -3.35325286 -3.35332497 -3.35340277 -3.35348784 -3.35356605 -3.35363204 -3.35370033 -3.35376359 -3.35381985 -3.35386397 -3.35385571 -3.35379598 -3.35369703 -3.35354257 -3.35336412 -3.35318337 -3.35305283 -3.35296856 -3.35295654 -3.35302249 -3.35314331 -3.35330563 -3.35345515 -3.35357309 -3.35361967 -3.35361502 -3.35354752 -3.35345580 -3.35333571 -3.35326316 -3.35322249
-3.35305908 -3.35310853 -3.35318538 -3.35326398 -3.35333984 -3.35340465 -3.35345900 -3.35351448 -3.35356680 -3.35360087 -3.35362532 -3.35361070 -3.35355534 -3.35344122 -3.35329899 -3.35311564 -3.35294725 -3.35279990 -3.35272841 -3.35273033 -3.35281589 -3.35296204 -3.35313279 -3.35330736 -3.35344025 -3.35349906 -3.35348918 -3.35341334 -3.35330124 -3.35318977 -3.35310352 -3.35305746
-3.35321043 -3.35327089 -3.35334479 -3.35343911 -3.35352705 -3.35358621 -3.35363842 -3.35367803 -3.35370754 -3.35371973 -3.35372010 -3.35368709 -3.35361899 -3.35351490 -3.35336970 -3.35319859 -3.35303591 -3.35289443 -3.35282305 -3.35282397 -3.35291252 -3.35306683 -3.35325791 -3.35343499 -3.35357051 -3.35363455 -3.35361131 -3.35353075 -3.35341427 -3.35330747 -3.35322419 -3.35318799
-3.35364171 -3.35371295 -3.35380502 -3.35391428 -3.35400712 -3.35407234 -3.35412153 -3.35414654 -3.35415595 -3.35414906 -3.35412855 -3.35407655 -3.35399982 -3.35388465 -3.35375534 -3.35359223 -3.35342968 -3.35329786 -3.35322028 -3.35321628 -3.35330165 -3.35345653 -3.35364101 -3.35382049 -3.35395950 -3.35401888 -3.35399246 -3.35390219 -3.35379806 -3.35369613 -3.35361964 -3.35360628
-3.35430702 -3.35439615 -3.35450588 -3.35461673 -3.35471973 -3.35478263 -3.35482178 -3.35484068 -3.35482936 -3.35480658 -3.35475804 -3.35469948 -3.35462120 -3.35450215 -3.35436875 -3.35421066 -3.35405932 -3.35394244 -3.35387019 -3.35385597 -3.35393195 -3.35408279 -3.35426117 -3.35442935 -3.35456256 -3.35462286 -3.35459911 -3.35450530 -3.35439637 -3.35431399 -3.35425487 -3.35425514
-3.35513522 -3.35523683 -3.35534635 -3.35544818 -3.35555361 -3.35561500 -3.35564096 -3.35565386 -3.35562920 -3.35558819 -3.35553404 -3.35546476 -3.35537331 -3.35525711 -3.35512571 -3.35498113 -3.35484841 -3.35473569 -3.35466540 -3.35464847 -3.35471877 -3.35486003 -3.35502635 -3.35519280 -3.35530393 -3.35535900 -3.35534644 -3.35526717 -3.35517359 -3.35509746 -3.35505407 -3.35507057
-3.35603674 -3.35612736 -3.35622731 -3.35633140 -3.35640398 -3.35645780 -3.35648049 -3.35648234 -3.35645169 -3.35640438 -3.35633793 -3.35625736 -3.35615914 -3.35604016 -3.35592437 -3.35580250 -3.35568302 -3.35557751 -3.35551494 -3.35550974 -3.35557893 -3.35570297 -3.35586425 -3.35601077 -3.35611386 -3.35618036 -3.35617139 -3.35611730 -3.35604142 -3.35596497 -3.35593988 -3.35596771
-3.35693181 -3.35701464 -3.35708938 -3.35715573 -3.35720686 -3.35723028 -3.35724536 -3.35723738 -3.35720268 -3.35715417 -3.35708080 -3.35699531 -3.35689248 -3.35679034 -3.35668200 -3.35657167 -3.35646982 -3.35638602 -3.35634097 -3.35634955 -3.35641591 -3.35653398 -3.35667832 -3.35681785 -3.35692838 -3.35699439 -3.35700535 -3.35695706 -3.35690147 -3.35685979 -3.35685179 -3.35686651
-3.35776532 -3.35781031 -3.35785594 -3.35787984 -3.35790051 -3.35789678 -3.35788659 -3.35786565 -3.35782742 -3.35777933 -3.35770834 -3.35761905 -3.35752638 -3.35743845 -3.35734421 -3.35724390 -3.35716577 -3.35710203 -3.35707453 -3.35709109 -3.35716173 -3.35727893 -3.35741429 -3.35755679 -3.35767737 -3.35775014 -3.35777356 -3.35775442 -3.35773219 -3.35769863 -3.35770083 -3.35772300
-3.35847935 -3.35849359 -3.35849313 -3.35847391 -3.35845443 -3.35842269 -3.35838207 -3.35834399 -3.35830747 -3.35826626 -3.35819126 -3.35812288 -3.35804140 -3.35795876 -3.35787821 -3.35780247 -3.35772781 -3.35770337 -3.35768558 -3.35771210 -3.35778518 -3.35789780 -3.35803952 -3.35818587 -3.35831111 -3.35840551 -3.35844597 -3.35846175 -3.35845681 -3.35844803 -3.35844897 -3.35846378
-3.35906831 -3.35904152 -3.35899200 -3.35893556 -3.35887226 -3.35880758 -3.35875752 -3.35870734 -3.35867079 -3.35863141 -3.35857398 -3.35851069 -3.35844445 -3.35837964 -3.35830409 -3.35823808 -3.35819198 -3.35815421 -3.35817104 -3.35819991 -3.35827565 -3.35839323 -3.35853442 -3.35868486 -3.35881884 -3.35893357 -3.35900674 -3.35904410 -3.35906071 -3.35906333 -3.35907012 -3.35906807
-3.35952099 -3.35946335 -3.35938289 -3.35928685 -3.35919449 -3.35910060 -3.35903999 -3.35898526 -3.35895086 -3.35891946 -3.35888211 -3.35883880 -3.35879127 -3.35872669 -3.35866440 -3.35860128 -3.35855514 -3.35852514 -3.35852799 -3.35856130 -3.35863610 -3.35875699 -3.35889779 -3.35905077 -3.35920385 -3.35933022 -3.35943030 -3.35949135 -3.35953067 -3.35954322 -3.35954948 -3.35954520
-3.35984608 -3.35976898 -3.35966712 -3.35955363 -3.35943089 -3.35933551 -3.35926942 -3.35921599 -3.35918971 -3.35917239 -3.35915073 -3.35912880 -3.35909737 -3.35903487 -3.35897615 -3.35890917 -3.35885920 -3.35881731 -3.35879566 -3.35882507 -3.35888868 -3.35899939 -3.35913929 -3.35928790 -3.35945562 -3.35959710 -3.35971421 -3.35979608 -3.35986096 -3.35988142 -3.35989270 -3.35988515
-3.36004062 -3.35996198 -3.35986404 -3.35974578 -3.35963022 -3.35953973 -3.35947047 -3.35943041 -3.35941873 -3.35942229 -3.35942396 -3.35941600 -3.35939358 -3.35934190 -3.35926484 -3.35919589 -3.35911378 -3.35904851 -3.35900100 -3.35900106 -3.35903945 -3.35912716 -3.35926048 -3.35940505 -3.35957972 -3.35973444 -3.35986601 -3.35997090 -3.36004824 -3.36009679 -3.36010316 -3.36008770
-3.36016612 -3.36009856 -3.36000909 -3.35991083 -3.35981540 -3.35973817 -3.35969242 -3.35966528 -3.35967485 -3.35969351 -3.35971440 -3.35972136 -3.35971499 -3.35966214 -3.35957844 -3.35946500 -3.35935829 -3.35925430 -3.35916948 -3.35912363 -3.35913216 -3.35918554 -3.35929604 -3.35943962 -3.35961379 -3.35976932 -3.35991302 -3.36002284 -3.36011108 -3.36017711 -3.36020285 -3.36019790
-3.36021908 -3.36018511 -3.36012660 -3.36005650 -3.35999026 -3.35993416 -3.35991386 -3.35991751 -3.35994269 -3.35998955 -3.36003107 -3.36005611 -3.36004154 -3.35999088 -3.35989722 -3.35975552 -3.35959179 -3.35944382 -3.35930276 -3.35920973 -3.35917831 -3.35919405 -3.35926780 -3.35939874 -3.35954387 -3.35969395 -3.35984375 -3.35997362 -3.36008225 -3.36016096 -3.36021664 -3.36024070
