32 32 0 1
-3.36038399 -3.36036003 -3.36031316 -3.36027096 -3.36023765 -3.36022353 -3.36023441 -3.36028277 -3.36035233 -3.36042706 -3.36049257 -3.36053186 -3.36050914 -3.36043725 -3.36031598 -3.36013692 -3.35992965 -3.35972792 -3.35954404 -3.35940499 -3.35932390 -3.35930397 -3.35934695 -3.35943691 -3.35957281 -3.35973815 -3.35990366 -3.36004684 -3.36017512 -3.36027606 -3.36034509 -3.36038459
-3.36043037 -3.36044557 -3.36045853 -3.36045061 -3.36044943 -3.36045414 -3.36048410 -3.36055460 -3.36062830 -3.36071963 -3.36078768 -3.36082820 -3.36081537 -3.36072765 -3.36058532 -3.36037732 -3.36013444 -3.35988223 -3.35964251 -3.35945409 -3.35933582 -3.35926358 -3.35927379 -3.35932632 -3.35944209 -3.35958562 -3.35974929 -3.35991054 -3.36005918 -3.36019414 -3.36029428 -3.36037764
-3.36044668 -3.36051568 -3.36055970 -3.36060064 -3.36063608 -3.36066359 -3.36071060 -3.36077838 -3.36086171 -3.36096059 -3.36103305 -3.36106759 -3.36104606 -3.36095305 -3.36079409 -3.36056083 -3.36029395 -3.36001343 -3.35973890 -3.35950707 -3.35933656 -3.35923251 -3.35918878 -3.35922019 -3.35928629 -3.35942295 -3.35957196 -3.35975272 -3.35991809 -3.36008490 -3.36022032 -3.36034760
-3.36042388 -3.36052634 -3.36061299 -3.36069625 -3.36075531 -3.36080538 -3.36087065 -3.36095423 -3.36103076 -3.36112106 -3.36119598 -3.36122107 -3.36119225 -3.36108538 -3.36091118 -3.36067249 -3.36039495 -3.36008675 -3.35979644 -3.35953083 -3.35932485 -3.35917768 -3.35910359 -3.35909891 -3.35914143 -3.35925178 -3.35939911 -3.35956912 -3.35976443 -3.35994625 -3.36011865 -3.36028220
-3.36032239 -3.36046460 -3.36058632 -3.36069477 -3.36078691 -3.36086737 -3.36093671 -3.36102390 -3.36110345 -3.36118987 -3.36124338 -3.36126414 -3.36123251 -3.36111669 -3.36093771 -3.36069884 -3.36041346 -3.36010031 -3.35979702 -3.35951859 -3.35928574 -3.35911251 -3.35900514 -3.35896350 -3.35898596 -3.35906171 -3.35919306 -3.35936826 -3.35956604 -3.35976878 -3.35996532 -3.36015767
-3.36014634 -3.36031646 -3.36046404 -3.36060785 -3.36072354 -3.36081505 -3.36090290 -3.36098245 -3.36106439 -3.36114095 -3.36118840 -3.36118909 -3.36115285 -3.36104673 -3.36085539 -3.36062517 -3.36033806 -3.36003045 -3.35972768 -3.35944156 -3.35919222 -3.35900932 -3.35887286 -3.35880150 -3.35880077 -3.35885325 -3.35897338 -3.35913415 -3.35932856 -3.35954090 -3.35975657 -3.35996057
-3.35987457 -3.36006157 -3.36023636 -3.36039936 -3.36052613 -3.36064300 -3.36075281 -3.36083447 -3.36092258 -3.36098501 -3.36101666 -3.36102203 -3.36096522 -3.36086280 -3.36068387 -3.36044604 -3.36017239 -3.35987324 -3.35957841 -3.35929941 -3.35904801 -3.35885147 -3.35870157 -3.35860508 -3.35857002 -3.35861247 -3.35870942 -3.35885876 -3.35904529 -3.35925103 -3.35945975 -3.35966558
-3.35947375 -3.35968013 -3.35988717 -3.36006206 -3.36020486 -3.36034289 -3.36046181 -3.36056238 -3.36064279 -3.36070035 -3.36073027 -3.36072168 -3.36066144 -3.36055185 -3.36038734 -3.36015981 -3.35989656 -3.35961528 -3.35933624 -3.35905461 -3.35881093 -3.35860790 -3.35844861 -3.35833228 -3.35829399 -3.35831511 -3.35839182 -3.35851809 -3.35869753 -3.35888073 -3.35907124 -3.35926341
-3.35896750 -3.35918346 -3.35939306 -3.35958628 -3.35975680 -3.35991147 -3.36004315 -3.36014435 -3.36022706 -3.36028215 -3.36031397 -3.36030648 -3.36024536 -3.36013184 -3.35996654 -3.35974946 -3.35950326 -3.35924386 -3.35897344 -3.35871093 -3.35847613 -3.35828552 -3.35811694 -3.35800704 -3.35794726 -3.35795176 -3.35801430 -3.35811980 -3.35826181 -3.35841519 -3.35859170 -3.35876938
-3.35837492 -3.35857605 -3.35878385 -3.35898763 -3.35916760 -3.35933613 -3.35947140 -3.35958164 -3.35966633 -3.35972194 -3.35975074 -3.35974942 -3.35969418 -3.35959339 -3.35943007 -3.35922527 -3.35899425 -3.35874716 -3.35850088 -3.35825816 -3.35803492 -3.35784825 -3.35769154 -3.35758721 -3.35752486 -3.35752944 -3.35757098 -3.35764927 -3.35775207 -3.35788150 -3.35802560 -3.35818748
-3.35767701 -3.35786494 -3.35806624 -3.35826950 -3.35844162 -3.35860638 -3.35873623 -3.35884645 -3.35894008 -3.35900054 -3.35904252 -3.35904180 -3.35900515 -3.35890171 -3.35876127 -3.35856539 -3.35835319 -3.35811606 -3.35789188 -3.35767813 -3.35747732 -3.35731726 -3.35718231 -3.35708387 -3.35704492 -3.35702876 -3.35705333 -3.35710224 -3.35717748 -3.35727067 -3.35737665 -3.35751510
-3.35691615 -3.35707925 -3.35725876 -3.35743388 -3.35759492 -3.35774255 -3.35785643 -3.35796257 -3.35804931 -3.35812422 -3.35817638 -3.35819888 -3.35817713 -3.35808984 -3.35796188 -3.35777855 -3.35757968 -3.35736921 -3.35716323 -3.35697314 -3.35681550 -3.35668038 -3.35658200 -3.35651505 -3.35647648 -3.35646522 -3.35647350 -3.35649954 -3.35654288 -3.35659910 -3.35667340 -3.35678064
-3.35611236 -3.35623259 -3.35637850 -3.35652706 -3.35665618 -3.35676505 -3.35686799 -3.35695929 -3.35704359 -3.35712692 -3.35719349 -3.35722685 -3.35723008 -3.35717163 -3.35705503 -3.35689895 -3.35671955 -3.35653123 -3.35634090 -3.35618781 -3.35607079 -3.35598215 -3.35591783 -3.35587738 -3.35586493 -3.35585587 -3.35586069 -3.35586288 -3.35587346 -3.35590037 -3.35594473 -3.35601173
-3.35530049 -3.35538381 -3.35548268 -3.35558089 -3.35568143 -3.35576457 -3.35582693 -3.35590254 -3.35599255 -3.35608137 -3.35615889 -3.35621024 -3.35621969 -3.35619071 -3.35609646 -3.35596387 -3.35580736 -3.35563555 -3.35548259 -3.35536723 -3.35528396 -3.35524274 -3.35521971 -3.35522265 -3.35524215 -3.35524096 -3.35524311 -3.35522595 -3.35521667 -3.35520963 -3.35521339 -3.35524898
-3.35455669 -3.35458828 -3.35465555 -3.35471429 -3.35476338 -3.35481061 -3.35485240 -3.35490483 -3.35497828 -3.35506912 -3.35516058 -3.35523595 -3.35527173 -3.35525722 -3.35518777 -3.35507097 -3.35492955 -3.35479019 -3.35466387 -3.35457836 -3.35453487 -3.35453934 -3.35456420 -3.35460713 -3.35464719 -3.35466873 -3.35467484 -3.35465046 -3.35460859 -3.35456469 -3.35454583 -3.35454015
-3.35393379 -3.35393781 -3.35396790 -3.35399207 -3.35401003 -3.35402910 -3.35404426 -3.35407398 -3.35413740 -3.35422030 -3.35431114 -3.35440460 -3.35446078 -3.35446493 -3.35441539 -3.35432057 -3.35419287 -3.35407340 -3.35397103 -3.35390357 -3.35389276 -3.35393136 -3.35400276 -3.35408421 -3.35415665 -3.35420012 -3.35421063 -3.35416570 -3.35410435 -3.35403409 -3.35397222 -3.35394494
-3.35351871 -3.35350189 -3.35351115 -3.35351270 -3.35351077 -3.35350741 -3.35350348 -3.35352509 -3.35356921 -3.35364613 -3.35374295 -3.35382609 -3.35388114 -3.35390411 -3.35386465 -3.35378556 -3.35367118 -3.35357028 -3.35347889 -3.35343517 -3.35344534 -3.35350949 -3.35361950 -3.35373224 -3.35383285 -3.35388111 -3.35389311 -3.35384782 -3.35377415 -3.35366840 -3.35359812 -3.35354561
-3.35335235 -3.35334708 -3.35335216 -3.35335010 -3.35333858 -3.35332109 -3.35331058 -3.35332188 -3.35335951 -3.35341624 -3.35349890 -3.35357641 -3.35363901 -3.35364790 -3.35362233 -3.35354187 -3.35344347 -3.35332977 -3.35325813 -3.35322597 -3.35326026 -3.35334383 -3.35346136 -3.35359661 -3.35371161 -3.35377401 -3.35378306 -3.35373269 -3.35363839 -3.35353737 -3.35345118 -3.35338526
-3.35348254 -3.35348685 -3.35349191 -3.35350620 -3.35350959 -3.35349646 -3.35348971 -3.35349472 -3.35351558 -3.35355081 -3.35360834 -3.35366478 -3.35370432 -3.35371353 -3.35368249 -3.35361065 -3.35351970 -3.35341371 -3.35334202 -3.35331482 -3.35335317 -3.35344272 -3.35357641 -3.35371695 -3.35383344 -3.35389776 -3.35389156 -3.35383624 -3.35374224 -3.35364487 -3.35355615 -3.35349990
-3.35387703 -3.35389944 -3.35392984 -3.35396836 -3.35399065 -3.35399349 -3.35399479 -3.35399381 -3.35399675 -3.35401463 -3.35404613 -3.35407064 -3.35408969 -3.35407474 -3.35404788 -3.35397589 -3.35387600 -3.35377942 -3.35370320 -3.35367100 -3.35370934 -3.35380216 -3.35393157 -3.35407238 -3.35418912 -3.35424643 -3.35423582 -3.35416719 -3.35408538 -3.35399399 -3.35391166 -3.35387949
-3.35449161 -3.35454582 -3.35460604 -3.35466237 -3.35471113 -3.35472816 -3.35473246 -3.35472954 -3.35471791 -3.35471796 -3.35470977 -3.35471540 -3.35471346 -3.35467657 -3.35462942 -3.35454832 -3.35445348 -3.35436631 -3.35429347 -3.35425516 -3.35428418 -3.35437732 -3.35450340 -3.35463349 -3.35473897 -3.35479343 -3.35478208 -3.35470601 -3.35461834 -3.35454514 -3.35448590 -3.35447174
-3.35526584 -3.35533999 -3.35541816 -3.35548468 -3.35555530 -3.35558507 -3.35559074 -3.35559005 -3.35556935 -3.35554321 -3.35552249 -3.35550146 -3.35546800 -3.35541520 -3.35535012 -3.35526299 -3.35517558 -3.35508967 -3.35501818 -3.35498083 -3.35500828 -3.35509764 -3.35521248 -3.35533755 -3.35542198 -3.35546643 -3.35545599 -3.35539157 -3.35531347 -3.35525048 -3.35521186 -3.35521744
-3.35610920 -3.35618918 -3.35627000 -3.35635621 -3.35641237 -3.35645137 -3.35646219 -3.35646069 -3.35643431 -3.35640117 -3.35635815 -3.35631359 -3.35625434 -3.35618027 -3.35611387 -3.35603030 -3.35594374 -3.35585624 -3.35579694 -3.35577046 -3.35580562 -3.35588505 -3.35599770 -3.35610440 -3.35617907 -3.35622810 -3.35621424 -3.35617125 -3.35610494 -3.35604239 -3.35602572 -3.35604998
-3.35695460 -3.35703535 -3.35710903 -3.35716862 -3.35721526 -3.35723535 -3.35724639 -3.35724612 -3.35721336 -3.35717819 -3.35712664 -3.35706580 -3.35698685 -3.35691245 -3.35683294 -3.35675289 -3.35666834 -3.35659769 -3.35655724 -3.35654796 -3.35658608 -3.35667095 -3.35677207 -3.35687226 -3.35695429 -3.35700091 -3.35700346 -3.35695397 -3.35690491 -3.35687430 -3.35686915 -3.35688995
-3.35775035 -3.35779836 -3.35784595 -3.35787632 -3.35790089 -3.35790037 -3.35789920 -3.35788405 -3.35785690 -3.35782310 -3.35776926 -3.35769620 -3.35762031 -3.35754843 -3.35746852 -3.35738512 -3.35731922 -3.35726661 -3.35723525 -3.35723984 -3.35729301 -3.35738108 -3.35748247 -3.35758950 -3.35768116 -3.35773341 -3.35774556 -3.35771964 -3.35769636 -3.35766736 -3.35767559 -3.35770106
-3.35843503 -3.35845467 -3.35846090 -3.35845088 -3.35844174 -3.35841947 -3.35839117 -3.35836578 -3.35834752 -3.35831993 -3.35825888 -3.35820339 -3.35813566 -3.35805740 -3.35798510 -3.35791784 -3.35785422 -3.35783217 -3.35781349 -3.35783507 -3.35789415 -3.35798311 -3.35809857 -3.35821487 -3.35831110 -3.35838758 -3.35841597 -3.35842399 -3.35841071 -3.35839936 -3.35840203 -3.35841744
-3.35901318 -3.35898820 -3.35894343 -3.35889660 -3.35884329 -3.35879131 -3.35875816 -3.35872445 -3.35870803 -3.35868992 -3.35864631 -3.35859732 -3.35854058 -3.35847753 -3.35840330 -3.35834199 -3.35829934 -3.35826562 -3.35828647 -3.35831288 -3.35837945 -3.35848182 -3.35859937 -3.35872778 -3.35883977 -3.35893755 -3.35899547 -3.35902020 -3.35902696 -3.35902509 -3.35901990 -3.35901359
-3.35946580 -3.35940294 -3.35932438 -3.35923425 -3.35915133 -3.35907364 -3.35903214 -3.35900125 -3.35898808 -3.35897908 -3.35896001 -3.35893225 -3.35889102 -3.35882761 -3.35876403 -3.35869958 -3.35865871 -3.35862958 -3.35863577 -3.35867176 -3.35874245 -3.35885299 -3.35898130 -3.35911577 -3.35925168 -3.35936186 -3.35944947 -3.35949940 -3.35952629 -3.35952729 -3.35951940 -3.35949952
-3.35980727 -3.35971624 -3.35960921 -3.35949852 -3.35938665 -3.35929990 -3.35925863 -3.35923486 -3.35923445 -3.35923925 -3.35924031 -3.35922778 -3.35920228 -3.35914248 -3.35908152 -3.35901320 -3.35896216 -3.35892436 -3.35890865 -3.35893759 -3.35900190 -3.35910859 -3.35924096 -3.35937812 -3.35952957 -3.35966229 -3.35976652 -3.35983904 -3.35989481 -3.35989934 -3.35989092 -3.35986372
-3.36003505 -3.35993620 -3.35982520 -3.35970177 -3.35959441 -3.35951817 -3.35947130 -3.35946081 -3.35947583 -3.35950224 -3.35952783 -3.35953005 -3.35951303 -3.35945764 -3.35937911 -3.35930434 -3.35922321 -3.35915620 -3.35911543 -3.35911940 -3.35916208 -3.35924842 -3.35937701 -3.35951434 -3.35968159 -3.35983091 -3.35995890 -3.36005198 -3.36012127 -3.36015664 -3.36014295 -3.36010406
-3.36019917 -3.36010841 -3.36000117 -3.35989599 -3.35980342 -3.35973984 -3.35971377 -3.35971214 -3.35974898 -3.35979276 -3.35983092 -3.35984987 -3.35984192 -3.35978441 -3.35969377 -3.35957966 -3.35947198 -3.35936846 -3.35929111 -3.35925038 -3.35926424 -3.35931962 -3.35942681 -3.35956357 -3.35973578 -3.35989319 -3.36003905 -3.36014899 -3.36022839 -3.36028125 -3.36028366 -3.36025471
-3.36030273 -3.36024658 -3.36016685 -3.36008442 -3.36001958 -3.35996823 -3.35996592 -3.35999259 -3.36004317 -3.36010865 -3.36015967 -3.36019020 -3.36017225 -3.36011546 -3.36001496 -3.35986849 -3.35970384 -3.35955948 -3.35942935 -3.35934291 -3.35931568 -3.35933178 -3.35940529 -3.35953740 -3.35968751 -3.35984307 -3.35999957 -3.36013544 -3.36024221 -3.36030981 -3.36034542 -3.36034715
