32 32 0 1
-3.35889810 -3.35902843 -3.35913313 -3.35922439 -3.35930518 -3.35937723 -3.35944149 -3.35951577 -3.35958367 -3.35963857 -3.35966384 -3.35965239 -3.35957702 -3.35944544 -3.35926799 -3.35902304 -3.35875114 -3.35848572 -3.35822866 -3.35801611 -3.35785665 -3.35776031 -3.35772036 -3.35772935 -3.35778828 -3.35788080 -3.35799879 -3.35811900 -3.35826617 -3.35842653 -3.35858461 -3.35874897
-3.35886829 -3.35903563 -3.35919952 -3.35932658 -3.35944244 -3.35953390 -3.35961555 -3.35971127 -3.35978446 -3.35985712 -3.35988949 -3.35988602 -3.35982961 -3.35969335 -3.35950228 -3.35924288 -3.35894271 -3.35862924 -3.35832483 -3.35806522 -3.35786919 -3.35772213 -3.35764438 -3.35761322 -3.35764814 -3.35771757 -3.35782409 -3.35795580 -3.35811212 -3.35829526 -3.35847723 -3.35867693
-3.35886164 -3.35907800 -3.35926947 -3.35944788 -3.35959335 -3.35970373 -3.35980157 -3.35988838 -3.35997444 -3.36004962 -3.36008925 -3.36008567 -3.36003025 -3.35989742 -3.35970456 -3.35942975 -3.35911594 -3.35878145 -3.35844866 -3.35815065 -3.35790699 -3.35772768 -3.35760832 -3.35755238 -3.35753842 -3.35759649 -3.35768413 -3.35783114 -3.35799116 -3.35819336 -3.35840205 -3.35863327
-3.35886734 -3.35911089 -3.35933835 -3.35954795 -3.35971708 -3.35984560 -3.35995577 -3.36005420 -3.36012821 -3.36019631 -3.36023793 -3.36023390 -3.36017665 -3.36004360 -3.35984581 -3.35957497 -3.35926035 -3.35890556 -3.35856247 -3.35824114 -3.35796783 -3.35775355 -3.35760427 -3.35752001 -3.35748246 -3.35751744 -3.35760015 -3.35772563 -3.35790617 -3.35811219 -3.35834955 -3.35861028
-3.35884149 -3.35911356 -3.35936481 -3.35959109 -3.35978637 -3.35994477 -3.36005769 -3.36015446 -3.36022297 -3.36029229 -3.36031584 -3.36031157 -3.36025547 -3.36012602 -3.35993307 -3.35967228 -3.35935389 -3.35900859 -3.35866317 -3.35833323 -3.35804313 -3.35780961 -3.35763081 -3.35751105 -3.35745972 -3.35746346 -3.35752977 -3.35765158 -3.35782905 -3.35804165 -3.35829036 -3.35856361
-3.35877138 -3.35906043 -3.35933077 -3.35958435 -3.35980060 -3.35995487 -3.36008237 -3.36017818 -3.36025164 -3.36030535 -3.36033186 -3.36031463 -3.36025621 -3.36014656 -3.35995036 -3.35970691 -3.35940542 -3.35907206 -3.35873274 -3.35839792 -3.35809962 -3.35785616 -3.35765361 -3.35750957 -3.35743471 -3.35741334 -3.35746788 -3.35757629 -3.35774102 -3.35795299 -3.35820965 -3.35848604
-3.35863413 -3.35892721 -3.35921775 -3.35948397 -3.35970411 -3.35988558 -3.36003224 -3.36012687 -3.36020678 -3.36025962 -3.36026968 -3.36025966 -3.36018974 -3.36008844 -3.35990685 -3.35967248 -3.35938625 -3.35906307 -3.35873673 -3.35841843 -3.35812224 -3.35786977 -3.35765079 -3.35748509 -3.35738049 -3.35735085 -3.35738118 -3.35747489 -3.35762672 -3.35783108 -3.35806854 -3.35833607
-3.35839182 -3.35869899 -3.35901050 -3.35929181 -3.35951787 -3.35972222 -3.35987860 -3.35999485 -3.36008008 -3.36012704 -3.36014262 -3.36012391 -3.36005466 -3.35995404 -3.35979365 -3.35956586 -3.35929464 -3.35899972 -3.35869688 -3.35838378 -3.35809462 -3.35783906 -3.35760753 -3.35741666 -3.35729607 -3.35724253 -3.35725101 -3.35732776 -3.35746986 -3.35764387 -3.35785865 -3.35810519
-3.35808494 -3.35838843 -3.35869951 -3.35898780 -3.35924258 -3.35945924 -3.35963785 -3.35976579 -3.35985525 -3.35990901 -3.35993050 -3.35991628 -3.35985455 -3.35975017 -3.35958603 -3.35937643 -3.35913152 -3.35886703 -3.35858067 -3.35828225 -3.35800742 -3.35775219 -3.35750766 -3.35731454 -3.35716951 -3.35708678 -3.35707622 -3.35712743 -3.35723546 -3.35737891 -3.35757555 -3.35780786
-3.35770715 -3.35800248 -3.35830056 -3.35859609 -3.35886014 -3.35909545 -3.35929023 -3.35943763 -3.35954086 -3.35960480 -3.35963027 -3.35962970 -3.35957371 -3.35946948 -3.35931487 -3.35911519 -3.35889768 -3.35865321 -3.35839660 -3.35811881 -3.35784482 -3.35758284 -3.35733822 -3.35713383 -3.35696890 -3.35687579 -3.35683752 -3.35685283 -3.35692651 -3.35705434 -3.35722173 -3.35744423
-3.35724934 -3.35753535 -3.35783345 -3.35812915 -3.35839228 -3.35863508 -3.35883019 -3.35898951 -3.35911867 -3.35919485 -3.35924156 -3.35924173 -3.35919170 -3.35909153 -3.35895364 -3.35877246 -3.35858110 -3.35835794 -3.35812266 -3.35787748 -3.35761213 -3.35735500 -3.35710863 -3.35689046 -3.35671639 -3.35658595 -3.35652053 -3.35651147 -3.35655670 -3.35665830 -3.35680218 -3.35700369
-3.35675657 -3.35703049 -3.35731755 -3.35759764 -3.35786370 -3.35809556 -3.35828841 -3.35845782 -3.35858923 -3.35868212 -3.35873836 -3.35875044 -3.35871286 -3.35861704 -3.35849414 -3.35833574 -3.35816901 -3.35797595 -3.35776605 -3.35753936 -3.35729194 -3.35704749 -3.35680494 -3.35657581 -3.35638113 -3.35623623 -3.35614182 -3.35610672 -3.35612732 -3.35620311 -3.35633029 -3.35651816
-3.35624070 -3.35649783 -3.35677725 -3.35704007 -3.35728070 -3.35749828 -3.35768539 -3.35784727 -3.35798117 -3.35808183 -3.35814133 -3.35815490 -3.35812776 -3.35805304 -3.35794187 -3.35781375 -3.35767470 -3.35751668 -3.35733069 -3.35712789 -3.35690288 -3.35667295 -3.35643368 -3.35619772 -3.35599822 -3.35583241 -3.35572163 -3.35565538 -3.35565284 -3.35571604 -3.35583464 -3.35601723
-3.35574093 -3.35599192 -3.35624121 -3.35648060 -3.35670628 -3.35690136 -3.35705422 -3.35720491 -3.35733313 -3.35743541 -3.35749295 -3.35750095 -3.35746619 -3.35740900 -3.35731696 -3.35721874 -3.35710717 -3.35697972 -3.35683304 -3.35666094 -3.35646571 -3.35625009 -3.35601138 -3.35578657 -3.35559054 -3.35540797 -3.35527951 -3.35520023 -3.35518722 -3.35524412 -3.35535432 -3.35553500
-3.35531698 -3.35554282 -3.35578577 -3.35600049 -3.35618989 -3.35635669 -3.35648695 -3.35659765 -3.35670415 -3.35678349 -3.35682729 -3.35683710 -3.35681181 -3.35675529 -3.35668245 -3.35660174 -3.35651620 -3.35643199 -3.35631412 -3.35617884 -3.35600449 -3.35581531 -3.35559860 -3.35538276 -3.35518196 -3.35500569 -3.35488127 -3.35479791 -3.35476960 -3.35481339 -3.35493247 -3.35510970
-3.35499590 -3.35522016 -3.35544653 -3.35564211 -3.35580433 -3.35593815 -3.35603658 -3.35610588 -3.35617243 -3.35621910 -3.35623193 -3.35623401 -3.35620295 -3.35614931 -3.35609541 -3.35603255 -3.35597592 -3.35591933 -3.35583767 -3.35572194 -3.35557661 -3.35541058 -3.35522108 -3.35503159 -3.35484946 -3.35469121 -3.35456984 -3.35447483 -3.35444973 -3.35448950 -3.35460293 -3.35478550
-3.35485129 -3.35507252 -3.35529079 -3.35546677 -3.35560365 -3.35569846 -3.35575607 -3.35579458 -3.35580969 -3.35581345 -3.35580151 -3.35576169 -3.35570645 -3.35565995 -3.35560974 -3.35556609 -3.35553024 -3.35550183 -3.35544489 -3.35535719 -3.35524216 -3.35510604 -3.35495907 -3.35480125 -3.35464874 -3.35450209 -3.35439203 -3.35431251 -3.35429408 -3.35432792 -3.35445208 -3.35463546
-3.35489331 -3.35512916 -3.35534328 -3.35550561 -3.35561720 -3.35567999 -3.35569864 -3.35569350 -3.35566535 -3.35561886 -3.35555553 -3.35548899 -3.35541710 -3.35534792 -3.35530301 -3.35526503 -3.35524967 -3.35522397 -3.35519658 -3.35513995 -3.35506340 -3.35496604 -3.35485163 -3.35473552 -3.35461321 -3.35449969 -3.35440467 -3.35434038 -3.35431745 -3.35436602 -3.35449096 -3.35467275
-3.35515148 -3.35538607 -3.35559340 -3.35575105 -3.35585152 -3.35588439 -3.35587272 -3.35582597 -3.35574942 -3.35564767 -3.35553779 -3.35542223 -3.35531873 -3.35524113 -3.35518769 -3.35515703 -3.35515541 -3.35514823 -3.35513779 -3.35510995 -3.35506714 -3.35500750 -3.35494105 -3.35486372 -3.35478069 -3.35469207 -3.35460969 -3.35455690 -3.35454204 -3.35460344 -3.35473045 -3.35492277
-3.35558176 -3.35581498 -3.35601843 -3.35617016 -3.35626156 -3.35627854 -3.35624116 -3.35615740 -3.35602904 -3.35589089 -3.35573840 -3.35558224 -3.35544897 -3.35534536 -3.35528580 -3.35525234 -3.35524522 -3.35525572 -3.35526096 -3.35525503 -3.35525324 -3.35523201 -3.35520638 -3.35517046 -3.35513174 -3.35507458 -3.35500773 -3.35495761 -3.35496516 -3.35502936 -3.35515350 -3.35535475
-3.35612836 -3.35636202 -3.35656235 -3.35671144 -3.35679506 -3.35679528 -3.35673415 -3.35662091 -3.35645981 -3.35628704 -3.35609132 -3.35590866 -3.35575527 -3.35562932 -3.35554930 -3.35550518 -3.35549884 -3.35552361 -3.35554157 -3.35555941 -3.35558321 -3.35560360 -3.35562576 -3.35563138 -3.35562713 -3.35560302 -3.35555423 -3.35551079 -3.35551099 -3.35558253 -3.35571044 -3.35590371
-3.35673345 -3.35696395 -3.35715365 -3.35728765 -3.35736635 -3.35736075 -3.35728221 -3.35715651 -3.35697529 -3.35676853 -3.35655775 -3.35635249 -3.35617638 -3.35603422 -3.35593743 -3.35588027 -3.35587643 -3.35589483 -3.35592245 -3.35595779 -3.35601073 -3.35607644 -3.35613493 -3.35618778 -3.35619987 -3.35619658 -3.35617312 -3.35614262 -3.35614495 -3.35620426 -3.35632764 -3.35651117
-3.35733222 -3.35754299 -3.35772123 -3.35785629 -3.35790855 -3.35789618 -3.35781642 -3.35767852 -3.35749420 -3.35728386 -3.35706143 -3.35683860 -3.35664575 -3.35648063 -3.35637687 -3.35631629 -3.35630100 -3.35630909 -3.35634696 -3.35640194 -3.35647891 -3.35657802 -3.35667717 -3.35674517 -3.35678829 -3.35681351 -3.35680059 -3.35679062 -3.35679508 -3.35684131 -3.35695288 -3.35712721
-3.35788805 -3.35807678 -3.35823111 -3.35833279 -3.35837608 -3.35834315 -3.35826295 -3.35813357 -3.35795991 -3.35776064 -3.35753230 -3.35730985 -3.35710474 -3.35693821 -3.35681742 -3.35674461 -3.35670503 -3.35671919 -3.35676205 -3.35683044 -3.35692984 -3.35704878 -3.35716453 -3.35726074 -3.35733311 -3.35737086 -3.35738250 -3.35736906 -3.35737663 -3.35743273 -3.35754373 -3.35769489
-3.35835332 -3.35850879 -3.35863420 -3.35870587 -3.35873149 -3.35869133 -3.35861083 -3.35848615 -3.35832779 -3.35813967 -3.35792981 -3.35771239 -3.35751030 -3.35734845 -3.35721248 -3.35712405 -3.35708342 -3.35708092 -3.35711683 -3.35719019 -3.35730534 -3.35743540 -3.35756543 -3.35768883 -3.35778024 -3.35784128 -3.35786415 -3.35787123 -3.35789144 -3.35794126 -3.35804400 -3.35819086
-3.35870472 -3.35882706 -3.35891768 -3.35896173 -3.35896784 -3.35892319 -3.35883341 -3.35871975 -3.35858213 -3.35842614 -3.35823006 -3.35803719 -3.35785331 -3.35768294 -3.35754626 -3.35744933 -3.35738693 -3.35739205 -3.35741146 -3.35748343 -3.35759252 -3.35772061 -3.35786350 -3.35799499 -3.35810554 -3.35818922 -3.35823061 -3.35825634 -3.35829094 -3.35834600 -3.35844495 -3.35857216
-3.35894119 -3.35902741 -3.35908237 -3.35910902 -3.35909203 -3.35903583 -3.35896732 -3.35886153 -3.35875053 -3.35861728 -3.35846274 -3.35829590 -3.35812455 -3.35797065 -3.35782351 -3.35770664 -3.35764185 -3.35760543 -3.35763702 -3.35768912 -3.35778608 -3.35791220 -3.35804951 -3.35819143 -3.35830674 -3.35840521 -3.35847132 -3.35851793 -3.35856781 -3.35863413 -3.35872367 -3.35882782
-3.35907513 -3.35913342 -3.35916630 -3.35916892 -3.35913799 -3.35908574 -3.35902615 -3.35894681 -3.35885996 -3.35876416 -3.35864656 -3.35850948 -3.35836621 -3.35820966 -3.35806627 -3.35793173 -3.35784567 -3.35779285 -3.35778342 -3.35781718 -3.35789487 -3.35801765 -3.35813979 -3.35827019 -3.35840129 -3.35850240 -3.35858961 -3.35865874 -3.35872974 -3.35880354 -3.35888278 -3.35898357
-3.35911595 -3.35916328 -3.35917795 -3.35917290 -3.35913557 -3.35909578 -3.35905995 -3.35901138 -3.35896119 -3.35889935 -3.35881465 -3.35871038 -3.35858725 -3.35843230 -3.35828870 -3.35814188 -3.35803146 -3.35794831 -3.35789472 -3.35789509 -3.35794330 -3.35803072 -3.35814021 -3.35825803 -3.35838446 -3.35850169 -3.35859855 -3.35868935 -3.35878420 -3.35886685 -3.35895324 -3.35904044
-3.35908141 -3.35912584 -3.35915141 -3.35914977 -3.35913079 -3.35910989 -3.35908923 -3.35908088 -3.35906269 -3.35903829 -3.35899240 -3.35891366 -3.35881167 -3.35867188 -3.35850759 -3.35835309 -3.35820238 -3.35808076 -3.35798198 -3.35794027 -3.35794100 -3.35798958 -3.35807446 -3.35817320 -3.35829481 -3.35841074 -3.35851967 -3.35862487 -3.35872832 -3.35883717 -3.35891991 -3.35900577
-3.35902068 -3.35908069 -3.35911444 -3.35913452 -3.35914117 -3.35915378 -3.35917086 -3.35917907 -3.35919794 -3.35920605 -3.35919027 -3.35914167 -3.35906141 -3.35892710 -3.35875395 -3.35856007 -3.35838114 -3.35821002 -3.35806867 -3.35796534 -3.35791655 -3.35791577 -3.35796130 -3.35803747 -3.35815289 -3.35826010 -3.35837591 -3.35848276 -3.35859948 -3.35872109 -3.35882872 -3.35892743
-3.35894424 -3.35904158 -3.35911009 -3.35915937 -3.35920513 -3.35923459 -3.35928256 -3.35932883 -3.35937048 -3.35941070 -3.35941881 -3.35939331 -3.35931317 -3.35918935 -3.35901340 -3.35879660 -3.35856072 -3.35834989 -3.35814675 -3.35798634 -3.35788251 -3.35782972 -3.35783315 -3.35788671 -3.35796630 -3.35806541 -3.35818195 -3.35830779 -3.35843949 -3.35857373 -3.35870960 -3.35883801
