32 32 0 1
-3.36064741 -3.36055662 -3.36043065 -3.36030099 -3.36017634 -3.36007333 -3.35999617 -3.35996718 -3.35997375 -3.36000234 -3.36004639 -3.36008610 -3.36008828 -3.36005916 -3.35999719 -3.35988321 -3.35974271 -3.35960132 -3.35946873 -3.35936808 -3.35931682 -3.35932465 -3.35939500 -3.35951980 -3.35969533 -3.35990894 -3.36013007 -3.36032255 -3.36048998 -3.36061172 -3.36068162 -3.36069560
-3.36068636 -3.36063494 -3.36056761 -3.36047142 -3.36037428 -3.36028853 -3.36022623 -3.36021603 -3.36021997 -3.36026497 -3.36030649 -3.36034787 -3.36036624 -3.36033182 -3.36025763 -3.36012679 -3.35996028 -3.35977991 -3.35959651 -3.35945754 -3.35937143 -3.35932986 -3.35936283 -3.35944938 -3.35959950 -3.35978466 -3.35999426 -3.36020186 -3.36038318 -3.36053605 -3.36063095 -3.36068404
-3.36071647 -3.36071748 -3.36068177 -3.36063119 -3.36057143 -3.36049880 -3.36045178 -3.36043010 -3.36044406 -3.36049223 -3.36053762 -3.36057848 -3.36059016 -3.36055686 -3.36047242 -3.36032361 -3.36014313 -3.35993753 -3.35973352 -3.35955826 -3.35942905 -3.35935162 -3.35933741 -3.35939988 -3.35949441 -3.35966658 -3.35985792 -3.36007715 -3.36027208 -3.36045043 -3.36057545 -3.36066599
-3.36071857 -3.36075700 -3.36076023 -3.36074875 -3.36071266 -3.36065590 -3.36061997 -3.36061083 -3.36061246 -3.36064478 -3.36069347 -3.36072514 -3.36073465 -3.36068942 -3.36059784 -3.36044903 -3.36026216 -3.36004048 -3.35982368 -3.35962166 -3.35946205 -3.35935288 -3.35930428 -3.35932712 -3.35940359 -3.35954277 -3.35972813 -3.35993036 -3.36014512 -3.36033526 -3.36049708 -3.36062972
-3.36066309 -3.36073671 -3.36077460 -3.36078677 -3.36077471 -3.36074342 -3.36070293 -3.36069353 -3.36069113 -3.36072468 -3.36074750 -3.36077165 -3.36077534 -3.36072517 -3.36062959 -3.36048569 -3.36029269 -3.36007153 -3.35984839 -3.35963819 -3.35945559 -3.35932438 -3.35924671 -3.35923464 -3.35928708 -3.35939842 -3.35956361 -3.35976959 -3.35999087 -3.36020203 -3.36038613 -3.36054686
-3.36052853 -3.36062525 -3.36068882 -3.36072863 -3.36073209 -3.36070973 -3.36067994 -3.36065661 -3.36065008 -3.36066402 -3.36067823 -3.36068949 -3.36068915 -3.36065257 -3.36054911 -3.36040822 -3.36021715 -3.36000386 -3.35978520 -3.35956805 -3.35937738 -3.35923282 -3.35913634 -3.35909976 -3.35913567 -3.35922221 -3.35937701 -3.35957711 -3.35979097 -3.36001448 -3.36022366 -3.36039641
-3.36028581 -3.36039934 -3.36048247 -3.36053407 -3.36054070 -3.36053906 -3.36052372 -3.36049047 -3.36047326 -3.36047808 -3.36048496 -3.36049739 -3.36048360 -3.36043961 -3.36034063 -3.36019913 -3.36002392 -3.35981635 -3.35960610 -3.35940381 -3.35921090 -3.35906320 -3.35895568 -3.35889168 -3.35890046 -3.35899062 -3.35913079 -3.35931910 -3.35953622 -3.35976080 -3.35995936 -3.36013682
-3.35989306 -3.36002164 -3.36012747 -3.36019294 -3.36020615 -3.36021154 -3.36019341 -3.36016786 -3.36015066 -3.36013894 -3.36013895 -3.36013657 -3.36011182 -3.36006826 -3.35997877 -3.35984343 -3.35967712 -3.35948624 -3.35928872 -3.35908577 -3.35890977 -3.35876238 -3.35864213 -3.35857470 -3.35857889 -3.35865252 -3.35878100 -3.35895884 -3.35917245 -3.35938006 -3.35957305 -3.35974105
-3.35934991 -3.35948362 -3.35959500 -3.35966508 -3.35969716 -3.35970599 -3.35968700 -3.35965866 -3.35963534 -3.35961966 -3.35961488 -3.35961152 -3.35958464 -3.35953503 -3.35944791 -3.35931779 -3.35915917 -3.35898188 -3.35879034 -3.35860105 -3.35843545 -3.35830199 -3.35818350 -3.35812578 -3.35812489 -3.35819415 -3.35831985 -3.35849163 -3.35868491 -3.35886467 -3.35904369 -3.35920732
-3.35867218 -3.35879084 -3.35889438 -3.35897641 -3.35900770 -3.35901855 -3.35899919 -3.35897192 -3.35893742 -3.35891289 -3.35890534 -3.35890215 -3.35887819 -3.35883202 -3.35874474 -3.35861409 -3.35846790 -3.35829606 -3.35812221 -3.35794575 -3.35778964 -3.35765954 -3.35756339 -3.35752076 -3.35753070 -3.35761168 -3.35773632 -3.35788594 -3.35805228 -3.35822164 -3.35838452 -3.35853140
-3.35783951 -3.35795128 -3.35805069 -3.35812386 -3.35815426 -3.35815619 -3.35812390 -3.35808124 -3.35805240 -3.35802336 -3.35801286 -3.35800111 -3.35798039 -3.35793362 -3.35785564 -3.35773480 -3.35758995 -3.35742987 -3.35727244 -3.35711626 -3.35697182 -3.35687077 -3.35680627 -3.35678119 -3.35681447 -3.35688463 -3.35700790 -3.35714704 -3.35729835 -3.35744422 -3.35758355 -3.35771206
-3.35688993 -3.35699450 -3.35708212 -3.35713568 -3.35715725 -3.35714214 -3.35709231 -3.35703849 -3.35698847 -3.35695856 -3.35694629 -3.35693518 -3.35692538 -3.35687671 -3.35680374 -3.35668407 -3.35655016 -3.35640335 -3.35626012 -3.35612393 -3.35601450 -3.35594050 -3.35590731 -3.35591595 -3.35596333 -3.35604739 -3.35615996 -3.35629492 -3.35642500 -3.35655305 -3.35666927 -3.35678561
-3.35586780 -3.35594925 -3.35601999 -3.35606217 -3.35605268 -3.35601315 -3.35595261 -3.35587595 -3.35581493 -3.35577818 -3.35575772 -3.35574895 -3.35573326 -3.35569783 -3.35562841 -3.35552705 -3.35540152 -3.35527971 -3.35514297 -3.35504192 -3.35496668 -3.35493304 -3.35493259 -3.35496175 -3.35504144 -3.35513456 -3.35524689 -3.35536356 -3.35547201 -3.35558320 -3.35568430 -3.35577935
-3.35482559 -3.35489285 -3.35493916 -3.35494867 -3.35492294 -3.35486550 -3.35477072 -3.35468172 -3.35461098 -3.35456790 -3.35454575 -3.35452993 -3.35450739 -3.35448623 -3.35442097 -3.35432996 -3.35422622 -3.35411407 -3.35401037 -3.35394202 -3.35390907 -3.35390570 -3.35394066 -3.35401037 -3.35411156 -3.35421583 -3.35432060 -3.35442288 -3.35451946 -3.35460400 -3.35467468 -3.35475647
-3.35384960 -3.35389301 -3.35392570 -3.35391662 -3.35386344 -3.35378354 -3.35367899 -3.35357037 -3.35348437 -3.35343090 -3.35340863 -3.35340096 -3.35339153 -3.35336412 -3.35331045 -3.35322801 -3.35313327 -3.35304431 -3.35297024 -3.35293068 -3.35292806 -3.35297006 -3.35304411 -3.35313656 -3.35325095 -3.35336609 -3.35347220 -3.35355742 -3.35362374 -3.35368181 -3.35374133 -3.35379830
-3.35301715 -3.35304847 -3.35306774 -3.35304728 -3.35298239 -3.35289398 -3.35278386 -3.35266207 -3.35257077 -3.35251650 -3.35248084 -3.35248321 -3.35248256 -3.35246139 -3.35240884 -3.35233949 -3.35225460 -3.35218200 -3.35213141 -3.35210556 -3.35213359 -3.35220281 -3.35230830 -3.35243332 -3.35256263 -3.35268036 -3.35278175 -3.35284213 -3.35288177 -3.35291327 -3.35294015 -3.35298084
-3.35244483 -3.35246334 -3.35247761 -3.35245390 -3.35238422 -3.35229121 -3.35218560 -3.35207507 -3.35198246 -3.35192731 -3.35190476 -3.35189432 -3.35188551 -3.35187173 -3.35182451 -3.35176104 -3.35168263 -3.35162147 -3.35157892 -3.35157584 -3.35161786 -3.35170880 -3.35184404 -3.35198892 -3.35212700 -3.35223764 -3.35232370 -3.35237074 -3.35238936 -3.35237872 -3.35239452 -3.35241544
-3.35218180 -3.35221350 -3.35222981 -3.35220875 -3.35214410 -3.35205844 -3.35196262 -3.35187185 -3.35179791 -3.35174709 -3.35171852 -3.35171207 -3.35171070 -3.35168091 -3.35163995 -3.35156819 -3.35149438 -3.35141834 -3.35138562 -3.35139779 -3.35145851 -3.35156364 -3.35170153 -3.35185865 -3.35200044 -3.35211094 -3.35217325 -3.35219991 -3.35218443 -3.35216200 -3.35215524 -3.35216111
-3.35229160 -3.35232236 -3.35233820 -3.35233051 -3.35229420 -3.35222001 -3.35214853 -3.35207885 -3.35201964 -3.35197468 -3.35194272 -3.35193354 -3.35192114 -3.35189007 -3.35184335 -3.35176868 -3.35169157 -3.35161993 -3.35158105 -3.35159299 -3.35165222 -3.35176550 -3.35191739 -3.35207578 -3.35220662 -3.35230931 -3.35234923 -3.35235243 -3.35231986 -3.35228917 -3.35226491 -3.35226518
-3.35274329 -3.35278046 -3.35280362 -3.35281501 -3.35279993 -3.35275642 -3.35270599 -3.35265157 -3.35260617 -3.35257261 -3.35254645 -3.35252760 -3.35250638 -3.35246174 -3.35241765 -3.35233356 -3.35223866 -3.35216416 -3.35211293 -3.35211334 -3.35217652 -3.35229138 -3.35244123 -3.35259750 -3.35273411 -3.35282360 -3.35285439 -3.35283143 -3.35279511 -3.35274874 -3.35271740 -3.35272403
-3.35349485 -3.35353829 -3.35357227 -3.35358758 -3.35359747 -3.35357207 -3.35353850 -3.35349997 -3.35346358 -3.35344230 -3.35341243 -3.35339126 -3.35336615 -3.35331030 -3.35324252 -3.35314234 -3.35304488 -3.35297045 -3.35291657 -3.35290405 -3.35296310 -3.35307686 -3.35322633 -3.35338382 -3.35351624 -3.35360614 -3.35363161 -3.35359591 -3.35354038 -3.35349721 -3.35346792 -3.35347424
-3.35445992 -3.35450881 -3.35453912 -3.35455295 -3.35457016 -3.35455722 -3.35452847 -3.35450264 -3.35448155 -3.35445747 -3.35443538 -3.35441043 -3.35436798 -3.35429970 -3.35421714 -3.35411011 -3.35401117 -3.35392264 -3.35386230 -3.35384903 -3.35390506 -3.35402031 -3.35417232 -3.35433668 -3.35446348 -3.35454914 -3.35458232 -3.35455299 -3.35450209 -3.35445421 -3.35442638 -3.35443503
-3.35553732 -3.35556704 -3.35558712 -3.35560283 -3.35559950 -3.35558946 -3.35556326 -3.35554375 -3.35552563 -3.35551347 -3.35548501 -3.35544780 -3.35538726 -3.35530666 -3.35521909 -3.35511313 -3.35500958 -3.35491360 -3.35485234 -3.35485122 -3.35491479 -3.35503613 -3.35519281 -3.35535314 -3.35548520 -3.35559094 -3.35562466 -3.35561693 -3.35557750 -3.35552636 -3.35551149 -3.35551513
-3.35662235 -3.35664050 -3.35663797 -3.35661905 -3.35659481 -3.35656148 -3.35653176 -3.35651427 -3.35649204 -3.35647781 -3.35644864 -3.35639568 -3.35632935 -3.35624588 -3.35614529 -3.35604247 -3.35593492 -3.35584705 -3.35581526 -3.35582099 -3.35588813 -3.35601795 -3.35617615 -3.35634935 -3.35650332 -3.35661553 -3.35667378 -3.35667215 -3.35664893 -3.35662844 -3.35661788 -3.35660768
-3.35763295 -3.35761917 -3.35758623 -3.35753397 -3.35747928 -3.35741460 -3.35737227 -3.35734163 -3.35731044 -3.35729197 -3.35725651 -3.35719705 -3.35712977 -3.35704374 -3.35694683 -3.35684460 -3.35675316 -3.35668160 -3.35665135 -3.35667244 -3.35676201 -3.35690164 -3.35707047 -3.35725880 -3.35743221 -3.35755650 -3.35763611 -3.35766795 -3.35767192 -3.35766222 -3.35765573 -3.35764303
-3.35850731 -3.35845217 -3.35838321 -3.35828943 -3.35819698 -3.35810785 -3.35803230 -3.35798277 -3.35794603 -3.35792176 -3.35787848 -3.35782723 -3.35775761 -3.35767888 -3.35758640 -3.35749494 -3.35741776 -3.35738028 -3.35735846 -3.35739779 -3.35749350 -3.35763808 -3.35782356 -3.35802013 -3.35820492 -3.35836163 -3.35847015 -3.35853670 -3.35856553 -3.35856845 -3.35856533 -3.35853893
-3.35921571 -3.35912040 -3.35899983 -3.35887146 -3.35874195 -3.35862148 -3.35853331 -3.35845834 -3.35841756 -3.35838921 -3.35834971 -3.35830439 -3.35824193 -3.35817426 -3.35808841 -3.35801020 -3.35795649 -3.35791501 -3.35793717 -3.35797767 -3.35807870 -3.35823206 -3.35841507 -3.35862911 -3.35882414 -3.35901296 -3.35915305 -3.35924282 -3.35929769 -3.35931364 -3.35930804 -3.35927201
-3.35974464 -3.35961395 -3.35945911 -3.35929239 -3.35913145 -3.35898685 -3.35888270 -3.35879904 -3.35875893 -3.35873427 -3.35870243 -3.35867017 -3.35862825 -3.35855865 -3.35848440 -3.35842187 -3.35837649 -3.35835073 -3.35836293 -3.35841812 -3.35852116 -3.35867474 -3.35886117 -3.35907045 -3.35929485 -3.35948880 -3.35965994 -3.35977483 -3.35985430 -3.35988176 -3.35987405 -3.35983208
-3.36011828 -3.35997026 -3.35978238 -3.35958752 -3.35940232 -3.35925121 -3.35914559 -3.35906145 -3.35902211 -3.35899974 -3.35897989 -3.35896071 -3.35893361 -3.35887381 -3.35881918 -3.35875531 -3.35871502 -3.35869205 -3.35869270 -3.35873774 -3.35883023 -3.35897256 -3.35915881 -3.35936476 -3.35959137 -3.35980245 -3.35998605 -3.36013322 -3.36023777 -3.36028159 -3.36027166 -3.36022126
-3.36034889 -3.36019123 -3.36000810 -3.35980469 -3.35960937 -3.35945775 -3.35934502 -3.35927680 -3.35923849 -3.35923309 -3.35923612 -3.35922818 -3.35921377 -3.35917285 -3.35911252 -3.35905703 -3.35899438 -3.35895822 -3.35894141 -3.35896790 -3.35903457 -3.35915637 -3.35932366 -3.35951529 -3.35974516 -3.35996841 -3.36017531 -3.36034026 -3.36046047 -3.36052914 -3.36052462 -3.36046329
-3.36050089 -3.36034891 -3.36016337 -3.35997492 -3.35979677 -3.35964768 -3.35954954 -3.35948343 -3.35946470 -3.35946886 -3.35948471 -3.35949914 -3.35950281 -3.35946977 -3.35941331 -3.35933722 -3.35926558 -3.35919214 -3.35914569 -3.35913435 -3.35916876 -3.35925622 -3.35939998 -3.35958591 -3.35981310 -3.36003701 -3.36024988 -3.36042360 -3.36055688 -3.36064256 -3.36064948 -3.36060065
-3.36058489 -3.36046227 -3.36030452 -3.36013660 -3.35998417 -3.35984865 -3.35976270 -3.35971515 -3.35970734 -3.35972972 -3.35976228 -3.35978966 -3.35979247 -3.35977012 -3.35971321 -3.35962056 -3.35950991 -3.35941353 -3.35932154 -3.35926693 -3.35926355 -3.35930563 -3.35941341 -3.35958393 -3.35978287 -3.35999902 -3.36021661 -3.36040870 -3.36056126 -3.36065781 -3.36069868 -3.36067581
