32 32 0 1
-3.36034450 -3.36033564 -3.36029071 -3.36023387 -3.36017645 -3.36013145 -3.36010548 -3.36011909 -3.36016627 -3.36023271 -3.36030522 -3.36036964 -3.36038781 -3.36036899 -3.36030646 -3.36017913 -3.36001457 -3.35983463 -3.35965519 -3.35949597 -3.35938216 -3.35932118 -3.35931421 -3.35935826 -3.35945010 -3.35958338 -3.35973058 -3.35987339 -3.36001806 -3.36014567 -3.36024700 -3.36031867
-3.36036563 -3.36039391 -3.36040834 -3.36038904 -3.36036366 -3.36033925 -3.36033487 -3.36037589 -3.36042736 -3.36051451 -3.36059234 -3.36066029 -3.36069527 -3.36066624 -3.36058245 -3.36043130 -3.36023189 -3.36000081 -3.35976377 -3.35955682 -3.35940774 -3.35929525 -3.35925358 -3.35925941 -3.35933471 -3.35944250 -3.35958680 -3.35974397 -3.35990028 -3.36005508 -3.36018174 -3.36029484
-3.36036298 -3.36044314 -3.36049023 -3.36052266 -3.36053665 -3.36053644 -3.36055133 -3.36058839 -3.36065418 -3.36074715 -3.36083207 -3.36089780 -3.36092272 -3.36089238 -3.36079551 -3.36061756 -3.36039348 -3.36013304 -3.35986241 -3.35961204 -3.35941090 -3.35927043 -3.35918276 -3.35917248 -3.35919678 -3.35929706 -3.35942491 -3.35959547 -3.35976352 -3.35994338 -3.36009774 -3.36024696
-3.36032815 -3.36044284 -3.36053106 -3.36060506 -3.36064970 -3.36067192 -3.36070792 -3.36076586 -3.36082500 -3.36091063 -3.36099722 -3.36105376 -3.36107299 -3.36102424 -3.36091105 -3.36072585 -3.36048685 -3.36019930 -3.35991278 -3.35963126 -3.35939855 -3.35922011 -3.35910687 -3.35906353 -3.35906913 -3.35914571 -3.35926896 -3.35942538 -3.35961690 -3.35980295 -3.35999110 -3.36017216
-3.36022260 -3.36037343 -3.36049794 -3.36059845 -3.36067644 -3.36073181 -3.36077675 -3.36083934 -3.36090262 -3.36098643 -3.36105008 -3.36110234 -3.36111193 -3.36105167 -3.36092942 -3.36073601 -3.36048719 -3.36019607 -3.35989553 -3.35960703 -3.35935201 -3.35915103 -3.35901083 -3.35893401 -3.35892317 -3.35896785 -3.35907963 -3.35923617 -3.35942767 -3.35963336 -3.35983700 -3.36004319
-3.36003871 -3.36021992 -3.36037146 -3.36050702 -3.36061036 -3.36068051 -3.36074459 -3.36080098 -3.36086611 -3.36093591 -3.36099390 -3.36102455 -3.36102696 -3.36097407 -3.36083174 -3.36064572 -3.36039203 -3.36009943 -3.35979628 -3.35950163 -3.35923746 -3.35902829 -3.35886850 -3.35876584 -3.35873980 -3.35876894 -3.35886523 -3.35901408 -3.35920172 -3.35941332 -3.35963178 -3.35984095
-3.35976242 -3.35995548 -3.36013396 -3.36029240 -3.36040635 -3.36050723 -3.36059439 -3.36065465 -3.36072221 -3.36078202 -3.36081903 -3.36084604 -3.36082436 -3.36076600 -3.36062493 -3.36043007 -3.36017859 -3.35989623 -3.35960028 -3.35931459 -3.35905130 -3.35883588 -3.35866278 -3.35854574 -3.35849646 -3.35852252 -3.35860691 -3.35874415 -3.35892365 -3.35912779 -3.35933970 -3.35954961
-3.35935158 -3.35955637 -3.35976410 -3.35993677 -3.36007009 -3.36019433 -3.36029535 -3.36037132 -3.36043873 -3.36048244 -3.36051780 -3.36052457 -3.36049021 -3.36041624 -3.36028837 -3.36009187 -3.35985405 -3.35958086 -3.35930111 -3.35901424 -3.35875696 -3.35854068 -3.35837170 -3.35824545 -3.35819152 -3.35820978 -3.35827851 -3.35839659 -3.35857435 -3.35875607 -3.35894468 -3.35914152
-3.35882374 -3.35903340 -3.35923897 -3.35943084 -3.35959812 -3.35973813 -3.35985020 -3.35993491 -3.36000300 -3.36004621 -3.36007338 -3.36007340 -3.36003132 -3.35994577 -3.35980654 -3.35961923 -3.35938793 -3.35913676 -3.35886528 -3.35859443 -3.35835535 -3.35815840 -3.35798417 -3.35787245 -3.35781610 -3.35781700 -3.35787591 -3.35798388 -3.35812797 -3.35827810 -3.35844926 -3.35862840
-3.35818919 -3.35838410 -3.35858618 -3.35878650 -3.35896020 -3.35912356 -3.35924888 -3.35934806 -3.35941767 -3.35945790 -3.35947860 -3.35947967 -3.35943239 -3.35934120 -3.35919807 -3.35900984 -3.35878971 -3.35854812 -3.35829963 -3.35805596 -3.35783150 -3.35764185 -3.35748791 -3.35738967 -3.35733948 -3.35734803 -3.35739853 -3.35748339 -3.35758822 -3.35771684 -3.35785487 -3.35801225
-3.35743359 -3.35761066 -3.35780116 -3.35800164 -3.35817245 -3.35834186 -3.35847067 -3.35857774 -3.35866163 -3.35870807 -3.35873436 -3.35872585 -3.35868041 -3.35858202 -3.35844541 -3.35825292 -3.35804846 -3.35781707 -3.35759025 -3.35737516 -3.35717813 -3.35702057 -3.35689355 -3.35680850 -3.35678137 -3.35678413 -3.35682602 -3.35688968 -3.35697218 -3.35706148 -3.35716270 -3.35728657
-3.35659456 -3.35674217 -3.35691192 -3.35708821 -3.35725620 -3.35741816 -3.35754739 -3.35766003 -3.35773874 -3.35779765 -3.35782760 -3.35782804 -3.35779023 -3.35769036 -3.35755757 -3.35736699 -3.35716996 -3.35696228 -3.35675567 -3.35656315 -3.35640773 -3.35628115 -3.35619431 -3.35614148 -3.35612190 -3.35613348 -3.35616697 -3.35621606 -3.35626477 -3.35632142 -3.35638635 -3.35647519
-3.35569090 -3.35579936 -3.35594329 -3.35609730 -3.35624744 -3.35638176 -3.35651085 -3.35661552 -3.35669809 -3.35676790 -3.35680460 -3.35680552 -3.35677435 -3.35669088 -3.35655715 -3.35638604 -3.35620287 -3.35601220 -3.35582151 -3.35566832 -3.35554826 -3.35547001 -3.35541329 -3.35539262 -3.35540168 -3.35541751 -3.35545410 -3.35547705 -3.35549820 -3.35553057 -3.35555955 -3.35561124
-3.35477161 -3.35485160 -3.35495277 -3.35507121 -3.35520850 -3.35533305 -3.35542781 -3.35552853 -3.35562043 -3.35569193 -3.35573636 -3.35574165 -3.35570263 -3.35563785 -3.35551152 -3.35535819 -3.35518810 -3.35501438 -3.35485577 -3.35473835 -3.35465552 -3.35461673 -3.35459939 -3.35461504 -3.35465466 -3.35468083 -3.35471014 -3.35471675 -3.35472459 -3.35472318 -3.35471856 -3.35473608
-3.35393039 -3.35396317 -3.35404443 -3.35414013 -3.35423542 -3.35434144 -3.35442864 -3.35450925 -3.35458824 -3.35465473 -3.35470673 -3.35472666 -3.35470551 -3.35463695 -3.35452616 -3.35438404 -3.35422331 -3.35407811 -3.35394484 -3.35385743 -3.35380665 -3.35380346 -3.35383049 -3.35387391 -3.35393273 -3.35397888 -3.35401032 -3.35401059 -3.35398970 -3.35395408 -3.35393261 -3.35391878
-3.35321628 -3.35324001 -3.35329528 -3.35336787 -3.35344665 -3.35353259 -3.35360553 -3.35366614 -3.35373542 -3.35379426 -3.35383830 -3.35386689 -3.35385656 -3.35379936 -3.35370199 -3.35357388 -3.35342656 -3.35329724 -3.35318631 -3.35311387 -3.35308948 -3.35310959 -3.35317172 -3.35324932 -3.35332841 -3.35339025 -3.35342426 -3.35340190 -3.35336570 -3.35330692 -3.35325344 -3.35322795
-3.35274891 -3.35276255 -3.35280818 -3.35287476 -3.35294000 -3.35300803 -3.35306623 -3.35311817 -3.35317101 -3.35321396 -3.35325909 -3.35327082 -3.35325502 -3.35321603 -3.35312748 -3.35301379 -3.35287889 -3.35276344 -3.35266197 -3.35260424 -3.35259531 -3.35263507 -3.35272368 -3.35282273 -3.35291843 -3.35297991 -3.35301094 -3.35298708 -3.35294253 -3.35285766 -3.35280170 -3.35276179
-3.35256980 -3.35260282 -3.35265950 -3.35272546 -3.35278519 -3.35284151 -3.35288740 -3.35292506 -3.35296589 -3.35298908 -3.35301450 -3.35302163 -3.35301117 -3.35296109 -3.35288972 -3.35277721 -3.35265972 -3.35253161 -3.35244830 -3.35239908 -3.35240191 -3.35245746 -3.35254402 -3.35265836 -3.35275957 -3.35282744 -3.35284835 -3.35281945 -3.35275738 -3.35268384 -3.35261924 -3.35257709
-3.35273503 -3.35278151 -3.35284254 -3.35292564 -3.35300266 -3.35305299 -3.35309394 -3.35312015 -3.35313539 -3.35313740 -3.35314022 -3.35312619 -3.35310348 -3.35306151 -3.35298797 -3.35288837 -3.35278133 -3.35266421 -3.35257790 -3.35252750 -3.35253297 -3.35258846 -3.35268435 -3.35279432 -3.35289232 -3.35295903 -3.35296659 -3.35293198 -3.35286618 -3.35280169 -3.35274171 -3.35271812
-3.35320684 -3.35327439 -3.35336112 -3.35346073 -3.35354580 -3.35360027 -3.35363695 -3.35364880 -3.35364168 -3.35362536 -3.35360516 -3.35357072 -3.35353531 -3.35348116 -3.35342109 -3.35332851 -3.35321574 -3.35310855 -3.35301726 -3.35295778 -3.35296552 -3.35301926 -3.35310897 -3.35321621 -3.35331095 -3.35336940 -3.35336724 -3.35332342 -3.35326903 -3.35321315 -3.35316606 -3.35316889
-3.35393402 -3.35402762 -3.35413453 -3.35424163 -3.35433919 -3.35439402 -3.35441943 -3.35442144 -3.35439110 -3.35435882 -3.35430895 -3.35427159 -3.35422385 -3.35416057 -3.35409020 -3.35399442 -3.35388919 -3.35379163 -3.35370416 -3.35364266 -3.35364291 -3.35369713 -3.35378181 -3.35387873 -3.35396456 -3.35401968 -3.35401500 -3.35396462 -3.35390418 -3.35386782 -3.35384754 -3.35387011
-3.35483095 -3.35494572 -3.35506019 -3.35516427 -3.35526443 -3.35531587 -3.35533167 -3.35532258 -3.35528082 -3.35522496 -3.35516964 -3.35511539 -3.35505578 -3.35498410 -3.35490671 -3.35480923 -3.35471748 -3.35462204 -3.35453480 -3.35447417 -3.35447705 -3.35452704 -3.35460703 -3.35470228 -3.35477107 -3.35481701 -3.35481495 -3.35477423 -3.35472973 -3.35470268 -3.35470263 -3.35474726
-3.35580340 -3.35591411 -3.35602303 -3.35613289 -3.35620398 -3.35624652 -3.35625215 -3.35623389 -3.35618533 -3.35612405 -3.35605502 -3.35598978 -3.35591516 -3.35583141 -3.35575959 -3.35567391 -3.35558663 -3.35549026 -3.35541407 -3.35537132 -3.35537803 -3.35542712 -3.35550763 -3.35559031 -3.35565665 -3.35570444 -3.35570288 -3.35568477 -3.35565447 -3.35562887 -3.35564859 -3.35570914
-3.35676606 -3.35686766 -3.35695853 -3.35703047 -3.35707997 -3.35709104 -3.35708487 -3.35705829 -3.35700262 -3.35694572 -3.35687011 -3.35679849 -3.35671750 -3.35664085 -3.35656380 -3.35648359 -3.35639798 -3.35632307 -3.35626562 -3.35623962 -3.35624853 -3.35630733 -3.35638690 -3.35647108 -3.35654279 -3.35658706 -3.35660796 -3.35658634 -3.35657527 -3.35657995 -3.35661349 -3.35667107
-3.35765249 -3.35772156 -3.35777970 -3.35781088 -3.35782521 -3.35780977 -3.35778105 -3.35774035 -3.35768537 -3.35762709 -3.35755636 -3.35747801 -3.35740186 -3.35733429 -3.35726247 -3.35718407 -3.35711720 -3.35706015 -3.35701902 -3.35700665 -3.35703417 -3.35710029 -3.35718528 -3.35727643 -3.35736099 -3.35741393 -3.35744181 -3.35745021 -3.35746228 -3.35747384 -3.35751643 -3.35758065
-3.35840722 -3.35844219 -3.35845803 -3.35843870 -3.35841221 -3.35836822 -3.35830892 -3.35825690 -3.35820442 -3.35815206 -3.35808452 -3.35802220 -3.35795659 -3.35789146 -3.35782801 -3.35777163 -3.35770708 -3.35768122 -3.35765483 -3.35765969 -3.35770008 -3.35776947 -3.35786419 -3.35796663 -3.35805706 -3.35813322 -3.35817894 -3.35821488 -3.35824249 -3.35827164 -3.35831409 -3.35836276
-3.35903129 -3.35902141 -3.35897678 -3.35892058 -3.35884561 -3.35876348 -3.35870129 -3.35863501 -3.35858314 -3.35854405 -3.35848859 -3.35844161 -3.35839039 -3.35834082 -3.35828487 -3.35823271 -3.35819552 -3.35816212 -3.35817204 -3.35818630 -3.35823655 -3.35831625 -3.35841210 -3.35852254 -3.35862574 -3.35872308 -3.35879551 -3.35884931 -3.35889461 -3.35893324 -3.35897406 -3.35900255
-3.35950604 -3.35946145 -3.35938336 -3.35928360 -3.35917462 -3.35906636 -3.35898508 -3.35891714 -3.35887490 -3.35884374 -3.35881043 -3.35878401 -3.35875763 -3.35871291 -3.35866756 -3.35861994 -3.35859262 -3.35856608 -3.35856813 -3.35859117 -3.35864379 -3.35873197 -3.35882868 -3.35894020 -3.35906015 -3.35916850 -3.35927079 -3.35934542 -3.35940782 -3.35945168 -3.35948871 -3.35951144
-3.35984899 -3.35977740 -3.35967295 -3.35955066 -3.35941136 -3.35929816 -3.35921786 -3.35915450 -3.35911909 -3.35910414 -3.35909365 -3.35908819 -3.35907607 -3.35903966 -3.35900541 -3.35896317 -3.35893177 -3.35890093 -3.35888613 -3.35890620 -3.35894613 -3.35901768 -3.35911896 -3.35922793 -3.35935785 -3.35947838 -3.35959138 -3.35968987 -3.35977818 -3.35982743 -3.35986267 -3.35987705
-3.36006564 -3.35998677 -3.35988010 -3.35974780 -3.35961152 -3.35950260 -3.35941579 -3.35936550 -3.35934808 -3.35935637 -3.35937695 -3.35938659 -3.35938760 -3.35936580 -3.35932057 -3.35928028 -3.35922637 -3.35918053 -3.35913853 -3.35913122 -3.35914495 -3.35919374 -3.35928345 -3.35938391 -3.35952126 -3.35965395 -3.35978290 -3.35989419 -3.35999678 -3.36007200 -3.36010077 -3.36010179
-3.36021221 -3.36014028 -3.36003758 -3.35992005 -3.35979972 -3.35970060 -3.35963879 -3.35959965 -3.35960364 -3.35962899 -3.35966852 -3.35969966 -3.35971989 -3.35970348 -3.35965831 -3.35958322 -3.35950690 -3.35942465 -3.35934905 -3.35929511 -3.35927632 -3.35929222 -3.35935406 -3.35944956 -3.35958630 -3.35972074 -3.35986053 -3.35998102 -3.36008717 -3.36017807 -3.36022337 -3.36023744
-3.36028830 -3.36024886 -3.36017345 -3.36007859 -3.35998527 -3.35990059 -3.35986310 -3.35985290 -3.35987526 -3.35992760 -3.35998448 -3.36003392 -3.36005184 -3.36004366 -3.35999235 -3.35989486 -3.35976763 -3.35964234 -3.35951449 -3.35941106 -3.35935358 -3.35932815 -3.35935437 -3.35943915 -3.35954861 -3.35967686 -3.35982188 -3.35996287 -3.36009070 -3.36019112 -3.36026483 -3.36030490
