32 32 0 1
-3.36060673 -3.36047893 -3.36031787 -3.36015435 -3.36000821 -3.35988516 -3.35979764 -3.35975761 -3.35974888 -3.35976497 -3.35979153 -3.35981635 -3.35981171 -3.35979372 -3.35976079 -3.35969531 -3.35962092 -3.35954378 -3.35946829 -3.35941414 -3.35939095 -3.35941296 -3.35948242 -3.35960323 -3.35976764 -3.35996992 -3.36018207 -3.36037083 -3.36053522 -3.36064561 -3.36069570 -3.36068659
-3.36057625 -3.36049070 -3.36038655 -3.36026104 -3.36014478 -3.36004476 -3.35997291 -3.35995368 -3.35994644 -3.35997674 -3.36000271 -3.36003222 -3.36004221 -3.36001910 -3.35997339 -3.35988744 -3.35977887 -3.35965979 -3.35953366 -3.35943494 -3.35938208 -3.35936010 -3.35940179 -3.35948862 -3.35963652 -3.35981240 -3.36001594 -3.36021021 -3.36037900 -3.36051326 -3.36058411 -3.36060718
-3.36052230 -3.36048920 -3.36042715 -3.36035525 -3.36028148 -3.36020148 -3.36015184 -3.36012711 -3.36013505 -3.36017064 -3.36020766 -3.36023690 -3.36024691 -3.36022435 -3.36016712 -3.36005317 -3.35992473 -3.35977377 -3.35961779 -3.35947824 -3.35937996 -3.35932738 -3.35932701 -3.35939158 -3.35949502 -3.35966404 -3.35984069 -3.36004415 -3.36020949 -3.36035833 -3.36044948 -3.36051107
-3.36044574 -3.36045356 -3.36043820 -3.36041806 -3.36037763 -3.36032566 -3.36029904 -3.36029356 -3.36029946 -3.36033246 -3.36037681 -3.36040599 -3.36041129 -3.36037693 -3.36030863 -3.36018889 -3.36004270 -3.35985775 -3.35967991 -3.35951165 -3.35937818 -3.35929479 -3.35926374 -3.35929696 -3.35937634 -3.35951316 -3.35968097 -3.35985810 -3.36004070 -3.36018801 -3.36031012 -3.36039927
-3.36034382 -3.36039335 -3.36042055 -3.36042686 -3.36042478 -3.36041485 -3.36039871 -3.36040772 -3.36042174 -3.36046168 -3.36048565 -3.36051909 -3.36052165 -3.36048177 -3.36040499 -3.36028099 -3.36011980 -3.35992650 -3.35973103 -3.35954250 -3.35938117 -3.35927337 -3.35921181 -3.35921155 -3.35927284 -3.35937396 -3.35951994 -3.35968537 -3.35985761 -3.36001819 -3.36014851 -3.36026209
-3.36022802 -3.36030838 -3.36036531 -3.36041473 -3.36044649 -3.36045453 -3.36046377 -3.36047367 -3.36049465 -3.36052542 -3.36055727 -3.36057009 -3.36057359 -3.36054685 -3.36045877 -3.36033828 -3.36016790 -3.35997541 -3.35976613 -3.35956103 -3.35938086 -3.35925698 -3.35917092 -3.35914510 -3.35917575 -3.35924988 -3.35937585 -3.35952451 -3.35968317 -3.35984546 -3.36000000 -3.36012573
-3.36009241 -3.36019645 -3.36029203 -3.36037261 -3.36041785 -3.36045728 -3.36049054 -3.36050117 -3.36053158 -3.36056148 -3.36058133 -3.36060081 -3.36058898 -3.36056136 -3.36048063 -3.36035625 -3.36019167 -3.35998697 -3.35978156 -3.35957475 -3.35938776 -3.35924827 -3.35914385 -3.35908704 -3.35908738 -3.35915190 -3.35924598 -3.35937712 -3.35952889 -3.35968399 -3.35982808 -3.35996339
-3.35992789 -3.36006351 -3.36019258 -3.36029460 -3.36035894 -3.36042847 -3.36047097 -3.36049938 -3.36052749 -3.36054968 -3.36057080 -3.36058351 -3.36056748 -3.36054049 -3.36047135 -3.36034773 -3.36018472 -3.35999084 -3.35979037 -3.35958221 -3.35939451 -3.35924182 -3.35912062 -3.35904234 -3.35902503 -3.35905824 -3.35913432 -3.35924710 -3.35939187 -3.35952667 -3.35966011 -3.35978860
-3.35977487 -3.35992422 -3.36007455 -3.36019617 -3.36029510 -3.36037271 -3.36042596 -3.36046243 -3.36049156 -3.36051433 -3.36053482 -3.36054504 -3.36053378 -3.36050202 -3.36043110 -3.36031620 -3.36016564 -3.35999300 -3.35979227 -3.35959104 -3.35940797 -3.35925347 -3.35911288 -3.35903244 -3.35898933 -3.35899963 -3.35905981 -3.35914949 -3.35926229 -3.35937673 -3.35950567 -3.35963477
-3.35965475 -3.35980730 -3.35995629 -3.36009777 -3.36020362 -3.36029538 -3.36036183 -3.36040133 -3.36043435 -3.36045610 -3.36047540 -3.36049358 -3.36048786 -3.36045704 -3.36039000 -3.36028280 -3.36014893 -3.35998276 -3.35980597 -3.35961956 -3.35943432 -3.35927345 -3.35913435 -3.35904140 -3.35899019 -3.35898723 -3.35902466 -3.35908560 -3.35916710 -3.35926649 -3.35937931 -3.35950701
-3.35954749 -3.35970050 -3.35985784 -3.36000652 -3.36011188 -3.36020955 -3.36026784 -3.36030642 -3.36034886 -3.36036929 -3.36039812 -3.36041758 -3.36041659 -3.36038971 -3.36033756 -3.36024113 -3.36012977 -3.35998641 -3.35982722 -3.35965697 -3.35948054 -3.35933154 -3.35919988 -3.35909988 -3.35904649 -3.35901954 -3.35903151 -3.35906491 -3.35912634 -3.35920057 -3.35929333 -3.35941299
-3.35948620 -3.35963163 -3.35978413 -3.35991636 -3.36002995 -3.36010667 -3.36015796 -3.36019694 -3.36022690 -3.36025661 -3.36028665 -3.36031639 -3.36033120 -3.36030997 -3.36026856 -3.36019296 -3.36009817 -3.35997803 -3.35984068 -3.35969127 -3.35954313 -3.35940839 -3.35929822 -3.35920348 -3.35913747 -3.35910206 -3.35909163 -3.35910376 -3.35912988 -3.35918308 -3.35925487 -3.35935742
-3.35946436 -3.35958875 -3.35972681 -3.35984687 -3.35994106 -3.35999859 -3.36003430 -3.36006006 -3.36008281 -3.36011649 -3.36014903 -3.36017941 -3.36020383 -3.36020414 -3.36017538 -3.36012505 -3.36005758 -3.35996903 -3.35985309 -3.35973455 -3.35961971 -3.35951241 -3.35941844 -3.35933514 -3.35927704 -3.35922996 -3.35920730 -3.35918480 -3.35918806 -3.35921881 -3.35926932 -3.35935176
-3.35946549 -3.35957523 -3.35968475 -3.35977456 -3.35985047 -3.35989325 -3.35990025 -3.35991569 -3.35993373 -3.35996441 -3.35999931 -3.36002702 -3.36004301 -3.36006340 -3.36005332 -3.36002976 -3.35998783 -3.35992790 -3.35985247 -3.35977368 -3.35969409 -3.35962025 -3.35954622 -3.35949062 -3.35945008 -3.35939626 -3.35935497 -3.35931644 -3.35929278 -3.35929460 -3.35931997 -3.35938510
-3.35950126 -3.35957389 -3.35966718 -3.35973637 -3.35977758 -3.35979537 -3.35979245 -3.35977577 -3.35977802 -3.35979654 -3.35982747 -3.35986276 -3.35989079 -3.35991264 -3.35992129 -3.35991040 -3.35989184 -3.35987070 -3.35983028 -3.35979711 -3.35975365 -3.35972062 -3.35968481 -3.35965248 -3.35962341 -3.35958119 -3.35953736 -3.35948457 -3.35943305 -3.35940121 -3.35940617 -3.35944572
-3.35953799 -3.35959652 -3.35966618 -3.35971182 -3.35972830 -3.35972699 -3.35970249 -3.35966068 -3.35964646 -3.35965184 -3.35966780 -3.35969983 -3.35972853 -3.35975885 -3.35977962 -3.35978515 -3.35978954 -3.35979753 -3.35979508 -3.35978790 -3.35978392 -3.35978589 -3.35978772 -3.35979328 -3.35979138 -3.35975962 -3.35971591 -3.35964152 -3.35957210 -3.35951415 -3.35948631 -3.35950359
-3.35959535 -3.35963233 -3.35968645 -3.35971770 -3.35971886 -3.35969269 -3.35965047 -3.35959867 -3.35955621 -3.35954429 -3.35955014 -3.35956077 -3.35957421 -3.35961149 -3.35963128 -3.35965470 -3.35967505 -3.35970776 -3.35973050 -3.35975630 -3.35978328 -3.35981813 -3.35986568 -3.35990626 -3.35992597 -3.35990570 -3.35986681 -3.35979064 -3.35971360 -3.35962202 -3.35958083 -3.35957010
-3.35964869 -3.35969290 -3.35973540 -3.35975756 -3.35973998 -3.35970199 -3.35964293 -3.35957774 -3.35952505 -3.35948796 -3.35946424 -3.35946178 -3.35947468 -3.35948888 -3.35951729 -3.35953771 -3.35957449 -3.35960217 -3.35965311 -3.35970087 -3.35976382 -3.35983280 -3.35990485 -3.35997446 -3.36002011 -3.36001959 -3.35998240 -3.35991146 -3.35981387 -3.35972518 -3.35966120 -3.35963665
-3.35972358 -3.35976315 -3.35979352 -3.35980908 -3.35979753 -3.35974903 -3.35968505 -3.35961240 -3.35954079 -3.35947866 -3.35943417 -3.35940213 -3.35939112 -3.35939524 -3.35941574 -3.35943700 -3.35948068 -3.35952010 -3.35957749 -3.35964171 -3.35972178 -3.35981751 -3.35991718 -3.36001096 -3.36007436 -3.36008975 -3.36005530 -3.35998630 -3.35989056 -3.35980258 -3.35973552 -3.35971132
-3.35979953 -3.35983170 -3.35986465 -3.35987997 -3.35986918 -3.35982136 -3.35975391 -3.35967344 -3.35958724 -3.35951184 -3.35944456 -3.35938655 -3.35935325 -3.35933535 -3.35934868 -3.35936471 -3.35939799 -3.35944535 -3.35949836 -3.35956826 -3.35966874 -3.35978044 -3.35989725 -3.36000876 -3.36009753 -3.36013027 -3.36010111 -3.36003266 -3.35995450 -3.35987178 -3.35980596 -3.35979133
-3.35986847 -3.35990333 -3.35993505 -3.35994574 -3.35993642 -3.35989349 -3.35982240 -3.35973473 -3.35963881 -3.35955348 -3.35945890 -3.35939063 -3.35934622 -3.35930646 -3.35929844 -3.35930052 -3.35932910 -3.35937624 -3.35943511 -3.35950493 -3.35961115 -3.35973678 -3.35987038 -3.35999084 -3.36009623 -3.36014770 -3.36013469 -3.36007485 -3.35999590 -3.35992783 -3.35987391 -3.35985747
-3.35993795 -3.35996982 -3.35999025 -3.35998983 -3.35998190 -3.35993507 -3.35985946 -3.35978040 -3.35967912 -3.35958151 -3.35948872 -3.35941136 -3.35934342 -3.35928946 -3.35926182 -3.35925012 -3.35927652 -3.35932062 -3.35937837 -3.35945021 -3.35956168 -3.35969711 -3.35984170 -3.35998122 -3.36007842 -3.36014026 -3.36015226 -3.36010871 -3.36004530 -3.35998418 -3.35994367 -3.35992816
-3.36000977 -3.36001927 -3.36002103 -3.36001896 -3.35998102 -3.35992515 -3.35985961 -3.35978060 -3.35969091 -3.35959701 -3.35950014 -3.35941267 -3.35932467 -3.35925757 -3.35922703 -3.35921414 -3.35923249 -3.35926593 -3.35933082 -3.35941586 -3.35953267 -3.35967380 -3.35982662 -3.35996029 -3.36006957 -3.36015234 -3.36017605 -3.36016148 -3.36011600 -3.36005544 -3.36001936 -3.36000779
-3.36009132 -3.36007658 -3.36004910 -3.36000146 -3.35994771 -3.35986871 -3.35979755 -3.35972982 -3.35965100 -3.35956505 -3.35947465 -3.35938225 -3.35929367 -3.35922844 -3.35918620 -3.35917471 -3.35918172 -3.35922659 -3.35930037 -3.35939436 -3.35951622 -3.35966644 -3.35980918 -3.35995417 -3.36007786 -3.36016228 -3.36021524 -3.36020982 -3.36018752 -3.36015478 -3.36012667 -3.36009599
-3.36017749 -3.36012281 -3.36005186 -3.35996179 -3.35987436 -3.35978600 -3.35970789 -3.35963789 -3.35957339 -3.35950152 -3.35941813 -3.35932899 -3.35924566 -3.35918617 -3.35914687 -3.35913013 -3.35914774 -3.35919446 -3.35927340 -3.35937266 -3.35950628 -3.35965996 -3.35980841 -3.35996132 -3.36009394 -3.36020160 -3.36026324 -3.36029229 -3.36029275 -3.36027049 -3.36024429 -3.36021342
-3.36026124 -3.36016666 -3.36004616 -3.35991151 -3.35979423 -3.35968260 -3.35958811 -3.35951391 -3.35945628 -3.35940655 -3.35932771 -3.35925922 -3.35918991 -3.35913255 -3.35909699 -3.35909277 -3.35911089 -3.35918466 -3.35925944 -3.35937074 -3.35950463 -3.35965078 -3.35980818 -3.35996526 -3.36011326 -3.36024340 -3.36032860 -3.36038347 -3.36041054 -3.36040247 -3.36037773 -3.36033125
-3.36034978 -3.36020697 -3.36003826 -3.35986797 -3.35971263 -3.35957551 -3.35947960 -3.35939908 -3.35934795 -3.35930323 -3.35925195 -3.35919728 -3.35914081 -3.35910153 -3.35906482 -3.35906495 -3.35909854 -3.35915911 -3.35925914 -3.35937007 -3.35950280 -3.35965315 -3.35980647 -3.35997082 -3.36012726 -3.36028156 -3.36039764 -3.36047836 -3.36053117 -3.36054133 -3.36051340 -3.36044543
-3.36043240 -3.36025593 -3.36005122 -3.35984997 -3.35966398 -3.35950473 -3.35939219 -3.35931167 -3.35926790 -3.35923858 -3.35920406 -3.35916468 -3.35912952 -3.35909124 -3.35907029 -3.35907115 -3.35911084 -3.35917056 -3.35925928 -3.35936969 -3.35949466 -3.35964501 -3.35979884 -3.35996535 -3.36014432 -3.36030406 -3.36045302 -3.36056615 -3.36063862 -3.36066339 -3.36063625 -3.36056195
-3.36050402 -3.36031006 -3.36008089 -3.35985414 -3.35963856 -3.35947380 -3.35936510 -3.35928595 -3.35924950 -3.35922991 -3.35920568 -3.35918413 -3.35916027 -3.35912653 -3.35911818 -3.35911517 -3.35915163 -3.35920486 -3.35927541 -3.35937027 -3.35948696 -3.35962182 -3.35977497 -3.35994057 -3.36012439 -3.36031191 -3.36047694 -3.36061762 -3.36072338 -3.36075480 -3.36073553 -3.36065170
-3.36055490 -3.36035289 -3.36012722 -3.35989222 -3.35967318 -3.35950663 -3.35938540 -3.35931575 -3.35927906 -3.35927278 -3.35927030 -3.35925960 -3.35924813 -3.35922794 -3.35920680 -3.35920799 -3.35922381 -3.35925848 -3.35930439 -3.35937595 -3.35946043 -3.35957770 -3.35972266 -3.35988571 -3.36008083 -3.36027836 -3.36046953 -3.36063136 -3.36075016 -3.36081354 -3.36079215 -3.36070491
-3.36059468 -3.36040736 -3.36018120 -3.35995757 -3.35975274 -3.35959097 -3.35948559 -3.35941361 -3.35938540 -3.35938415 -3.35939192 -3.35939634 -3.35940100 -3.35938335 -3.35935999 -3.35933208 -3.35933169 -3.35933529 -3.35935329 -3.35938877 -3.35944504 -3.35952844 -3.35965644 -3.35981229 -3.36001510 -3.36021582 -3.36042083 -3.36059404 -3.36072744 -3.36080904 -3.36080689 -3.36073013
-3.36061008 -3.36044917 -3.36025347 -3.36005067 -3.35987284 -3.35971813 -3.35962280 -3.35956651 -3.35954522 -3.35955545 -3.35956998 -3.35958850 -3.35958917 -3.35957849 -3.35954958 -3.35950891 -3.35946413 -3.35943835 -3.35940757 -3.35939836 -3.35942569 -3.35947460 -3.35956965 -3.35972045 -3.35990080 -3.36010245 -3.36031367 -3.36050234 -3.36065904 -3.36074847 -3.36077417 -3.36072973
