32 32 0 1
-3.36067372 -3.36059064 -3.36046453 -3.36033125 -3.36020108 -3.36009039 -3.36000246 -3.35995961 -3.35994782 -3.35995003 -3.35995720 -3.35994739 -3.35989496 -3.35980565 -3.35968095 -3.35951399 -3.35933763 -3.35917849 -3.35905201 -3.35898094 -3.35897928 -3.35904964 -3.35918377 -3.35937153 -3.35959629 -3.35984673 -3.36009033 -3.36029709 -3.36047686 -3.36060891 -3.36068943 -3.36071633
-3.36071599 -3.36066875 -3.36060145 -3.36051033 -3.36041507 -3.36033112 -3.36027284 -3.36026270 -3.36025881 -3.36028877 -3.36030144 -3.36029916 -3.36026260 -3.36016134 -3.36001754 -3.35982205 -3.35960734 -3.35939529 -3.35920474 -3.35908019 -3.35903943 -3.35905300 -3.35915267 -3.35929815 -3.35950269 -3.35972679 -3.35996162 -3.36018512 -3.36037838 -3.36053902 -3.36064398 -3.36070710
-3.36073263 -3.36073669 -3.36070530 -3.36066604 -3.36061228 -3.36055181 -3.36051687 -3.36050842 -3.36052624 -3.36056932 -3.36059629 -3.36059876 -3.36055707 -3.36045355 -3.36029367 -3.36006946 -3.35982805 -3.35958075 -3.35935636 -3.35918505 -3.35908640 -3.35906450 -3.35911063 -3.35923346 -3.35938657 -3.35960005 -3.35982007 -3.36005753 -3.36026487 -3.36044938 -3.36058171 -3.36068115
-3.36071348 -3.36075309 -3.36076492 -3.36076332 -3.36073557 -3.36069836 -3.36068674 -3.36070071 -3.36071968 -3.36075752 -3.36079455 -3.36079407 -3.36075048 -3.36063541 -3.36046247 -3.36022983 -3.35997215 -3.35969342 -3.35944422 -3.35923814 -3.35910602 -3.35904206 -3.35905336 -3.35913731 -3.35926759 -3.35945547 -3.35967044 -3.35989445 -3.36012350 -3.36032091 -3.36048753 -3.36062424
-3.36061931 -3.36069505 -3.36073883 -3.36075794 -3.36076282 -3.36075768 -3.36075262 -3.36077432 -3.36080187 -3.36084797 -3.36086814 -3.36086651 -3.36081689 -3.36070022 -3.36052315 -3.36028755 -3.36001702 -3.35973213 -3.35946824 -3.35924499 -3.35908114 -3.35899163 -3.35897203 -3.35902026 -3.35913013 -3.35928317 -3.35947884 -3.35970230 -3.35993146 -3.36014858 -3.36034068 -3.36050515
-3.36044356 -3.36054112 -3.36060931 -3.36066365 -3.36069052 -3.36069210 -3.36070507 -3.36072135 -3.36075180 -3.36078882 -3.36080957 -3.36079935 -3.36075122 -3.36064202 -3.36045868 -3.36023641 -3.35996054 -3.35967727 -3.35940849 -3.35917309 -3.35899842 -3.35888811 -3.35884585 -3.35886435 -3.35894717 -3.35907643 -3.35926052 -3.35947452 -3.35970241 -3.35992820 -3.36013510 -3.36030859
-3.36015626 -3.36027645 -3.36036712 -3.36042955 -3.36046519 -3.36049198 -3.36051859 -3.36052609 -3.36055483 -3.36058565 -3.36060331 -3.36060268 -3.36054577 -3.36044593 -3.36027312 -3.36004856 -3.35979023 -3.35951765 -3.35925586 -3.35902739 -3.35884236 -3.35872268 -3.35865931 -3.35865092 -3.35870431 -3.35882624 -3.35899109 -3.35919396 -3.35941200 -3.35963399 -3.35982985 -3.36000886
-3.35974416 -3.35986926 -3.35998333 -3.36006020 -3.36009745 -3.36013791 -3.36016148 -3.36018408 -3.36020714 -3.36022918 -3.36024120 -3.36024266 -3.36018759 -3.36009761 -3.35994820 -3.35973466 -3.35949098 -3.35923763 -3.35899388 -3.35877058 -3.35858973 -3.35846089 -3.35838276 -3.35835623 -3.35839567 -3.35849390 -3.35863489 -3.35881549 -3.35902702 -3.35923142 -3.35941671 -3.35958591
-3.35918618 -3.35932301 -3.35943602 -3.35951482 -3.35957687 -3.35961575 -3.35964244 -3.35965853 -3.35967850 -3.35970089 -3.35971858 -3.35971715 -3.35968506 -3.35960252 -3.35946480 -3.35927696 -3.35905826 -3.35883181 -3.35859300 -3.35838037 -3.35821279 -3.35808293 -3.35799440 -3.35796719 -3.35798616 -3.35805740 -3.35818856 -3.35835114 -3.35853973 -3.35871407 -3.35889011 -3.35904682
-3.35852777 -3.35864870 -3.35875611 -3.35884001 -3.35888851 -3.35893101 -3.35895591 -3.35897331 -3.35898392 -3.35900455 -3.35902566 -3.35904179 -3.35902117 -3.35896159 -3.35884738 -3.35868417 -3.35849267 -3.35828061 -3.35807460 -3.35787002 -3.35770595 -3.35757630 -3.35748731 -3.35745283 -3.35746914 -3.35754183 -3.35764895 -3.35778629 -3.35793971 -3.35809902 -3.35825312 -3.35839211
-3.35774290 -3.35784982 -3.35794507 -3.35802104 -3.35805375 -3.35808162 -3.35808950 -3.35809861 -3.35811720 -3.35813459 -3.35816906 -3.35819611 -3.35819930 -3.35816529 -3.35808614 -3.35794729 -3.35778719 -3.35759999 -3.35741045 -3.35723093 -3.35706839 -3.35695697 -3.35687331 -3.35683393 -3.35685404 -3.35690044 -3.35699793 -3.35711828 -3.35724807 -3.35738525 -3.35751043 -3.35762776
-3.35686429 -3.35694922 -3.35702477 -3.35707247 -3.35709158 -3.35709565 -3.35707739 -3.35707177 -3.35708171 -3.35710949 -3.35715263 -3.35720581 -3.35724198 -3.35723282 -3.35718834 -3.35708637 -3.35695621 -3.35679235 -3.35662381 -3.35645486 -3.35632017 -3.35621211 -3.35614553 -3.35611250 -3.35612308 -3.35617224 -3.35625562 -3.35636018 -3.35646824 -3.35657612 -3.35667784 -3.35677486
-3.35592740 -3.35597842 -3.35602088 -3.35604317 -3.35602806 -3.35600119 -3.35596812 -3.35594038 -3.35594031 -3.35597352 -3.35603055 -3.35610216 -3.35617016 -3.35620132 -3.35619404 -3.35613741 -3.35604024 -3.35590949 -3.35575157 -3.35561512 -3.35549425 -3.35540557 -3.35534057 -3.35531117 -3.35533731 -3.35538132 -3.35545466 -3.35554040 -3.35562659 -3.35571807 -3.35579882 -3.35586487
-3.35497691 -3.35500162 -3.35499694 -3.35497518 -3.35493808 -3.35488023 -3.35481382 -3.35477531 -3.35477013 -3.35481475 -3.35488852 -3.35497792 -3.35506376 -3.35513860 -3.35516912 -3.35515092 -3.35509553 -3.35498858 -3.35486062 -3.35474838 -3.35464762 -3.35457070 -3.35451657 -3.35450381 -3.35453468 -3.35457810 -3.35464498 -3.35471781 -3.35479314 -3.35485673 -3.35490590 -3.35495088
-3.35409117 -3.35407307 -3.35404779 -3.35399161 -3.35391373 -3.35382880 -3.35374590 -3.35368659 -3.35367292 -3.35371971 -3.35380903 -3.35392692 -3.35404774 -3.35415293 -3.35421984 -3.35423443 -3.35420391 -3.35413471 -3.35403394 -3.35394074 -3.35385116 -3.35378951 -3.35375764 -3.35375337 -3.35378726 -3.35383768 -3.35390539 -3.35396647 -3.35401363 -3.35405039 -3.35407905 -3.35409699
-3.35333418 -3.35329384 -3.35324081 -3.35316297 -3.35306428 -3.35296345 -3.35287137 -3.35279347 -3.35278156 -3.35282449 -3.35291679 -3.35306104 -3.35320469 -3.35334207 -3.35343083 -3.35347938 -3.35347695 -3.35343071 -3.35335688 -3.35326835 -3.35319659 -3.35314555 -3.35312778 -3.35314680 -3.35318616 -3.35324311 -3.35330467 -3.35334492 -3.35337189 -3.35337801 -3.35336805 -3.35336426
-3.35281920 -3.35275659 -3.35269119 -3.35260521 -3.35249126 -3.35238111 -3.35228253 -3.35220988 -3.35219053 -3.35223404 -3.35234078 -3.35247758 -3.35262832 -3.35278784 -3.35290037 -3.35296818 -3.35298073 -3.35295964 -3.35289665 -3.35282624 -3.35276254 -3.35272778 -3.35272862 -3.35275840 -3.35280614 -3.35285634 -3.35291210 -3.35294042 -3.35294619 -3.35291425 -3.35289100 -3.35286064
-3.35258955 -3.35253831 -3.35247008 -3.35238539 -3.35226959 -3.35216358 -3.35206549 -3.35199747 -3.35198782 -3.35202776 -3.35211741 -3.35225572 -3.35241724 -3.35256442 -3.35269462 -3.35276148 -3.35279449 -3.35276022 -3.35271630 -3.35266289 -3.35261824 -3.35259453 -3.35260263 -3.35264578 -3.35270200 -3.35275595 -3.35279258 -3.35280714 -3.35278285 -3.35274116 -3.35269247 -3.35264433
-3.35270431 -3.35265388 -3.35258967 -3.35252238 -3.35243115 -3.35232950 -3.35224668 -3.35218782 -3.35217670 -3.35220432 -3.35228092 -3.35239947 -3.35253960 -3.35268007 -3.35280241 -3.35287391 -3.35291025 -3.35288991 -3.35284952 -3.35280091 -3.35276899 -3.35276022 -3.35278898 -3.35284155 -3.35290133 -3.35295344 -3.35297129 -3.35296554 -3.35292673 -3.35287342 -3.35281026 -3.35275360
-3.35313876 -3.35310112 -3.35305223 -3.35300519 -3.35293793 -3.35285426 -3.35278650 -3.35273361 -3.35271045 -3.35273262 -3.35278915 -3.35288069 -3.35299898 -3.35310907 -3.35322246 -3.35328484 -3.35330152 -3.35329092 -3.35324914 -3.35320743 -3.35319373 -3.35320600 -3.35324690 -3.35331222 -3.35338703 -3.35343472 -3.35344309 -3.35341652 -3.35337331 -3.35330746 -3.35323752 -3.35318490
-3.35384977 -3.35383167 -3.35380270 -3.35376560 -3.35371893 -3.35365194 -3.35358959 -3.35354304 -3.35350777 -3.35351793 -3.35354467 -3.35361060 -3.35370169 -3.35377925 -3.35385208 -3.35389128 -3.35390250 -3.35389473 -3.35386236 -3.35383096 -3.35383342 -3.35387189 -3.35393207 -3.35401701 -3.35409784 -3.35415432 -3.35416184 -3.35412088 -3.35405970 -3.35399748 -3.35393506 -3.35388786
-3.35475957 -3.35475677 -3.35473829 -3.35470336 -3.35466954 -3.35461235 -3.35454982 -3.35450108 -3.35445885 -3.35444022 -3.35444974 -3.35448820 -3.35453345 -3.35457807 -3.35461442 -3.35462688 -3.35463336 -3.35461788 -3.35459360 -3.35457948 -3.35460447 -3.35466795 -3.35475130 -3.35486551 -3.35495409 -3.35501526 -3.35502906 -3.35499499 -3.35493875 -3.35487391 -3.35481842 -3.35478458
-3.35577040 -3.35575916 -3.35573624 -3.35571828 -3.35566596 -3.35560948 -3.35554216 -3.35548713 -3.35543637 -3.35540276 -3.35538388 -3.35538385 -3.35538454 -3.35539106 -3.35540204 -3.35539773 -3.35538872 -3.35536703 -3.35535690 -3.35536910 -3.35542243 -3.35551202 -3.35563497 -3.35575848 -3.35586863 -3.35595605 -3.35597328 -3.35596336 -3.35591867 -3.35585380 -3.35581050 -3.35578425
-3.35678824 -3.35677447 -3.35674005 -3.35668571 -3.35662247 -3.35654128 -3.35646760 -3.35639664 -3.35633079 -3.35628140 -3.35623956 -3.35620210 -3.35616768 -3.35614897 -3.35612677 -3.35610477 -3.35608427 -3.35606892 -3.35608772 -3.35612718 -3.35620568 -3.35632897 -3.35647303 -3.35662362 -3.35676542 -3.35686681 -3.35691975 -3.35691186 -3.35688331 -3.35685298 -3.35682626 -3.35679476
-3.35773805 -3.35769666 -3.35763717 -3.35755518 -3.35746246 -3.35735640 -3.35725646 -3.35716618 -3.35708173 -3.35701706 -3.35695212 -3.35689031 -3.35683440 -3.35679187 -3.35674629 -3.35670791 -3.35669049 -3.35669074 -3.35671436 -3.35678619 -3.35689458 -3.35704772 -3.35722268 -3.35741044 -3.35757808 -3.35770100 -3.35777789 -3.35781062 -3.35781317 -3.35779563 -3.35777773 -3.35776327
-3.35855720 -3.35848945 -3.35839894 -3.35827593 -3.35814181 -3.35800766 -3.35787602 -3.35775913 -3.35766525 -3.35758912 -3.35750301 -3.35743374 -3.35736278 -3.35729549 -3.35724368 -3.35720029 -3.35717812 -3.35720218 -3.35724288 -3.35733278 -3.35747101 -3.35764400 -3.35784930 -3.35805766 -3.35824730 -3.35841050 -3.35852181 -3.35859110 -3.35862097 -3.35862580 -3.35862130 -3.35859494
-3.35923010 -3.35912535 -3.35898213 -3.35883374 -3.35866044 -3.35848913 -3.35834075 -3.35820706 -3.35810202 -3.35801882 -3.35793026 -3.35785442 -3.35777528 -3.35770989 -3.35763385 -3.35759009 -3.35758093 -3.35759669 -3.35767116 -3.35777238 -3.35792855 -3.35812767 -3.35834269 -3.35857635 -3.35878889 -3.35898082 -3.35912777 -3.35922746 -3.35929255 -3.35931102 -3.35931261 -3.35928292
-3.35974353 -3.35960711 -3.35943713 -3.35923974 -3.35904254 -3.35884756 -3.35868369 -3.35853988 -3.35843726 -3.35835135 -3.35826850 -3.35819258 -3.35812163 -3.35803985 -3.35797217 -3.35792132 -3.35791134 -3.35792659 -3.35799431 -3.35810776 -3.35826602 -3.35848271 -3.35871238 -3.35895476 -3.35920078 -3.35941106 -3.35959109 -3.35971517 -3.35980890 -3.35984824 -3.35985502 -3.35982466
-3.36010768 -3.35995610 -3.35975985 -3.35953927 -3.35931421 -3.35911900 -3.35895968 -3.35882125 -3.35872195 -3.35863758 -3.35856204 -3.35849499 -3.35843279 -3.35835321 -3.35828134 -3.35821934 -3.35819679 -3.35820907 -3.35825561 -3.35836173 -3.35851903 -3.35872148 -3.35896229 -3.35921330 -3.35946956 -3.35969957 -3.35990021 -3.36006436 -3.36017913 -3.36023072 -3.36023982 -3.36020559
-3.36034432 -3.36018621 -3.35999322 -3.35977109 -3.35954915 -3.35935741 -3.35919876 -3.35907691 -3.35898931 -3.35892730 -3.35887570 -3.35881986 -3.35876440 -3.35868251 -3.35859598 -3.35852758 -3.35847206 -3.35845784 -3.35848093 -3.35856293 -3.35869478 -3.35887425 -3.35910208 -3.35934807 -3.35961935 -3.35986800 -3.36008816 -3.36026910 -3.36040142 -3.36048381 -3.36048968 -3.36044526
-3.36050900 -3.36035827 -3.36016765 -3.35996546 -3.35976458 -3.35958910 -3.35945563 -3.35934705 -3.35928353 -3.35924305 -3.35921203 -3.35917164 -3.35912539 -3.35904296 -3.35894380 -3.35884043 -3.35876026 -3.35870087 -3.35868874 -3.35872307 -3.35882222 -3.35897191 -3.35917765 -3.35941773 -3.35969059 -3.35994111 -3.36017177 -3.36036120 -3.36050873 -3.36060862 -3.36063166 -3.36059984
-3.36060314 -3.36048766 -3.36032416 -3.36014984 -3.35998421 -3.35982804 -3.35972186 -3.35964676 -3.35960600 -3.35959277 -3.35958029 -3.35955463 -3.35950393 -3.35942576 -3.35932184 -3.35918738 -3.35905021 -3.35894931 -3.35887644 -3.35886481 -3.35892025 -3.35902839 -3.35920034 -3.35942678 -3.35967365 -3.35992278 -3.36016290 -3.36036785 -3.36053066 -3.36064037 -3.36069577 -3.36068584
