32 32 0 1
-3.36078383 -3.36067292 -3.36051558 -3.36034923 -3.36018123 -3.36003095 -3.35991010 -3.35984415 -3.35982649 -3.35985645 -3.35992168 -3.36000408 -3.36006575 -3.36010388 -3.36010862 -3.36005497 -3.35996621 -3.35986061 -3.35975396 -3.35967138 -3.35963370 -3.35964913 -3.35972317 -3.35984456 -3.36000438 -3.36019636 -3.36039007 -3.36055342 -3.36069568 -3.36079385 -3.36084587 -3.36084497
-3.36080121 -3.36072983 -3.36063588 -3.36050876 -3.36037482 -3.36024965 -3.36014852 -3.36011280 -3.36010111 -3.36015006 -3.36022081 -3.36030930 -3.36038509 -3.36041255 -3.36039905 -3.36031931 -3.36019764 -3.36004686 -3.35988703 -3.35976140 -3.35968958 -3.35965899 -3.35969902 -3.35977957 -3.35991854 -3.36008057 -3.36025845 -3.36043348 -3.36058023 -3.36070358 -3.36077754 -3.36081519
-3.36078433 -3.36076546 -3.36071008 -3.36063379 -3.36054398 -3.36044102 -3.36036472 -3.36032574 -3.36033394 -3.36039491 -3.36047523 -3.36056170 -3.36062664 -3.36064883 -3.36061723 -3.36051188 -3.36036952 -3.36018895 -3.36000350 -3.35984115 -3.35972522 -3.35966277 -3.35965441 -3.35971308 -3.35979532 -3.35994236 -3.36009912 -3.36027830 -3.36043590 -3.36058075 -3.36067837 -3.36075059
-3.36071659 -3.36073918 -3.36072570 -3.36069528 -3.36063761 -3.36056048 -3.36051076 -3.36049344 -3.36049634 -3.36054806 -3.36063108 -3.36070655 -3.36076466 -3.36077071 -3.36072398 -3.36061232 -3.36045386 -3.36025379 -3.36005292 -3.35986532 -3.35971960 -3.35962594 -3.35958382 -3.35960378 -3.35966132 -3.35977380 -3.35991779 -3.36007256 -3.36024506 -3.36039890 -3.36053243 -3.36064354
-3.36056783 -3.36062997 -3.36065744 -3.36065958 -3.36063453 -3.36059652 -3.36055556 -3.36054587 -3.36055857 -3.36061435 -3.36067143 -3.36073650 -3.36078198 -3.36077781 -3.36072219 -3.36060228 -3.36043555 -3.36023152 -3.36002449 -3.35983065 -3.35966404 -3.35954462 -3.35947271 -3.35945228 -3.35948762 -3.35956196 -3.35968314 -3.35983339 -3.36000296 -3.36017043 -3.36032658 -3.36046293
-3.36032688 -3.36042335 -3.36049229 -3.36052782 -3.36053288 -3.36051510 -3.36049490 -3.36048331 -3.36050032 -3.36054092 -3.36059194 -3.36063998 -3.36067322 -3.36066153 -3.36058964 -3.36047604 -3.36030348 -3.36010836 -3.35990631 -3.35970240 -3.35952895 -3.35939720 -3.35930502 -3.35925130 -3.35925299 -3.35929744 -3.35939976 -3.35953733 -3.35969704 -3.35987407 -3.36005357 -3.36020143
-3.35997708 -3.36009873 -3.36019326 -3.36026245 -3.36028369 -3.36029756 -3.36030337 -3.36029318 -3.36030996 -3.36034299 -3.36038186 -3.36042069 -3.36042650 -3.36040938 -3.36033602 -3.36021570 -3.36005550 -3.35986944 -3.35967725 -3.35948620 -3.35930950 -3.35916962 -3.35905522 -3.35897734 -3.35894532 -3.35897376 -3.35904591 -3.35916533 -3.35932086 -3.35949602 -3.35966440 -3.35982556
-3.35948379 -3.35962197 -3.35975808 -3.35984882 -3.35989025 -3.35993040 -3.35994919 -3.35995994 -3.35997465 -3.35999778 -3.36002428 -3.36004188 -3.36003642 -3.36000982 -3.35993911 -3.35981935 -3.35966905 -3.35950231 -3.35931854 -3.35913741 -3.35896943 -3.35882494 -3.35869333 -3.35859434 -3.35855061 -3.35854848 -3.35859562 -3.35869481 -3.35884457 -3.35899986 -3.35916173 -3.35931657
-3.35884653 -3.35900307 -3.35915199 -3.35926461 -3.35934067 -3.35939668 -3.35943020 -3.35944747 -3.35946619 -3.35948260 -3.35950055 -3.35950722 -3.35949425 -3.35945534 -3.35937939 -3.35926846 -3.35913352 -3.35898188 -3.35881400 -3.35863761 -3.35848095 -3.35833581 -3.35819700 -3.35809318 -3.35802662 -3.35801005 -3.35804323 -3.35812397 -3.35824711 -3.35837679 -3.35852782 -3.35868781
-3.35808424 -3.35824688 -3.35840202 -3.35852929 -3.35862147 -3.35869137 -3.35874087 -3.35876859 -3.35878609 -3.35879617 -3.35880061 -3.35880805 -3.35878727 -3.35874461 -3.35867156 -3.35856671 -3.35844332 -3.35829973 -3.35815609 -3.35799642 -3.35783917 -3.35769115 -3.35755307 -3.35744253 -3.35737721 -3.35735649 -3.35737687 -3.35743130 -3.35751879 -3.35763488 -3.35777565 -3.35792414
-3.35718486 -3.35734957 -3.35751302 -3.35765371 -3.35774710 -3.35782785 -3.35787418 -3.35790599 -3.35792841 -3.35793320 -3.35793930 -3.35793170 -3.35791457 -3.35786897 -3.35780258 -3.35770485 -3.35759842 -3.35747006 -3.35734034 -3.35720107 -3.35705246 -3.35691855 -3.35679068 -3.35668985 -3.35662233 -3.35658310 -3.35659018 -3.35662532 -3.35669017 -3.35678094 -3.35689550 -3.35703344
-3.35619081 -3.35635197 -3.35651223 -3.35664660 -3.35675148 -3.35682581 -3.35686306 -3.35689243 -3.35690511 -3.35691143 -3.35691687 -3.35691017 -3.35689586 -3.35685091 -3.35679709 -3.35670523 -3.35661395 -3.35650911 -3.35639249 -3.35627023 -3.35614493 -3.35602670 -3.35591844 -3.35582668 -3.35575500 -3.35571883 -3.35570913 -3.35572999 -3.35576643 -3.35583571 -3.35592595 -3.35604907
-3.35513922 -3.35528142 -3.35542870 -3.35555911 -3.35565437 -3.35572038 -3.35575881 -3.35577038 -3.35577790 -3.35579003 -3.35578660 -3.35578040 -3.35576286 -3.35573189 -3.35568533 -3.35561977 -3.35554385 -3.35546184 -3.35536307 -3.35526346 -3.35516350 -3.35507342 -3.35498196 -3.35489319 -3.35484169 -3.35480056 -3.35478158 -3.35477539 -3.35479110 -3.35484064 -3.35490915 -3.35501259
-3.35408436 -3.35421075 -3.35433701 -3.35444345 -3.35453582 -3.35459330 -3.35461586 -3.35462955 -3.35462867 -3.35464254 -3.35464478 -3.35463047 -3.35460879 -3.35459628 -3.35455645 -3.35450744 -3.35445267 -3.35439622 -3.35432131 -3.35425117 -3.35417938 -3.35410942 -3.35403485 -3.35397341 -3.35393283 -3.35388687 -3.35386047 -3.35383687 -3.35384084 -3.35385943 -3.35389644 -3.35397884
-3.35310947 -3.35321059 -3.35332289 -3.35341904 -3.35349181 -3.35353984 -3.35355744 -3.35356599 -3.35356028 -3.35356524 -3.35357693 -3.35357022 -3.35356622 -3.35354876 -3.35352256 -3.35348817 -3.35344883 -3.35341510 -3.35336740 -3.35332354 -3.35327108 -3.35322706 -3.35318017 -3.35313500 -3.35310005 -3.35306381 -3.35302857 -3.35299600 -3.35296382 -3.35295344 -3.35297450 -3.35302695
-3.35229402 -3.35237592 -3.35247717 -3.35256306 -3.35262978 -3.35267724 -3.35269739 -3.35269774 -3.35269606 -3.35270023 -3.35270055 -3.35270994 -3.35271462 -3.35270638 -3.35268823 -3.35267115 -3.35264141 -3.35262353 -3.35259895 -3.35256258 -3.35253437 -3.35250370 -3.35248214 -3.35246231 -3.35243803 -3.35240970 -3.35236866 -3.35231126 -3.35225312 -3.35221552 -3.35219525 -3.35223175
-3.35174212 -3.35180915 -3.35189811 -3.35198093 -3.35204518 -3.35208988 -3.35211596 -3.35213128 -3.35212956 -3.35213550 -3.35215095 -3.35215004 -3.35214969 -3.35214909 -3.35214155 -3.35212926 -3.35210493 -3.35210520 -3.35208470 -3.35206642 -3.35204938 -3.35203512 -3.35203825 -3.35203427 -3.35202301 -3.35198893 -3.35194083 -3.35187370 -3.35179823 -3.35171935 -3.35168817 -3.35169509
-3.35150350 -3.35157773 -3.35166255 -3.35174801 -3.35181080 -3.35186066 -3.35189378 -3.35191903 -3.35193655 -3.35194691 -3.35195550 -3.35196085 -3.35196953 -3.35195420 -3.35195164 -3.35193375 -3.35191657 -3.35189993 -3.35189175 -3.35188188 -3.35188459 -3.35188677 -3.35189310 -3.35190322 -3.35190256 -3.35187483 -3.35181691 -3.35173557 -3.35163075 -3.35154692 -3.35148809 -3.35147586
-3.35163855 -3.35170192 -3.35178102 -3.35187124 -3.35195064 -3.35200703 -3.35205627 -3.35209748 -3.35212352 -3.35213442 -3.35214031 -3.35213901 -3.35213723 -3.35212325 -3.35211356 -3.35209388 -3.35207710 -3.35206150 -3.35204936 -3.35204127 -3.35204778 -3.35206050 -3.35208918 -3.35210589 -3.35210654 -3.35208150 -3.35201187 -3.35191587 -3.35180117 -3.35170713 -3.35163659 -3.35161452
-3.35212305 -3.35217883 -3.35225658 -3.35235082 -3.35244085 -3.35250874 -3.35257065 -3.35261628 -3.35264784 -3.35266304 -3.35266855 -3.35265942 -3.35264908 -3.35261988 -3.35261301 -3.35258724 -3.35255113 -3.35253297 -3.35250898 -3.35249671 -3.35251602 -3.35253998 -3.35257559 -3.35260472 -3.35262042 -3.35259662 -3.35252574 -3.35241661 -3.35230735 -3.35220480 -3.35212980 -3.35210492
-3.35290276 -3.35295923 -3.35303500 -3.35311962 -3.35321117 -3.35328279 -3.35334413 -3.35339151 -3.35342173 -3.35344296 -3.35343666 -3.35343048 -3.35341554 -3.35337692 -3.35334840 -3.35330410 -3.35326615 -3.35324975 -3.35322550 -3.35320789 -3.35322793 -3.35326847 -3.35331708 -3.35336451 -3.35338847 -3.35337581 -3.35331064 -3.35320369 -3.35308302 -3.35298851 -3.35291842 -3.35288923
-3.35390311 -3.35395702 -3.35401721 -3.35408418 -3.35416897 -3.35423154 -3.35427136 -3.35431908 -3.35434427 -3.35435750 -3.35435471 -3.35434451 -3.35431791 -3.35427693 -3.35423035 -3.35417748 -3.35414046 -3.35410994 -3.35408441 -3.35407440 -3.35410284 -3.35415858 -3.35422125 -3.35429324 -3.35432514 -3.35432118 -3.35427449 -3.35418143 -3.35407588 -3.35398165 -3.35391659 -3.35389274
-3.35503086 -3.35505848 -3.35509229 -3.35514793 -3.35518887 -3.35522950 -3.35525501 -3.35528399 -3.35530247 -3.35531354 -3.35530146 -3.35528338 -3.35524519 -3.35519513 -3.35514994 -3.35510554 -3.35505928 -3.35502267 -3.35500285 -3.35501231 -3.35505900 -3.35512530 -3.35521729 -3.35529568 -3.35534387 -3.35537011 -3.35533401 -3.35527171 -3.35518949 -3.35509991 -3.35504630 -3.35502072
-3.35617913 -3.35618662 -3.35618826 -3.35618862 -3.35619349 -3.35618402 -3.35618663 -3.35619248 -3.35618921 -3.35620191 -3.35618233 -3.35615054 -3.35610950 -3.35606575 -3.35601806 -3.35597381 -3.35593189 -3.35590018 -3.35590848 -3.35593730 -3.35598689 -3.35608535 -3.35618854 -3.35629081 -3.35637307 -3.35641393 -3.35641439 -3.35636632 -3.35631138 -3.35625528 -3.35621499 -3.35617895
-3.35726826 -3.35723696 -3.35719772 -3.35714712 -3.35709615 -3.35704275 -3.35700673 -3.35697632 -3.35695407 -3.35694441 -3.35692442 -3.35689079 -3.35685294 -3.35681396 -3.35677694 -3.35673846 -3.35671034 -3.35669708 -3.35671621 -3.35676168 -3.35684214 -3.35695428 -3.35708487 -3.35721291 -3.35732085 -3.35739352 -3.35742178 -3.35741635 -3.35739104 -3.35735089 -3.35732070 -3.35729230
-3.35822262 -3.35815485 -3.35806794 -3.35796204 -3.35785334 -3.35775313 -3.35766488 -3.35760364 -3.35756126 -3.35753560 -3.35750287 -3.35748353 -3.35745330 -3.35742523 -3.35740097 -3.35737776 -3.35736376 -3.35738666 -3.35741402 -3.35747595 -3.35757639 -3.35769991 -3.35785092 -3.35800070 -3.35813356 -3.35824580 -3.35831553 -3.35834748 -3.35835331 -3.35833572 -3.35831050 -3.35827279
-3.35902467 -3.35890858 -3.35876706 -3.35861063 -3.35845296 -3.35829780 -3.35818201 -3.35808539 -3.35802309 -3.35798850 -3.35795838 -3.35794356 -3.35792958 -3.35792526 -3.35790682 -3.35790132 -3.35791629 -3.35793243 -3.35798915 -3.35806315 -3.35817251 -3.35832176 -3.35847474 -3.35864910 -3.35880770 -3.35895436 -3.35905961 -3.35912206 -3.35916175 -3.35916408 -3.35914098 -3.35909293
-3.35964536 -3.35949727 -3.35931321 -3.35910963 -3.35890312 -3.35872079 -3.35857106 -3.35845008 -3.35838089 -3.35834282 -3.35831820 -3.35831334 -3.35832501 -3.35832328 -3.35832520 -3.35833390 -3.35836265 -3.35839062 -3.35844714 -3.35852489 -3.35864080 -3.35879375 -3.35895999 -3.35914320 -3.35933380 -3.35949635 -3.35963495 -3.35973255 -3.35979671 -3.35981172 -3.35979976 -3.35974244
-3.36009919 -3.35992778 -3.35971315 -3.35947412 -3.35923978 -3.35903275 -3.35887369 -3.35874623 -3.35867396 -3.35863703 -3.35862172 -3.35863866 -3.35866303 -3.35867406 -3.35869714 -3.35870856 -3.35873223 -3.35876952 -3.35881436 -3.35888855 -3.35899052 -3.35913592 -3.35931162 -3.35949450 -3.35969489 -3.35988009 -3.36004002 -3.36016610 -3.36025669 -3.36028811 -3.36027369 -3.36021716
-3.36040057 -3.36021868 -3.35999982 -3.35975620 -3.35951096 -3.35929734 -3.35912655 -3.35901025 -3.35894065 -3.35891676 -3.35893037 -3.35895724 -3.35900116 -3.35902832 -3.35904514 -3.35906591 -3.35907187 -3.35908571 -3.35910785 -3.35915937 -3.35923956 -3.35935870 -3.35952308 -3.35970329 -3.35991756 -3.36011797 -3.36029936 -3.36044610 -3.36055070 -3.36060761 -3.36059173 -3.36052563
-3.36060090 -3.36042656 -3.36021260 -3.35997878 -3.35974475 -3.35954180 -3.35938905 -3.35927252 -3.35921933 -3.35921209 -3.35924192 -3.35929044 -3.35935577 -3.35939422 -3.35941042 -3.35940278 -3.35939216 -3.35937021 -3.35936044 -3.35937332 -3.35942212 -3.35951385 -3.35964961 -3.35982419 -3.36003836 -3.36024049 -3.36043326 -3.36058399 -3.36070298 -3.36077615 -3.36077302 -3.36071248
-3.36071335 -3.36056535 -3.36037784 -3.36017130 -3.35997295 -3.35978482 -3.35964710 -3.35955365 -3.35951667 -3.35953349 -3.35958335 -3.35964932 -3.35970672 -3.35975767 -3.35977656 -3.35974722 -3.35969202 -3.35963856 -3.35957903 -3.35954201 -3.35955537 -3.35960589 -3.35971294 -3.35987382 -3.36005591 -3.36024884 -3.36044574 -3.36061351 -3.36074390 -3.36082380 -3.36085417 -3.36081886
