32 32 0 1
-3.36061304 -3.36053223 -3.36041507 -3.36028602 -3.36014940 -3.36002563 -3.35992034 -3.35986329 -3.35984406 -3.35985366 -3.35988095 -3.35990679 -3.35989823 -3.35986275 -3.35978725 -3.35966365 -3.35952406 -3.35939219 -3.35928444 -3.35922218 -3.35922171 -3.35928556 -3.35940435 -3.35956962 -3.35976222 -3.35997976 -3.36018277 -3.36034750 -3.36048960 -3.36058725 -3.36064267 -3.36065570
-3.36060248 -3.36055378 -3.36049032 -3.36039278 -3.36028970 -3.36019250 -3.36011263 -3.36008501 -3.36007691 -3.36011455 -3.36015650 -3.36019571 -3.36021248 -3.36017325 -3.36008906 -3.35994589 -3.35977489 -3.35959486 -3.35943454 -3.35932830 -3.35929392 -3.35930264 -3.35938907 -3.35951010 -3.35968051 -3.35986246 -3.36005042 -3.36021773 -3.36036372 -3.36048070 -3.36055305 -3.36060036
-3.36056900 -3.36056881 -3.36053777 -3.36048709 -3.36042268 -3.36034541 -3.36029303 -3.36026612 -3.36028101 -3.36033486 -3.36039292 -3.36044192 -3.36045884 -3.36042275 -3.36032746 -3.36016477 -3.35997382 -3.35976973 -3.35957908 -3.35943153 -3.35934668 -3.35932246 -3.35935600 -3.35945307 -3.35956730 -3.35973206 -3.35989294 -3.36007020 -3.36021870 -3.36035387 -3.36045101 -3.36052711
-3.36050537 -3.36054354 -3.36054972 -3.36054100 -3.36050135 -3.36044815 -3.36041914 -3.36041913 -3.36043456 -3.36048643 -3.36055677 -3.36060314 -3.36061874 -3.36057040 -3.36046407 -3.36029807 -3.36009749 -3.35987287 -3.35966508 -3.35948612 -3.35936962 -3.35930535 -3.35930258 -3.35936132 -3.35944848 -3.35957894 -3.35972919 -3.35988566 -3.36005133 -3.36019230 -3.36032001 -3.36042825
-3.36038140 -3.36045571 -3.36049729 -3.36051172 -3.36050625 -3.36048920 -3.36046700 -3.36048031 -3.36050568 -3.36056181 -3.36061180 -3.36065561 -3.36066630 -3.36061359 -3.36050075 -3.36033209 -3.36012232 -3.35989404 -3.35967505 -3.35948251 -3.35933790 -3.35925109 -3.35921920 -3.35923504 -3.35929606 -3.35938918 -3.35951822 -3.35967188 -3.35983382 -3.35999428 -3.36014283 -3.36027971
-3.36019118 -3.36029238 -3.36036131 -3.36041534 -3.36043732 -3.36043135 -3.36043396 -3.36044249 -3.36046908 -3.36051656 -3.36056117 -3.36058886 -3.36059565 -3.36054743 -3.36042156 -3.36026421 -3.36004514 -3.35981781 -3.35959491 -3.35939378 -3.35923706 -3.35912910 -3.35907042 -3.35905375 -3.35908595 -3.35915319 -3.35926947 -3.35941431 -3.35957441 -3.35974569 -3.35991720 -3.36006984
-3.35990346 -3.36003140 -3.36012661 -3.36019758 -3.36023602 -3.36026343 -3.36028713 -3.36029385 -3.36031959 -3.36036189 -3.36039789 -3.36041857 -3.36040116 -3.36034670 -3.36022816 -3.36006147 -3.35985754 -3.35962907 -3.35941006 -3.35921124 -3.35904406 -3.35892738 -3.35884424 -3.35879936 -3.35880366 -3.35887007 -3.35896246 -3.35909755 -3.35925890 -3.35943158 -3.35959890 -3.35975711
-3.35948773 -3.35962945 -3.35976361 -3.35986188 -3.35991622 -3.35996809 -3.36000008 -3.36002358 -3.36004519 -3.36007383 -3.36009696 -3.36010825 -3.36007769 -3.36001898 -3.35990357 -3.35972984 -3.35953506 -3.35932105 -3.35911164 -3.35890983 -3.35874063 -3.35861113 -3.35851346 -3.35845116 -3.35844147 -3.35848473 -3.35856916 -3.35868948 -3.35885043 -3.35901072 -3.35917092 -3.35932700
-3.35893760 -3.35909823 -3.35924978 -3.35936533 -3.35945176 -3.35952193 -3.35956224 -3.35958486 -3.35961029 -3.35963470 -3.35965584 -3.35965953 -3.35962849 -3.35955577 -3.35943569 -3.35927141 -3.35908073 -3.35888117 -3.35866715 -3.35846649 -3.35830481 -3.35817088 -3.35806105 -3.35799888 -3.35797579 -3.35800184 -3.35807738 -3.35818793 -3.35833033 -3.35847138 -3.35862698 -3.35877925
-3.35827339 -3.35843845 -3.35859702 -3.35872956 -3.35882940 -3.35891201 -3.35896475 -3.35900141 -3.35902339 -3.35904597 -3.35905865 -3.35906778 -3.35903629 -3.35896893 -3.35885247 -3.35868574 -3.35850160 -3.35830010 -3.35810207 -3.35790873 -3.35773600 -3.35759511 -3.35748384 -3.35741836 -3.35739290 -3.35742596 -3.35748899 -3.35758224 -3.35769562 -3.35782128 -3.35796397 -3.35811146
-3.35747516 -3.35763786 -3.35780300 -3.35794955 -3.35805559 -3.35814605 -3.35818923 -3.35822936 -3.35826914 -3.35829018 -3.35831271 -3.35832049 -3.35829982 -3.35823946 -3.35813320 -3.35797796 -3.35779592 -3.35760163 -3.35740539 -3.35721388 -3.35704016 -3.35690282 -3.35679518 -3.35672602 -3.35671293 -3.35672251 -3.35678136 -3.35686074 -3.35695730 -3.35706939 -3.35718973 -3.35732095
-3.35657781 -3.35673316 -3.35689374 -3.35703746 -3.35714602 -3.35722426 -3.35726797 -3.35730538 -3.35734358 -3.35737401 -3.35741063 -3.35743514 -3.35744279 -3.35738919 -3.35730636 -3.35715513 -3.35698588 -3.35679122 -3.35659353 -3.35640154 -3.35623196 -3.35609291 -3.35599455 -3.35593251 -3.35590983 -3.35592969 -3.35597704 -3.35604601 -3.35612491 -3.35621995 -3.35631976 -3.35643850
-3.35562396 -3.35575738 -3.35590441 -3.35603928 -3.35612878 -3.35618869 -3.35623567 -3.35626555 -3.35629684 -3.35634635 -3.35639934 -3.35644898 -3.35647236 -3.35645668 -3.35638754 -3.35627049 -3.35611228 -3.35592598 -3.35571899 -3.35552840 -3.35535757 -3.35522407 -3.35511939 -3.35505552 -3.35505457 -3.35507259 -3.35511911 -3.35517258 -3.35523328 -3.35531573 -3.35540005 -3.35550176
-3.35466050 -3.35478140 -3.35489281 -3.35499622 -3.35507751 -3.35512292 -3.35514810 -3.35517602 -3.35521561 -3.35528195 -3.35535782 -3.35542838 -3.35547331 -3.35549803 -3.35545830 -3.35536183 -3.35522309 -3.35503921 -3.35484064 -3.35464872 -3.35447591 -3.35433909 -3.35423456 -3.35418482 -3.35418597 -3.35420476 -3.35424780 -3.35429269 -3.35435566 -3.35441735 -3.35447901 -3.35456544
-3.35378007 -3.35386526 -3.35396357 -3.35404073 -3.35408868 -3.35411989 -3.35413476 -3.35414972 -3.35419087 -3.35426335 -3.35436718 -3.35447099 -3.35456209 -3.35460916 -3.35460525 -3.35453393 -3.35440631 -3.35423747 -3.35403938 -3.35384566 -3.35366486 -3.35352987 -3.35343069 -3.35338040 -3.35338126 -3.35340994 -3.35345798 -3.35350036 -3.35354466 -3.35358505 -3.35363614 -3.35370151
-3.35304494 -3.35311545 -3.35319112 -3.35324888 -3.35327959 -3.35329545 -3.35330051 -3.35330213 -3.35335052 -3.35343058 -3.35354147 -3.35367742 -3.35380425 -3.35388959 -3.35391048 -3.35386639 -3.35375455 -3.35359404 -3.35339966 -3.35319505 -3.35301284 -3.35287003 -3.35277251 -3.35273751 -3.35273768 -3.35277651 -3.35282997 -3.35285450 -3.35288653 -3.35290830 -3.35293125 -3.35298570
-3.35257063 -3.35262245 -3.35268371 -3.35272659 -3.35274080 -3.35274655 -3.35274101 -3.35274789 -3.35278878 -3.35287115 -3.35300544 -3.35314851 -3.35328305 -3.35340044 -3.35344881 -3.35342811 -3.35332862 -3.35318423 -3.35299049 -3.35278952 -3.35259912 -3.35245533 -3.35236617 -3.35233149 -3.35234283 -3.35237661 -3.35242309 -3.35245317 -3.35247387 -3.35246229 -3.35248696 -3.35252055
-3.35239868 -3.35245947 -3.35251444 -3.35254635 -3.35255287 -3.35255056 -3.35254025 -3.35254439 -3.35259127 -3.35267004 -3.35279265 -3.35294698 -3.35309886 -3.35321614 -3.35329001 -3.35327752 -3.35319735 -3.35304332 -3.35286478 -3.35267096 -3.35248848 -3.35235158 -3.35225823 -3.35223106 -3.35224568 -3.35228373 -3.35232150 -3.35234484 -3.35234426 -3.35233634 -3.35234126 -3.35236117
-3.35258514 -3.35263698 -3.35268018 -3.35271788 -3.35273613 -3.35272911 -3.35272205 -3.35272611 -3.35276290 -3.35282712 -3.35293529 -3.35307809 -3.35321845 -3.35333932 -3.35341783 -3.35341936 -3.35335268 -3.35321699 -3.35304848 -3.35285898 -3.35268895 -3.35256260 -3.35248746 -3.35246137 -3.35247680 -3.35251471 -3.35253657 -3.35254999 -3.35254045 -3.35252978 -3.35252503 -3.35254299
-3.35309042 -3.35314015 -3.35318828 -3.35323042 -3.35325306 -3.35325110 -3.35324564 -3.35323924 -3.35326254 -3.35331597 -3.35340336 -3.35352142 -3.35364228 -3.35374122 -3.35382504 -3.35383169 -3.35376273 -3.35364868 -3.35348928 -3.35331471 -3.35317006 -3.35306559 -3.35300036 -3.35298874 -3.35301597 -3.35304863 -3.35306327 -3.35305741 -3.35304968 -3.35303592 -3.35302501 -3.35304906
-3.35385739 -3.35391472 -3.35396715 -3.35400594 -3.35403536 -3.35403417 -3.35402052 -3.35401164 -3.35401117 -3.35404862 -3.35409864 -3.35419052 -3.35429253 -3.35436391 -3.35441927 -3.35441812 -3.35436126 -3.35426876 -3.35413587 -3.35398238 -3.35386923 -3.35379261 -3.35375489 -3.35376240 -3.35379313 -3.35383074 -3.35384718 -3.35383254 -3.35380573 -3.35379622 -3.35378853 -3.35381603
-3.35480434 -3.35486943 -3.35491686 -3.35494420 -3.35497045 -3.35496600 -3.35493817 -3.35492236 -3.35490480 -3.35490750 -3.35493970 -3.35499645 -3.35505562 -3.35510233 -3.35512618 -3.35511633 -3.35507421 -3.35499316 -3.35488607 -3.35477110 -3.35469224 -3.35465174 -3.35464870 -3.35468672 -3.35472100 -3.35475702 -3.35478118 -3.35477238 -3.35475030 -3.35473746 -3.35473532 -3.35476267
-3.35584020 -3.35588466 -3.35591850 -3.35595214 -3.35594517 -3.35593165 -3.35589556 -3.35586295 -3.35583142 -3.35581359 -3.35581038 -3.35582115 -3.35583546 -3.35584705 -3.35585199 -3.35583622 -3.35580089 -3.35573539 -3.35565630 -3.35559479 -3.35555753 -3.35555476 -3.35559713 -3.35564836 -3.35570624 -3.35576677 -3.35579084 -3.35579737 -3.35578690 -3.35576944 -3.35577218 -3.35579566
-3.35686618 -3.35690124 -3.35691345 -3.35690314 -3.35687481 -3.35683088 -3.35678074 -3.35673037 -3.35667709 -3.35663972 -3.35660603 -3.35657931 -3.35655812 -3.35654355 -3.35652561 -3.35650092 -3.35646173 -3.35641627 -3.35639201 -3.35637264 -3.35637288 -3.35642324 -3.35649227 -3.35657644 -3.35666528 -3.35674192 -3.35679031 -3.35679436 -3.35680093 -3.35680988 -3.35682144 -3.35683240
-3.35782681 -3.35782359 -3.35780464 -3.35775725 -3.35769806 -3.35761889 -3.35754127 -3.35746132 -3.35739047 -3.35732980 -3.35727483 -3.35721939 -3.35717010 -3.35713686 -3.35709868 -3.35706225 -3.35703887 -3.35701844 -3.35701558 -3.35703746 -3.35708964 -3.35717799 -3.35728391 -3.35740828 -3.35752891 -3.35762914 -3.35769601 -3.35773317 -3.35776534 -3.35778276 -3.35779926 -3.35781435
-3.35865099 -3.35861544 -3.35855617 -3.35846292 -3.35835963 -3.35825006 -3.35813271 -3.35803100 -3.35794238 -3.35786813 -3.35778644 -3.35772155 -3.35765682 -3.35760321 -3.35755947 -3.35752455 -3.35750165 -3.35751502 -3.35753487 -3.35758740 -3.35767851 -3.35779909 -3.35794249 -3.35809629 -3.35824781 -3.35838279 -3.35848057 -3.35855561 -3.35860833 -3.35863516 -3.35865997 -3.35865904
-3.35932410 -3.35925274 -3.35913952 -3.35901166 -3.35886392 -3.35871498 -3.35857947 -3.35845427 -3.35835343 -3.35826466 -3.35818286 -3.35810903 -3.35803693 -3.35798344 -3.35792357 -3.35788739 -3.35788128 -3.35789180 -3.35795459 -3.35802683 -3.35813776 -3.35829380 -3.35845665 -3.35864493 -3.35881954 -3.35898958 -3.35912408 -3.35922684 -3.35930152 -3.35934332 -3.35936032 -3.35935356
-3.35983605 -3.35972738 -3.35958152 -3.35941174 -3.35923420 -3.35905834 -3.35890306 -3.35875910 -3.35865607 -3.35856980 -3.35848902 -3.35841460 -3.35835701 -3.35829189 -3.35823641 -3.35819938 -3.35819732 -3.35821238 -3.35826716 -3.35835536 -3.35848304 -3.35865568 -3.35884400 -3.35904685 -3.35925782 -3.35944572 -3.35961964 -3.35974567 -3.35984017 -3.35989321 -3.35991018 -3.35989550
-3.36019320 -3.36006026 -3.35988968 -3.35969392 -3.35948784 -3.35930291 -3.35914449 -3.35900253 -3.35890225 -3.35881625 -3.35874499 -3.35868895 -3.35863740 -3.35857156 -3.35852116 -3.35847466 -3.35846455 -3.35847651 -3.35851741 -3.35860619 -3.35873284 -3.35890406 -3.35911043 -3.35932984 -3.35955900 -3.35977149 -3.35995926 -3.36011057 -3.36022795 -3.36028816 -3.36030145 -3.36027460
-3.36040942 -3.36026614 -3.36009446 -3.35989272 -3.35968359 -3.35949572 -3.35933484 -3.35920797 -3.35911666 -3.35905313 -3.35900931 -3.35896344 -3.35892501 -3.35886699 -3.35880303 -3.35875987 -3.35872290 -3.35871287 -3.35873145 -3.35879836 -3.35891049 -3.35906529 -3.35926760 -3.35948686 -3.35973519 -3.35996317 -3.36016855 -3.36033288 -3.36045686 -3.36053440 -3.36054152 -3.36050150
-3.36053967 -3.36040655 -3.36023108 -3.36004385 -3.35984871 -3.35967089 -3.35952654 -3.35941017 -3.35933834 -3.35929933 -3.35927833 -3.35925829 -3.35923989 -3.35919389 -3.35912793 -3.35904904 -3.35898821 -3.35893978 -3.35893269 -3.35896135 -3.35904720 -3.35917956 -3.35936173 -3.35957718 -3.35982331 -3.36005413 -3.36026766 -3.36043199 -3.36055761 -3.36064461 -3.36065950 -3.36062389
-3.36059149 -3.36048388 -3.36033664 -3.36016844 -3.36000365 -3.35984036 -3.35971804 -3.35963251 -3.35958542 -3.35957446 -3.35957798 -3.35958274 -3.35956569 -3.35953125 -3.35946575 -3.35936504 -3.35925719 -3.35917438 -3.35911306 -3.35910299 -3.35915030 -3.35924758 -3.35940205 -3.35960869 -3.35982703 -3.36004462 -3.36025433 -3.36042899 -3.36056328 -3.36065007 -3.36068430 -3.36067048
