32 32 0 1
-3.36118025 -3.36104281 -3.36085986 -3.36067111 -3.36048631 -3.36032568 -3.36020272 -3.36013062 -3.36010233 -3.36009903 -3.36011798 -3.36013514 -3.36012079 -3.36008164 -3.36001990 -3.35991987 -3.35980074 -3.35968737 -3.35958769 -3.35953015 -3.35953205 -3.35959372 -3.35972407 -3.35990741 -3.36013399 -3.36039607 -3.36065693 -3.36088007 -3.36107024 -3.36120231 -3.36126490 -3.36126065
-3.36117941 -3.36108103 -3.36095790 -3.36080299 -3.36065582 -3.36052395 -3.36042496 -3.36038760 -3.36037089 -3.36039786 -3.36042782 -3.36045640 -3.36046075 -3.36041610 -3.36033054 -3.36019500 -3.36003320 -3.35986133 -3.35969899 -3.35958383 -3.35953974 -3.35954946 -3.35964246 -3.35978971 -3.36000411 -3.36024050 -3.36049601 -3.36073377 -3.36093437 -3.36109533 -3.36118300 -3.36121502
-3.36113930 -3.36109410 -3.36100864 -3.36091096 -3.36080656 -3.36070118 -3.36063071 -3.36059997 -3.36061283 -3.36065890 -3.36070511 -3.36073908 -3.36073697 -3.36068419 -3.36057929 -3.36040572 -3.36020897 -3.35999010 -3.35978213 -3.35962048 -3.35952173 -3.35949345 -3.35954017 -3.35966512 -3.35982915 -3.36005995 -3.36029734 -3.36054956 -3.36076298 -3.36094655 -3.36106333 -3.36112887
-3.36104771 -3.36104107 -3.36100201 -3.36095157 -3.36088873 -3.36081645 -3.36077789 -3.36077832 -3.36079340 -3.36084115 -3.36089861 -3.36092838 -3.36092053 -3.36084995 -3.36072238 -3.36052794 -3.36029837 -3.36004252 -3.35980281 -3.35959959 -3.35945946 -3.35939148 -3.35940376 -3.35949729 -3.35964012 -3.35984469 -3.36007868 -3.36031565 -3.36054927 -3.36074378 -3.36089418 -3.36099651
-3.36087176 -3.36090838 -3.36091563 -3.36090296 -3.36088103 -3.36085490 -3.36083217 -3.36085116 -3.36087936 -3.36093579 -3.36097788 -3.36100393 -3.36098910 -3.36090408 -3.36075523 -3.36054420 -3.36029035 -3.36001275 -3.35974998 -3.35952331 -3.35935204 -3.35925657 -3.35923976 -3.35929777 -3.35942647 -3.35960187 -3.35982219 -3.36006105 -3.36029251 -3.36049262 -3.36065850 -3.36078845
-3.36061069 -3.36068489 -3.36073308 -3.36076421 -3.36077828 -3.36078053 -3.36078874 -3.36080684 -3.36084857 -3.36090245 -3.36094163 -3.36095012 -3.36092245 -3.36083161 -3.36066076 -3.36044433 -3.36017127 -3.35988192 -3.35960835 -3.35936212 -3.35917830 -3.35906818 -3.35903544 -3.35906897 -3.35917213 -3.35932635 -3.35953042 -3.35975535 -3.35997557 -3.36018415 -3.36037287 -3.36050902
-3.36024391 -3.36034781 -3.36042734 -3.36049361 -3.36053067 -3.36057003 -3.36061058 -3.36063873 -3.36068475 -3.36073423 -3.36076326 -3.36076457 -3.36071367 -3.36061760 -3.36043731 -3.36021084 -3.35993981 -3.35964785 -3.35937058 -3.35912305 -3.35893424 -3.35882141 -3.35876844 -3.35877572 -3.35885562 -3.35900317 -3.35918321 -3.35939209 -3.35960898 -3.35981098 -3.35998082 -3.36012246
-3.35975117 -3.35986723 -3.35998092 -3.36007314 -3.36013712 -3.36021023 -3.36026209 -3.36031011 -3.36036443 -3.36040593 -3.36042647 -3.36041424 -3.36034972 -3.36024277 -3.36007029 -3.35983093 -3.35956833 -3.35928951 -3.35902000 -3.35878034 -3.35859010 -3.35847025 -3.35840799 -3.35840552 -3.35847260 -3.35859469 -3.35875528 -3.35893674 -3.35913907 -3.35931870 -3.35947519 -3.35961072
-3.35910068 -3.35922740 -3.35936003 -3.35947548 -3.35957605 -3.35966540 -3.35974339 -3.35979616 -3.35985070 -3.35988883 -3.35990424 -3.35988752 -3.35982408 -3.35970594 -3.35952951 -3.35930089 -3.35904329 -3.35877775 -3.35852431 -3.35829132 -3.35811817 -3.35800473 -3.35793003 -3.35793093 -3.35798090 -3.35808776 -3.35822327 -3.35838952 -3.35856313 -3.35870553 -3.35884415 -3.35897762
-3.35831227 -3.35844582 -3.35858596 -3.35871558 -3.35883520 -3.35894362 -3.35903083 -3.35909851 -3.35914578 -3.35917648 -3.35918959 -3.35917127 -3.35910351 -3.35899386 -3.35882384 -3.35860614 -3.35836375 -3.35811273 -3.35788430 -3.35767885 -3.35751254 -3.35739194 -3.35733127 -3.35732602 -3.35737639 -3.35746926 -3.35759158 -3.35771842 -3.35784489 -3.35796751 -3.35808348 -3.35819422
-3.35738221 -3.35750820 -3.35765451 -3.35780023 -3.35792108 -3.35804275 -3.35813050 -3.35819671 -3.35825219 -3.35827306 -3.35828490 -3.35825923 -3.35819516 -3.35808784 -3.35793705 -3.35773420 -3.35751971 -3.35729712 -3.35708522 -3.35691061 -3.35676234 -3.35667119 -3.35662084 -3.35661649 -3.35666639 -3.35673472 -3.35683509 -3.35693436 -3.35702787 -3.35711329 -3.35719498 -3.35728173
-3.35634964 -3.35646143 -3.35660403 -3.35674181 -3.35687457 -3.35699358 -3.35707073 -3.35714098 -3.35718079 -3.35719848 -3.35719990 -3.35717677 -3.35713039 -3.35702358 -3.35688593 -3.35670393 -3.35651691 -3.35632448 -3.35614930 -3.35599562 -3.35588544 -3.35581832 -3.35578855 -3.35580298 -3.35584136 -3.35590824 -3.35598122 -3.35605347 -3.35610978 -3.35615904 -3.35620974 -3.35627254
-3.35525895 -3.35534589 -3.35546643 -3.35560519 -3.35572445 -3.35583176 -3.35591311 -3.35596806 -3.35599536 -3.35600919 -3.35600344 -3.35597812 -3.35592611 -3.35583694 -3.35571436 -3.35556284 -3.35540068 -3.35525075 -3.35510048 -3.35498950 -3.35491478 -3.35488678 -3.35488047 -3.35489992 -3.35495616 -3.35501349 -3.35507103 -3.35510794 -3.35513453 -3.35515741 -3.35517305 -3.35520501
-3.35416680 -3.35423168 -3.35432941 -3.35444099 -3.35456194 -3.35466145 -3.35472784 -3.35477316 -3.35479331 -3.35479987 -3.35478943 -3.35475119 -3.35468491 -3.35460835 -3.35449939 -3.35437038 -3.35424502 -3.35412530 -3.35401707 -3.35394705 -3.35391535 -3.35391516 -3.35393881 -3.35399037 -3.35405481 -3.35410816 -3.35414969 -3.35417000 -3.35417491 -3.35416349 -3.35413877 -3.35414143
-3.35316900 -3.35320148 -3.35328252 -3.35338089 -3.35348112 -3.35357351 -3.35364106 -3.35367069 -3.35367671 -3.35367184 -3.35365461 -3.35361025 -3.35354552 -3.35346527 -3.35336181 -3.35324884 -3.35314264 -3.35305562 -3.35298936 -3.35295678 -3.35295866 -3.35299750 -3.35305777 -3.35313044 -3.35320716 -3.35326426 -3.35330812 -3.35331528 -3.35328781 -3.35324649 -3.35320174 -3.35317087
-3.35233546 -3.35235441 -3.35242049 -3.35250881 -3.35260556 -3.35269728 -3.35276550 -3.35278137 -3.35278022 -3.35276412 -3.35272181 -3.35267324 -3.35260237 -3.35251857 -3.35241614 -3.35231320 -3.35221610 -3.35215059 -3.35211834 -3.35210919 -3.35214677 -3.35221406 -3.35230586 -3.35240894 -3.35250350 -3.35257295 -3.35261908 -3.35260618 -3.35255987 -3.35249189 -3.35240976 -3.35236118
-3.35178621 -3.35178885 -3.35184905 -3.35193093 -3.35202815 -3.35211966 -3.35218333 -3.35221367 -3.35219718 -3.35217037 -3.35212564 -3.35204820 -3.35195586 -3.35186447 -3.35175972 -3.35165609 -3.35156388 -3.35151477 -3.35149366 -3.35150871 -3.35156756 -3.35165839 -3.35178375 -3.35191090 -3.35201882 -3.35210097 -3.35214203 -3.35213294 -3.35207241 -3.35197688 -3.35189467 -3.35181970
-3.35156196 -3.35157487 -3.35163486 -3.35171990 -3.35181923 -3.35191536 -3.35198207 -3.35201715 -3.35201130 -3.35196893 -3.35190165 -3.35181328 -3.35171093 -3.35158828 -3.35147490 -3.35135425 -3.35126670 -3.35120353 -3.35119437 -3.35123069 -3.35130880 -3.35142235 -3.35155370 -3.35170025 -3.35182589 -3.35191503 -3.35195864 -3.35194636 -3.35187563 -3.35178284 -3.35168402 -3.35160160
-3.35172049 -3.35173466 -3.35178872 -3.35188763 -3.35200189 -3.35210417 -3.35218564 -3.35222409 -3.35221656 -3.35216091 -3.35207431 -3.35196505 -3.35183575 -3.35169757 -3.35156728 -3.35143725 -3.35134466 -3.35128379 -3.35126872 -3.35131112 -3.35139457 -3.35151790 -3.35167132 -3.35182462 -3.35195206 -3.35205456 -3.35208780 -3.35207414 -3.35200337 -3.35191816 -3.35182084 -3.35174653
-3.35222785 -3.35225415 -3.35231817 -3.35242743 -3.35255056 -3.35265868 -3.35274245 -3.35278129 -3.35277065 -3.35271167 -3.35261400 -3.35247968 -3.35233185 -3.35217012 -3.35202985 -3.35189114 -3.35177784 -3.35171311 -3.35168914 -3.35172474 -3.35181701 -3.35194999 -3.35210571 -3.35226341 -3.35240605 -3.35250358 -3.35254207 -3.35251815 -3.35246846 -3.35238967 -3.35230781 -3.35224836
-3.35303939 -3.35307881 -3.35315482 -3.35326169 -3.35338754 -3.35349830 -3.35357455 -3.35361033 -3.35358859 -3.35352726 -3.35341263 -3.35327002 -3.35311107 -3.35293197 -3.35276940 -3.35261017 -3.35249455 -3.35243311 -3.35240523 -3.35243640 -3.35253156 -3.35266875 -3.35282641 -3.35298873 -3.35313361 -3.35323551 -3.35328020 -3.35325973 -3.35320517 -3.35314835 -3.35308715 -3.35304642
-3.35406900 -3.35412493 -3.35420312 -3.35429678 -3.35441539 -3.35451007 -3.35456626 -3.35459575 -3.35456939 -3.35449471 -3.35437657 -3.35422788 -3.35405465 -3.35386519 -3.35369071 -3.35352703 -3.35341181 -3.35334095 -3.35331754 -3.35334952 -3.35344822 -3.35359236 -3.35375427 -3.35392481 -3.35406274 -3.35416233 -3.35421644 -3.35421061 -3.35417369 -3.35413007 -3.35408828 -3.35406487
-3.35523087 -3.35527411 -3.35533699 -3.35542874 -3.35550199 -3.35557485 -3.35561216 -3.35561772 -3.35558878 -3.35551318 -3.35538209 -3.35522605 -3.35504543 -3.35484700 -3.35467072 -3.35452353 -3.35440645 -3.35433343 -3.35431847 -3.35436740 -3.35447737 -3.35462365 -3.35479785 -3.35496429 -3.35510496 -3.35521976 -3.35527371 -3.35529817 -3.35527994 -3.35524503 -3.35522463 -3.35521337
-3.35641366 -3.35645131 -3.35648459 -3.35652422 -3.35656405 -3.35658733 -3.35659979 -3.35658684 -3.35653546 -3.35645786 -3.35632389 -3.35616187 -3.35598180 -3.35579764 -3.35561781 -3.35547837 -3.35536904 -3.35531021 -3.35532794 -3.35539654 -3.35550703 -3.35567238 -3.35585114 -3.35602471 -3.35618108 -3.35630137 -3.35638020 -3.35640476 -3.35640961 -3.35640772 -3.35640374 -3.35639582
-3.35753703 -3.35753794 -3.35753291 -3.35752045 -3.35751171 -3.35748480 -3.35745897 -3.35741616 -3.35734755 -3.35725819 -3.35713159 -3.35696612 -3.35679117 -3.35662326 -3.35646414 -3.35633060 -3.35624632 -3.35621448 -3.35624850 -3.35633024 -3.35646819 -3.35664271 -3.35683454 -3.35702305 -3.35719873 -3.35733556 -3.35743000 -3.35748636 -3.35751745 -3.35752924 -3.35753379 -3.35753476
-3.35852667 -3.35848729 -3.35843286 -3.35835944 -3.35828988 -3.35821842 -3.35814433 -3.35806975 -3.35798385 -3.35788875 -3.35775292 -3.35761227 -3.35745323 -3.35730072 -3.35716602 -3.35705552 -3.35699365 -3.35700329 -3.35704337 -3.35715216 -3.35730524 -3.35748654 -3.35769358 -3.35789992 -3.35809214 -3.35826060 -3.35838042 -3.35846542 -3.35852546 -3.35854444 -3.35855671 -3.35854484
-3.35935440 -3.35926232 -3.35914817 -3.35902165 -3.35889334 -3.35877099 -3.35866732 -3.35855631 -3.35845882 -3.35835896 -3.35823520 -3.35810754 -3.35797092 -3.35784620 -3.35772793 -3.35764668 -3.35762217 -3.35763144 -3.35771313 -3.35782461 -3.35798802 -3.35818982 -3.35840172 -3.35863037 -3.35884434 -3.35903519 -3.35918774 -3.35930454 -3.35938649 -3.35941813 -3.35942453 -3.35939528
-3.35999482 -3.35986296 -3.35970412 -3.35952350 -3.35934346 -3.35917856 -3.35903295 -3.35890445 -3.35880566 -3.35870801 -3.35859735 -3.35849042 -3.35838842 -3.35827515 -3.35818863 -3.35813318 -3.35812382 -3.35815317 -3.35823009 -3.35835353 -3.35852077 -3.35872790 -3.35895320 -3.35918686 -3.35942818 -3.35963962 -3.35982695 -3.35996798 -3.36006775 -3.36011067 -3.36011447 -3.36007899
-3.36046779 -3.36030491 -3.36010060 -3.35987816 -3.35965605 -3.35946073 -3.35930738 -3.35917457 -3.35907001 -3.35897999 -3.35889083 -3.35880941 -3.35873045 -3.35864518 -3.35857918 -3.35853629 -3.35853886 -3.35857346 -3.35864198 -3.35875945 -3.35891631 -3.35911669 -3.35934438 -3.35958477 -3.35983845 -3.36007114 -3.36028252 -3.36045077 -3.36057244 -3.36062971 -3.36063617 -3.36058636
-3.36078665 -3.36060033 -3.36037894 -3.36013743 -3.35990152 -3.35969545 -3.35952349 -3.35939571 -3.35930040 -3.35922921 -3.35917217 -3.35911360 -3.35906133 -3.35899829 -3.35893819 -3.35890857 -3.35889229 -3.35891278 -3.35896388 -3.35905584 -3.35918816 -3.35936670 -3.35958661 -3.35982038 -3.36008382 -3.36033879 -3.36057207 -3.36076042 -3.36090142 -3.36098379 -3.36098274 -3.36091690
-3.36100354 -3.36081369 -3.36058400 -3.36034137 -3.36010355 -3.35989757 -3.35974124 -3.35961659 -3.35954201 -3.35949673 -3.35946546 -3.35943141 -3.35940589 -3.35935655 -3.35930788 -3.35925403 -3.35922289 -3.35920646 -3.35922320 -3.35927456 -3.35937365 -3.35951903 -3.35971392 -3.35994643 -3.36021704 -3.36047469 -3.36071787 -3.36092042 -3.36107926 -3.36117374 -3.36118139 -3.36112304
-3.36111644 -3.36094959 -3.36074057 -3.36051521 -3.36030513 -3.36010649 -3.35996872 -3.35986738 -3.35980898 -3.35978799 -3.35978130 -3.35977513 -3.35975637 -3.35972429 -3.35967348 -3.35959970 -3.35952421 -3.35947300 -3.35943102 -3.35943000 -3.35948665 -3.35958978 -3.35975290 -3.35997454 -3.36021977 -3.36047509 -3.36073074 -3.36095270 -3.36112390 -3.36123073 -3.36127251 -3.36123486
