32 32 0 1
-3.36076224 -3.36076472 -3.36074510 -3.36072293 -3.36070359 -3.36069311 -3.36069487 -3.36072791 -3.36078775 -3.36085510 -3.36092225 -3.36096847 -3.36096319 -3.36090600 -3.36079794 -3.36062128 -3.36040888 -3.36018882 -3.35997443 -3.35979834 -3.35968259 -3.35963126 -3.35964512 -3.35971526 -3.35983310 -3.35999417 -3.36016089 -3.36031087 -3.36045525 -3.36057673 -3.36066642 -3.36073202
-3.36076432 -3.36080548 -3.36084410 -3.36085791 -3.36086799 -3.36087489 -3.36089510 -3.36095343 -3.36101794 -3.36111329 -3.36119047 -3.36125332 -3.36126665 -3.36120877 -3.36108533 -3.36089155 -3.36064875 -3.36037818 -3.36011564 -3.35989599 -3.35974645 -3.35964688 -3.35962921 -3.35966156 -3.35975803 -3.35988482 -3.36004006 -3.36019286 -3.36034177 -3.36047949 -3.36058946 -3.36069037
-3.36073470 -3.36082830 -3.36089948 -3.36095789 -3.36100099 -3.36102631 -3.36106186 -3.36111733 -3.36119769 -3.36130082 -3.36139144 -3.36145759 -3.36147313 -3.36141899 -3.36129128 -3.36107699 -3.36081773 -3.36052708 -3.36023435 -3.35997776 -3.35977751 -3.35964849 -3.35958234 -3.35958854 -3.35963206 -3.35974409 -3.35987293 -3.36003383 -3.36018298 -3.36034188 -3.36047761 -3.36061363
-3.36065794 -3.36079174 -3.36090042 -3.36099811 -3.36106422 -3.36110498 -3.36115624 -3.36122702 -3.36130077 -3.36139797 -3.36149366 -3.36155877 -3.36157508 -3.36151495 -3.36138130 -3.36116632 -3.36090325 -3.36059224 -3.36029084 -3.36000589 -3.35977359 -3.35960730 -3.35950647 -3.35947374 -3.35949118 -3.35957083 -3.35968478 -3.35982565 -3.35999286 -3.36015778 -3.36032720 -3.36049891
-3.36049847 -3.36066852 -3.36081238 -3.36093048 -3.36102531 -3.36109475 -3.36114998 -3.36122190 -3.36129623 -3.36139097 -3.36146757 -3.36153003 -3.36154887 -3.36148805 -3.36135770 -3.36114987 -3.36088314 -3.36057894 -3.36026715 -3.35997218 -3.35972012 -3.35952442 -3.35938608 -3.35931372 -3.35930386 -3.35934189 -3.35943559 -3.35957063 -3.35973525 -3.35991986 -3.36011335 -3.36031105
-3.36024837 -3.36044195 -3.36061094 -3.36076687 -3.36088171 -3.36095457 -3.36102051 -3.36108329 -3.36115823 -3.36123644 -3.36131299 -3.36136250 -3.36138110 -3.36133608 -3.36120006 -3.36101156 -3.36075049 -3.36045360 -3.36014632 -3.35984714 -3.35957944 -3.35936618 -3.35919973 -3.35908953 -3.35905085 -3.35906272 -3.35913848 -3.35925850 -3.35942081 -3.35961499 -3.35982215 -3.36003781
-3.35986767 -3.36008358 -3.36027510 -3.36044514 -3.36056922 -3.36067107 -3.36075427 -3.36081583 -3.36089162 -3.36096884 -3.36102479 -3.36107282 -3.36107671 -3.36103917 -3.36092017 -3.36073737 -3.36049045 -3.36020862 -3.35990980 -3.35962023 -3.35934265 -3.35911293 -3.35892053 -3.35877993 -3.35870481 -3.35870132 -3.35876017 -3.35886966 -3.35902406 -3.35921611 -3.35942012 -3.35963916
-3.35933289 -3.35955798 -3.35978081 -3.35996750 -3.36010696 -3.36023153 -3.36032373 -3.36040291 -3.36047580 -3.36053837 -3.36059860 -3.36063721 -3.36063475 -3.36059415 -3.36049890 -3.36032421 -3.36009926 -3.35983382 -3.35956104 -3.35926773 -3.35898995 -3.35874599 -3.35854016 -3.35837326 -3.35828180 -3.35825713 -3.35828896 -3.35838060 -3.35853205 -3.35870388 -3.35889670 -3.35910385
-3.35864888 -3.35888039 -3.35910762 -3.35930759 -3.35947993 -3.35962390 -3.35973584 -3.35982123 -3.35989678 -3.35996470 -3.36001980 -3.36005894 -3.36006023 -3.36001694 -3.35992062 -3.35976715 -3.35956552 -3.35932966 -3.35906165 -3.35878167 -3.35851207 -3.35827089 -3.35804494 -3.35787868 -3.35776497 -3.35771436 -3.35773201 -3.35780369 -3.35792222 -3.35806328 -3.35824005 -3.35843273
-3.35783556 -3.35805083 -3.35827269 -3.35848715 -3.35866619 -3.35883432 -3.35896673 -3.35907577 -3.35915952 -3.35923018 -3.35928505 -3.35933046 -3.35933762 -3.35930183 -3.35921415 -3.35907172 -3.35889033 -3.35867326 -3.35842933 -3.35816312 -3.35790151 -3.35765080 -3.35742767 -3.35725506 -3.35713517 -3.35707868 -3.35707675 -3.35711783 -3.35719937 -3.35731926 -3.35746386 -3.35763600
-3.35686988 -3.35707269 -3.35728577 -3.35750900 -3.35769262 -3.35787160 -3.35801760 -3.35813984 -3.35824995 -3.35832952 -3.35839990 -3.35844402 -3.35846046 -3.35842761 -3.35835370 -3.35822846 -3.35807319 -3.35786972 -3.35764706 -3.35740582 -3.35715245 -3.35691729 -3.35669971 -3.35652532 -3.35640889 -3.35632840 -3.35630850 -3.35632328 -3.35637938 -3.35645718 -3.35656472 -3.35670063
-3.35580963 -3.35598512 -3.35618613 -3.35639003 -3.35658775 -3.35676691 -3.35691973 -3.35706072 -3.35717823 -3.35728007 -3.35736293 -3.35742014 -3.35745293 -3.35742619 -3.35736519 -3.35724943 -3.35711088 -3.35693328 -3.35673184 -3.35650419 -3.35627957 -3.35606090 -3.35586648 -3.35569832 -3.35557243 -3.35549135 -3.35545092 -3.35544421 -3.35545885 -3.35549985 -3.35556514 -3.35566690
-3.35468663 -3.35482783 -3.35500914 -3.35520128 -3.35539020 -3.35556460 -3.35572819 -3.35587755 -3.35600780 -3.35612655 -3.35622072 -3.35628548 -3.35632358 -3.35631927 -3.35626774 -3.35617541 -3.35605974 -3.35590629 -3.35571675 -3.35552210 -3.35532210 -3.35513179 -3.35495402 -3.35479750 -3.35468386 -3.35459476 -3.35454068 -3.35449966 -3.35447865 -3.35448886 -3.35451937 -3.35458254
-3.35357396 -3.35368655 -3.35383609 -3.35400179 -3.35418952 -3.35436709 -3.35451798 -3.35467101 -3.35482042 -3.35494833 -3.35505426 -3.35512285 -3.35515436 -3.35516909 -3.35513100 -3.35506223 -3.35496242 -3.35483310 -3.35467161 -3.35450373 -3.35433203 -3.35417128 -3.35401217 -3.35388003 -3.35377827 -3.35368630 -3.35362022 -3.35355493 -3.35351103 -3.35348614 -3.35347644 -3.35350929
-3.35257081 -3.35264774 -3.35278070 -3.35293544 -3.35309343 -3.35326424 -3.35341910 -3.35356719 -3.35371020 -3.35384109 -3.35394943 -3.35403014 -3.35407839 -3.35408790 -3.35406355 -3.35400853 -3.35392084 -3.35382406 -3.35368373 -3.35354677 -3.35340002 -3.35326754 -3.35314080 -3.35302497 -3.35293239 -3.35284498 -3.35277286 -3.35269532 -3.35262036 -3.35255746 -3.35252818 -3.35252993
-3.35175733 -3.35182203 -3.35194155 -3.35208211 -3.35223265 -3.35239816 -3.35254473 -3.35268054 -3.35281606 -3.35293915 -3.35303394 -3.35312023 -3.35317044 -3.35318396 -3.35317200 -3.35312964 -3.35305594 -3.35297335 -3.35286089 -3.35273376 -3.35261482 -3.35250134 -3.35240299 -3.35231294 -3.35223825 -3.35216046 -3.35208527 -3.35198454 -3.35189388 -3.35180582 -3.35174159 -3.35173525
-3.35125272 -3.35131236 -3.35142864 -3.35156510 -3.35171037 -3.35186387 -3.35199932 -3.35212995 -3.35224174 -3.35234697 -3.35243796 -3.35249810 -3.35253383 -3.35255687 -3.35254791 -3.35251306 -3.35244948 -3.35238131 -3.35228312 -3.35217619 -3.35207245 -3.35198275 -3.35191269 -3.35184326 -3.35178532 -3.35170490 -3.35162712 -3.35152456 -3.35142732 -3.35131379 -3.35124913 -3.35122834
-3.35110601 -3.35119362 -3.35131739 -3.35145738 -3.35159786 -3.35173910 -3.35186163 -3.35197271 -3.35207106 -3.35214615 -3.35220301 -3.35224838 -3.35227623 -3.35227978 -3.35227744 -3.35224060 -3.35219334 -3.35211117 -3.35203202 -3.35194172 -3.35186017 -3.35179187 -3.35173089 -3.35168135 -3.35163667 -3.35156958 -3.35148440 -3.35138009 -3.35126474 -3.35116691 -3.35109848 -3.35107533
-3.35136808 -3.35147138 -3.35159887 -3.35175399 -3.35190676 -3.35204014 -3.35215043 -3.35224295 -3.35230818 -3.35234746 -3.35237092 -3.35237970 -3.35238206 -3.35237847 -3.35236608 -3.35233474 -3.35229357 -3.35222173 -3.35214930 -3.35206579 -3.35199924 -3.35194543 -3.35190494 -3.35186814 -3.35183041 -3.35177111 -3.35167850 -3.35157015 -3.35145850 -3.35137437 -3.35131751 -3.35131137
-3.35199543 -3.35211728 -3.35226727 -3.35243479 -3.35259164 -3.35271779 -3.35281349 -3.35287618 -3.35290418 -3.35291491 -3.35289997 -3.35287628 -3.35285432 -3.35282669 -3.35281352 -3.35278326 -3.35273051 -3.35267311 -3.35259760 -3.35252044 -3.35246905 -3.35243275 -3.35240235 -3.35237601 -3.35235203 -3.35229717 -3.35220256 -3.35209608 -3.35200248 -3.35193042 -3.35188928 -3.35191864
-3.35291752 -3.35306276 -3.35322859 -3.35340081 -3.35355590 -3.35366946 -3.35374339 -3.35377972 -3.35377037 -3.35374617 -3.35368988 -3.35364490 -3.35360303 -3.35355674 -3.35352498 -3.35348116 -3.35343645 -3.35338656 -3.35332263 -3.35325144 -3.35321058 -3.35318835 -3.35317372 -3.35315694 -3.35313699 -3.35309516 -3.35301271 -3.35290725 -3.35281525 -3.35276986 -3.35275949 -3.35281549
-3.35403185 -3.35419916 -3.35436610 -3.35452605 -3.35467861 -3.35477223 -3.35481905 -3.35483202 -3.35479355 -3.35472702 -3.35465431 -3.35458335 -3.35451708 -3.35445918 -3.35440844 -3.35435599 -3.35431786 -3.35426652 -3.35421001 -3.35414857 -3.35412184 -3.35411557 -3.35411533 -3.35412171 -3.35409787 -3.35405939 -3.35399653 -3.35391194 -3.35384329 -3.35381072 -3.35382841 -3.35390559
-3.35523211 -3.35538998 -3.35555069 -3.35570552 -3.35582095 -3.35589127 -3.35591568 -3.35590379 -3.35584654 -3.35576197 -3.35566383 -3.35556940 -3.35548092 -3.35540662 -3.35535216 -3.35530008 -3.35526229 -3.35521024 -3.35516253 -3.35512421 -3.35511038 -3.35511288 -3.35513688 -3.35514778 -3.35513563 -3.35511974 -3.35507212 -3.35501665 -3.35497390 -3.35495483 -3.35499862 -3.35509622
-3.35641730 -3.35656326 -3.35670075 -3.35681327 -3.35689339 -3.35692839 -3.35693002 -3.35689292 -3.35682171 -3.35673096 -3.35661515 -3.35650936 -3.35640689 -3.35632763 -3.35625989 -3.35620782 -3.35615948 -3.35612296 -3.35609276 -3.35607409 -3.35607302 -3.35609697 -3.35612663 -3.35615626 -3.35616975 -3.35616757 -3.35615084 -3.35610998 -3.35609486 -3.35611676 -3.35617795 -3.35627572
-3.35750668 -3.35761881 -3.35771600 -3.35778653 -3.35782784 -3.35782810 -3.35779657 -3.35774301 -3.35766177 -3.35756198 -3.35745066 -3.35733350 -3.35723164 -3.35715015 -3.35707845 -3.35701615 -3.35697773 -3.35694163 -3.35692462 -3.35691631 -3.35693809 -3.35697736 -3.35702395 -3.35707820 -3.35711976 -3.35713921 -3.35714556 -3.35715034 -3.35716981 -3.35720490 -3.35728404 -3.35738893
-3.35843568 -3.35851397 -3.35856453 -3.35858019 -3.35858075 -3.35854653 -3.35848669 -3.35841332 -3.35833325 -3.35824128 -3.35812683 -3.35802696 -3.35792440 -3.35783630 -3.35776570 -3.35771405 -3.35766301 -3.35765209 -3.35763473 -3.35764202 -3.35767282 -3.35772478 -3.35779335 -3.35786220 -3.35792982 -3.35798968 -3.35802570 -3.35806833 -3.35811705 -3.35817700 -3.35826136 -3.35835080
-3.35920127 -3.35923272 -3.35922673 -3.35920009 -3.35914947 -3.35908370 -3.35901604 -3.35893209 -3.35885364 -3.35877345 -3.35867802 -3.35858326 -3.35849663 -3.35841950 -3.35834153 -3.35828154 -3.35824409 -3.35821117 -3.35821684 -3.35822768 -3.35826665 -3.35832972 -3.35840942 -3.35849894 -3.35858812 -3.35868685 -3.35876510 -3.35883320 -3.35890855 -3.35898873 -3.35906535 -3.35913747
-3.35978423 -3.35977414 -3.35973191 -3.35966150 -3.35958227 -3.35949133 -3.35941491 -3.35933428 -3.35926514 -3.35920240 -3.35913097 -3.35905668 -3.35898829 -3.35891114 -3.35883953 -3.35877112 -3.35872594 -3.35868461 -3.35867451 -3.35868087 -3.35872109 -3.35879601 -3.35888421 -3.35898756 -3.35911149 -3.35922375 -3.35934220 -3.35944436 -3.35954503 -3.35962517 -3.35969829 -3.35975535
-3.36020190 -3.36016030 -3.36008716 -3.35999673 -3.35988719 -3.35979968 -3.35973000 -3.35966272 -3.35961486 -3.35956753 -3.35952226 -3.35947791 -3.35942568 -3.35934692 -3.35927442 -3.35919706 -3.35913435 -3.35907983 -3.35903754 -3.35903801 -3.35906459 -3.35913173 -3.35922728 -3.35934149 -3.35948222 -3.35962333 -3.35976423 -3.35989166 -3.36001426 -3.36009929 -3.36016075 -3.36020132
-3.36046522 -3.36041077 -3.36033272 -3.36023387 -3.36013269 -3.36004940 -3.35998300 -3.35994234 -3.35991478 -3.35990426 -3.35989129 -3.35986491 -3.35982791 -3.35976178 -3.35967317 -3.35958604 -3.35949237 -3.35940975 -3.35934162 -3.35930772 -3.35931125 -3.35935580 -3.35944935 -3.35956157 -3.35971996 -3.35988028 -3.36003950 -3.36018645 -3.36031304 -3.36041378 -3.36046390 -3.36048035
-3.36063117 -3.36057869 -3.36050340 -3.36041961 -3.36034009 -3.36027239 -3.36023326 -3.36020725 -3.36021047 -3.36022460 -3.36024084 -3.36024599 -3.36023018 -3.36016771 -3.36007139 -3.35994651 -3.35982438 -3.35969704 -3.35958898 -3.35951580 -3.35948480 -3.35950201 -3.35957665 -3.35969132 -3.35985404 -3.36001746 -3.36018672 -3.36033372 -3.36046157 -3.36057011 -3.36062415 -3.36064355
-3.36071465 -3.36069036 -3.36063991 -3.36057989 -3.36052606 -3.36047525 -3.36046286 -3.36046842 -3.36050077 -3.36055000 -3.36059239 -3.36062036 -3.36060623 -3.36055554 -3.36045566 -3.36030583 -3.36012801 -3.35996048 -3.35979689 -3.35967408 -3.35960543 -3.35958493 -3.35962905 -3.35973758 -3.35987697 -3.36003761 -3.36020773 -3.36036709 -3.36050465 -3.36060895 -3.36068487 -3.36072222
