32 32 0 1
-3.36059442 -3.36047133 -3.36031346 -3.36016120 -3.36002122 -3.35991216 -3.35984281 -3.35982943 -3.35986215 -3.35992534 -3.36000407 -3.36008080 -3.36012181 -3.36012958 -3.36009917 -3.36001419 -3.35989638 -3.35976701 -3.35963932 -3.35953059 -3.35946469 -3.35945327 -3.35950402 -3.35960900 -3.35976651 -3.35996584 -3.36017414 -3.36036124 -3.36052141 -3.36062869 -3.36067705 -3.36067035
-3.36058695 -3.36049934 -3.36039907 -3.36028627 -3.36018327 -3.36010017 -3.36005463 -3.36007305 -3.36011421 -3.36020116 -3.36028737 -3.36037248 -3.36043116 -3.36043042 -3.36038153 -3.36027378 -3.36012227 -3.35994514 -3.35976542 -3.35961603 -3.35952027 -3.35946213 -3.35948209 -3.35955068 -3.35968758 -3.35985893 -3.36005309 -3.36024073 -3.36040462 -3.36053125 -3.36059882 -3.36062013
-3.36056576 -3.36052910 -3.36046609 -3.36040136 -3.36034163 -3.36028148 -3.36025614 -3.36027312 -3.36033408 -3.36043015 -3.36052769 -3.36061418 -3.36066470 -3.36066037 -3.36059639 -3.36046040 -3.36028873 -3.36008563 -3.35987790 -3.35969071 -3.35955232 -3.35947183 -3.35944969 -3.35950005 -3.35958476 -3.35974647 -3.35991874 -3.36011318 -3.36027877 -3.36042310 -3.36051147 -3.36055983
-3.36052797 -3.36052973 -3.36050742 -3.36048414 -3.36044796 -3.36040969 -3.36040588 -3.36044191 -3.36049256 -3.36058358 -3.36068606 -3.36076415 -3.36080966 -3.36078859 -3.36070924 -3.36056433 -3.36037809 -3.36015233 -3.35992933 -3.35971669 -3.35955641 -3.35944493 -3.35939718 -3.35942191 -3.35948896 -3.35961950 -3.35978288 -3.35995849 -3.36013900 -3.36028559 -3.36040049 -3.36048428
-3.36043200 -3.36047098 -3.36048348 -3.36048575 -3.36047840 -3.36047288 -3.36047201 -3.36050998 -3.36056815 -3.36065670 -3.36073627 -3.36081017 -3.36084363 -3.36081196 -3.36072012 -3.36056717 -3.36036932 -3.36014082 -3.35990673 -3.35968810 -3.35951025 -3.35938511 -3.35931745 -3.35931185 -3.35936484 -3.35946305 -3.35960566 -3.35977697 -3.35995101 -3.36011355 -3.36025374 -3.36036159
-3.36027076 -3.36033652 -3.36037883 -3.36041072 -3.36042949 -3.36042830 -3.36044412 -3.36047220 -3.36052844 -3.36060792 -3.36067870 -3.36073576 -3.36076458 -3.36073455 -3.36062721 -3.36047684 -3.36026040 -3.36002893 -3.35979581 -3.35957856 -3.35939633 -3.35926191 -3.35918063 -3.35915472 -3.35918836 -3.35926311 -3.35939421 -3.35955050 -3.35972496 -3.35989774 -3.36005436 -3.36017982
-3.36000959 -3.36009929 -3.36016605 -3.36021558 -3.36023747 -3.36026168 -3.36029116 -3.36031880 -3.36037265 -3.36043710 -3.36050243 -3.36055609 -3.36056392 -3.36052872 -3.36041833 -3.36025229 -3.36004878 -3.35982051 -3.35959408 -3.35938579 -3.35919775 -3.35906190 -3.35896794 -3.35892047 -3.35893172 -3.35900555 -3.35911975 -3.35927240 -3.35944428 -3.35961505 -3.35976514 -3.35989868
-3.35961878 -3.35971833 -3.35981655 -3.35988396 -3.35992045 -3.35996228 -3.35999058 -3.36003037 -3.36008599 -3.36013747 -3.36019068 -3.36024040 -3.36023441 -3.36019175 -3.36009154 -3.35992384 -3.35972438 -3.35950436 -3.35928684 -3.35907496 -3.35889760 -3.35875639 -3.35865082 -3.35859481 -3.35859770 -3.35865596 -3.35875429 -3.35889183 -3.35906190 -3.35922316 -3.35936883 -3.35949358
-3.35908095 -3.35919864 -3.35930292 -3.35938581 -3.35944494 -3.35949857 -3.35954358 -3.35957773 -3.35963227 -3.35968981 -3.35974546 -3.35978001 -3.35978223 -3.35973173 -3.35962741 -3.35946949 -3.35927580 -3.35906570 -3.35884835 -3.35863938 -3.35847164 -3.35833713 -3.35822439 -3.35816952 -3.35815905 -3.35820209 -3.35829444 -3.35842054 -3.35856632 -3.35870101 -3.35884599 -3.35896684
-3.35842613 -3.35853982 -3.35864424 -3.35873549 -3.35880630 -3.35887005 -3.35893031 -3.35898277 -3.35903217 -3.35909167 -3.35914645 -3.35919245 -3.35919399 -3.35915425 -3.35904888 -3.35889115 -3.35871065 -3.35850137 -3.35829821 -3.35810374 -3.35793345 -3.35779420 -3.35768583 -3.35762604 -3.35761371 -3.35765805 -3.35773881 -3.35784063 -3.35795908 -3.35807847 -3.35819493 -3.35830763
-3.35762681 -3.35773206 -3.35784124 -3.35793713 -3.35800551 -3.35808163 -3.35813809 -3.35820178 -3.35827191 -3.35833597 -3.35840672 -3.35844907 -3.35846675 -3.35843105 -3.35834128 -3.35819318 -3.35802117 -3.35782579 -3.35763340 -3.35745056 -3.35728221 -3.35715701 -3.35705330 -3.35698788 -3.35697988 -3.35700113 -3.35706900 -3.35714958 -3.35724501 -3.35734363 -3.35743012 -3.35752150
-3.35672268 -3.35681537 -3.35691275 -3.35700253 -3.35707207 -3.35714510 -3.35719862 -3.35727124 -3.35734953 -3.35743367 -3.35751372 -3.35757732 -3.35761307 -3.35758558 -3.35751477 -3.35738028 -3.35722714 -3.35704654 -3.35686724 -3.35669341 -3.35654044 -3.35641999 -3.35632984 -3.35626730 -3.35624475 -3.35626198 -3.35630466 -3.35636784 -3.35643360 -3.35650576 -3.35656896 -3.35664160
-3.35574979 -3.35581596 -3.35589493 -3.35597655 -3.35603111 -3.35608937 -3.35615477 -3.35622458 -3.35631227 -3.35641057 -3.35650847 -3.35659327 -3.35663982 -3.35664298 -3.35658877 -3.35648910 -3.35635625 -3.35620147 -3.35603137 -3.35587949 -3.35574401 -3.35563447 -3.35554426 -3.35547695 -3.35546324 -3.35546179 -3.35549061 -3.35552418 -3.35555878 -3.35560316 -3.35564639 -3.35569029
-3.35475811 -3.35480394 -3.35485020 -3.35490086 -3.35495446 -3.35500321 -3.35505498 -3.35513031 -3.35523081 -3.35534853 -3.35546304 -3.35555893 -3.35561976 -3.35565300 -3.35562409 -3.35555522 -3.35545546 -3.35532549 -3.35518289 -3.35505139 -3.35493428 -3.35483576 -3.35474536 -3.35468954 -3.35467149 -3.35465583 -3.35466238 -3.35467299 -3.35468833 -3.35470035 -3.35470844 -3.35473444
-3.35383877 -3.35384414 -3.35387710 -3.35390245 -3.35393150 -3.35396892 -3.35401916 -3.35408482 -3.35418743 -3.35431231 -3.35445037 -3.35457327 -3.35466463 -3.35471395 -3.35471959 -3.35467606 -3.35459901 -3.35450340 -3.35438709 -3.35427734 -3.35417384 -3.35408655 -3.35401029 -3.35395923 -3.35392963 -3.35390949 -3.35390560 -3.35389595 -3.35387514 -3.35385738 -3.35384284 -3.35383703
-3.35305733 -3.35304943 -3.35305504 -3.35306333 -3.35307647 -3.35310536 -3.35315210 -3.35320956 -3.35331737 -3.35344242 -3.35358525 -3.35372972 -3.35384162 -3.35392200 -3.35395079 -3.35394056 -3.35388559 -3.35381550 -3.35372648 -3.35362524 -3.35354000 -3.35345675 -3.35339247 -3.35335475 -3.35332519 -3.35330683 -3.35328924 -3.35325041 -3.35320695 -3.35315838 -3.35310621 -3.35308295
-3.35254039 -3.35251086 -3.35249953 -3.35249563 -3.35249140 -3.35250781 -3.35254687 -3.35261016 -3.35270689 -3.35283531 -3.35299198 -3.35312574 -3.35324736 -3.35334874 -3.35339818 -3.35341397 -3.35338247 -3.35333607 -3.35326129 -3.35317498 -3.35309533 -3.35303022 -3.35298495 -3.35295254 -3.35292963 -3.35290469 -3.35287768 -3.35283342 -3.35277018 -3.35268700 -3.35262693 -3.35258028
-3.35233481 -3.35231046 -3.35228862 -3.35227670 -3.35226070 -3.35226510 -3.35229525 -3.35235588 -3.35245539 -3.35257157 -3.35270938 -3.35284836 -3.35298022 -3.35307610 -3.35314710 -3.35316481 -3.35316005 -3.35310481 -3.35304994 -3.35297760 -3.35291586 -3.35286367 -3.35282647 -3.35280916 -3.35279893 -3.35278340 -3.35274950 -3.35269732 -3.35261556 -3.35253245 -3.35245147 -3.35238723
-3.35250248 -3.35246679 -3.35243351 -3.35242479 -3.35241358 -3.35241016 -3.35243625 -3.35248778 -3.35257022 -3.35266714 -3.35278248 -3.35290736 -3.35302341 -3.35311840 -3.35319088 -3.35321617 -3.35322224 -3.35317926 -3.35312866 -3.35306655 -3.35301324 -3.35297899 -3.35296466 -3.35296611 -3.35296816 -3.35296448 -3.35292923 -3.35287160 -3.35279075 -3.35270698 -3.35262076 -3.35255123
-3.35300871 -3.35297256 -3.35294361 -3.35293305 -3.35292123 -3.35291410 -3.35293068 -3.35296715 -3.35302278 -3.35310564 -3.35319760 -3.35329119 -3.35338873 -3.35346094 -3.35353559 -3.35356096 -3.35355452 -3.35352333 -3.35347107 -3.35341490 -3.35338156 -3.35336815 -3.35337583 -3.35340092 -3.35343179 -3.35344305 -3.35341606 -3.35335447 -3.35329124 -3.35320606 -3.35311939 -3.35305931
-3.35379784 -3.35376772 -3.35374248 -3.35372202 -3.35371441 -3.35369757 -3.35369867 -3.35371867 -3.35374153 -3.35380171 -3.35385433 -3.35392669 -3.35400421 -3.35405211 -3.35409629 -3.35410554 -3.35410085 -3.35407679 -3.35403310 -3.35398661 -3.35397457 -3.35398649 -3.35402201 -3.35407825 -3.35413478 -3.35416838 -3.35416254 -3.35410840 -3.35404273 -3.35397484 -3.35390456 -3.35384670
-3.35478863 -3.35476203 -3.35473184 -3.35469543 -3.35467859 -3.35465147 -3.35462728 -3.35462469 -3.35462798 -3.35464737 -3.35467669 -3.35472257 -3.35476402 -3.35478941 -3.35480528 -3.35480380 -3.35479354 -3.35476718 -3.35473470 -3.35470669 -3.35471561 -3.35475691 -3.35482371 -3.35492127 -3.35499455 -3.35504933 -3.35506941 -3.35504168 -3.35499547 -3.35493218 -3.35487040 -3.35482889
-3.35586969 -3.35583124 -3.35578025 -3.35574640 -3.35569340 -3.35564914 -3.35560557 -3.35557642 -3.35555785 -3.35555321 -3.35555376 -3.35556383 -3.35556666 -3.35556299 -3.35556805 -3.35555738 -3.35554547 -3.35551861 -3.35549675 -3.35549656 -3.35553632 -3.35560362 -3.35571002 -3.35582650 -3.35592903 -3.35602009 -3.35605710 -3.35606543 -3.35603899 -3.35598560 -3.35594246 -3.35590440
-3.35693700 -3.35689338 -3.35682598 -3.35674624 -3.35667088 -3.35658729 -3.35652187 -3.35646900 -3.35642634 -3.35639874 -3.35637657 -3.35635648 -3.35633273 -3.35632033 -3.35630169 -3.35628325 -3.35626291 -3.35624617 -3.35625911 -3.35628504 -3.35633990 -3.35644654 -3.35657283 -3.35671627 -3.35685619 -3.35696803 -3.35704116 -3.35706181 -3.35705968 -3.35704122 -3.35701633 -3.35697521
-3.35792270 -3.35784915 -3.35775418 -3.35763784 -3.35752366 -3.35740725 -3.35731137 -3.35723045 -3.35716946 -3.35712478 -3.35707951 -3.35703983 -3.35700687 -3.35698403 -3.35695928 -3.35693340 -3.35692589 -3.35692609 -3.35694039 -3.35699273 -3.35707828 -3.35720614 -3.35736136 -3.35752828 -3.35769568 -3.35783058 -3.35792923 -3.35799264 -3.35802101 -3.35801835 -3.35800566 -3.35797630
-3.35875575 -3.35865703 -3.35852579 -3.35836823 -3.35821303 -3.35806112 -3.35793290 -3.35783204 -3.35775296 -3.35770035 -3.35763941 -3.35759983 -3.35756423 -3.35753220 -3.35751100 -3.35749338 -3.35748367 -3.35751450 -3.35754048 -3.35761082 -3.35771847 -3.35785605 -3.35802441 -3.35821009 -3.35839266 -3.35855981 -3.35868958 -3.35878664 -3.35884202 -3.35886340 -3.35886322 -3.35882192
-3.35942310 -3.35928882 -3.35911457 -3.35892498 -3.35872895 -3.35854794 -3.35840180 -3.35828032 -3.35819632 -3.35813815 -3.35808754 -3.35804789 -3.35801360 -3.35799886 -3.35796962 -3.35795677 -3.35796831 -3.35798482 -3.35805126 -3.35812320 -3.35823704 -3.35838781 -3.35855324 -3.35875488 -3.35894876 -3.35914015 -3.35929627 -3.35941999 -3.35950491 -3.35954066 -3.35954312 -3.35950020
-3.35991648 -3.35975107 -3.35954571 -3.35932313 -3.35910197 -3.35889567 -3.35873798 -3.35860886 -3.35853239 -3.35848285 -3.35844517 -3.35841864 -3.35840212 -3.35838275 -3.35836953 -3.35836180 -3.35837873 -3.35839709 -3.35844854 -3.35852656 -3.35863838 -3.35878869 -3.35895917 -3.35914997 -3.35936117 -3.35956359 -3.35974898 -3.35988963 -3.35999930 -3.36005396 -3.36006290 -3.36002027
-3.36024697 -3.36006291 -3.35983689 -3.35959141 -3.35935078 -3.35914813 -3.35899510 -3.35887601 -3.35880756 -3.35876699 -3.35874332 -3.35874462 -3.35874517 -3.35873204 -3.35872715 -3.35871798 -3.35873090 -3.35874776 -3.35877607 -3.35884088 -3.35893571 -3.35907045 -3.35923462 -3.35942020 -3.35963546 -3.35984065 -3.36003649 -3.36020715 -3.36034173 -3.36040455 -3.36041655 -3.36036548
-3.36043411 -3.36024497 -3.36002426 -3.35978172 -3.35954562 -3.35935017 -3.35920181 -3.35910557 -3.35905309 -3.35904209 -3.35905096 -3.35906445 -3.35908279 -3.35907951 -3.35906835 -3.35906542 -3.35904890 -3.35904605 -3.35905522 -3.35908701 -3.35914930 -3.35924784 -3.35939365 -3.35956315 -3.35977899 -3.35999647 -3.36020530 -3.36038652 -3.36053026 -3.36061887 -3.36062291 -3.36056192
-3.36054357 -3.36036299 -3.36014259 -3.35991953 -3.35970594 -3.35952998 -3.35941070 -3.35932722 -3.35930805 -3.35932238 -3.35935663 -3.35939491 -3.35943432 -3.35944198 -3.35942617 -3.35938929 -3.35935428 -3.35930813 -3.35928108 -3.35927511 -3.35929863 -3.35936336 -3.35947768 -3.35963971 -3.35984983 -3.36006066 -3.36027614 -3.36045958 -3.36060675 -3.36070118 -3.36071265 -3.36065987
-3.36057691 -3.36042631 -3.36023625 -3.36003952 -3.35986171 -3.35971010 -3.35962015 -3.35957524 -3.35957862 -3.35962425 -3.35968257 -3.35974059 -3.35978044 -3.35979740 -3.35977982 -3.35971931 -3.35963669 -3.35955845 -3.35947523 -3.35942116 -3.35940619 -3.35942700 -3.35950905 -3.35965607 -3.35983612 -3.36003594 -3.36024890 -3.36044179 -3.36060009 -3.36069419 -3.36072483 -3.36069042
