32 32 0 1
-3.36100398 -3.36090540 -3.36075899 -3.36059884 -3.36043733 -3.36029798 -3.36019138 -3.36013922 -3.36013654 -3.36016741 -3.36022214 -3.36028078 -3.36031303 -3.36032223 -3.36030064 -3.36023265 -3.36013889 -3.36004006 -3.35994527 -3.35987490 -3.35984680 -3.35986015 -3.35992260 -3.36002408 -3.36016588 -3.36033574 -3.36051402 -3.36067724 -3.36082895 -3.36094830 -3.36102199 -3.36104575
-3.36108477 -3.36101982 -3.36092561 -3.36079714 -3.36066298 -3.36054328 -3.36045439 -3.36042998 -3.36042964 -3.36047969 -3.36053692 -3.36059510 -3.36063491 -3.36063164 -3.36058678 -3.36048814 -3.36035871 -3.36020922 -3.36005938 -3.35994732 -3.35988422 -3.35985439 -3.35988949 -3.35996216 -3.36009630 -3.36025087 -3.36042971 -3.36061445 -3.36078108 -3.36092792 -3.36102588 -3.36108403
-3.36112689 -3.36110680 -3.36104570 -3.36095819 -3.36086263 -3.36075955 -3.36069363 -3.36066686 -3.36068453 -3.36074420 -3.36080672 -3.36086194 -3.36088807 -3.36087190 -3.36080585 -3.36067378 -3.36051329 -3.36032943 -3.36015015 -3.35999793 -3.35989525 -3.35983878 -3.35983719 -3.35990135 -3.35999641 -3.36015112 -3.36032424 -3.36052290 -3.36070880 -3.36087854 -3.36100027 -3.36108838
-3.36111400 -3.36112609 -3.36109919 -3.36105338 -3.36098371 -3.36090626 -3.36086000 -3.36085416 -3.36086888 -3.36091857 -3.36098443 -3.36102809 -3.36104232 -3.36100062 -3.36091178 -3.36076460 -3.36058647 -3.36037827 -3.36017633 -3.35999455 -3.35986054 -3.35977633 -3.35975135 -3.35979304 -3.35987647 -3.36001826 -3.36019142 -3.36038314 -3.36058902 -3.36076963 -3.36092498 -3.36104401
-3.36101945 -3.36106226 -3.36106848 -3.36104708 -3.36100812 -3.36096610 -3.36093001 -3.36093649 -3.36095627 -3.36100500 -3.36104349 -3.36107407 -3.36107639 -3.36101887 -3.36091188 -3.36075350 -3.36055621 -3.36033686 -3.36012248 -3.35992648 -3.35977132 -3.35967080 -3.35962420 -3.35963914 -3.35971372 -3.35983518 -3.35999946 -3.36019923 -3.36041137 -3.36060832 -3.36078082 -3.36092602
-3.36082324 -3.36089149 -3.36092503 -3.36093879 -3.36092980 -3.36090631 -3.36089247 -3.36089026 -3.36091403 -3.36095007 -3.36097709 -3.36098859 -3.36097438 -3.36091552 -3.36078775 -3.36062660 -3.36042032 -3.36019805 -3.35997892 -3.35977488 -3.35961020 -3.35949644 -3.35943545 -3.35942853 -3.35948749 -3.35958974 -3.35975201 -3.35994928 -3.36015630 -3.36036864 -3.36056009 -3.36071119
-3.36050458 -3.36059617 -3.36065607 -3.36069437 -3.36070071 -3.36070739 -3.36071582 -3.36071202 -3.36073019 -3.36075599 -3.36077236 -3.36077620 -3.36073685 -3.36066401 -3.36053558 -3.36036258 -3.36016343 -3.35994490 -3.35973483 -3.35953791 -3.35936600 -3.35925047 -3.35917518 -3.35914343 -3.35917747 -3.35928188 -3.35942829 -3.35961691 -3.35982318 -3.36003283 -3.36021938 -3.36037495
-3.36003011 -3.36014112 -3.36024063 -3.36030745 -3.36032824 -3.36035763 -3.36037072 -3.36037972 -3.36039397 -3.36040320 -3.36040559 -3.36038708 -3.36033457 -3.36025742 -3.36012733 -3.35995725 -3.35976781 -3.35956732 -3.35936797 -3.35917278 -3.35901136 -3.35889075 -3.35879892 -3.35875476 -3.35878167 -3.35886664 -3.35899482 -3.35916725 -3.35937172 -3.35956380 -3.35973823 -3.35988931
-3.35940895 -3.35953023 -3.35964637 -3.35972972 -3.35978981 -3.35983078 -3.35985002 -3.35986041 -3.35987026 -3.35987216 -3.35986265 -3.35983687 -3.35977768 -3.35968178 -3.35955863 -3.35939727 -3.35922204 -3.35904071 -3.35885150 -3.35867122 -3.35851764 -3.35839970 -3.35830342 -3.35825461 -3.35825872 -3.35832722 -3.35844914 -3.35860540 -3.35878861 -3.35895504 -3.35911768 -3.35926698
-3.35865227 -3.35878251 -3.35890227 -3.35900681 -3.35907332 -3.35912947 -3.35915810 -3.35917221 -3.35917370 -3.35916355 -3.35914590 -3.35911506 -3.35904671 -3.35895731 -3.35883407 -3.35867810 -3.35852033 -3.35834856 -3.35818867 -3.35802822 -3.35788439 -3.35776130 -3.35766829 -3.35761873 -3.35762428 -3.35768892 -3.35779418 -3.35792265 -3.35806843 -3.35822258 -3.35837069 -3.35851403
-3.35775218 -3.35788673 -3.35801548 -3.35812981 -3.35820011 -3.35825982 -3.35828913 -3.35829742 -3.35830179 -3.35828123 -3.35826078 -3.35821478 -3.35815249 -3.35805653 -3.35794334 -3.35780281 -3.35765941 -3.35750887 -3.35736989 -3.35723938 -3.35711222 -3.35700962 -3.35692399 -3.35688507 -3.35689386 -3.35693348 -3.35702119 -3.35712634 -3.35725047 -3.35737292 -3.35749934 -3.35762042
-3.35675006 -3.35687620 -3.35700624 -3.35711085 -3.35719467 -3.35725102 -3.35727159 -3.35727912 -3.35726819 -3.35725126 -3.35722287 -3.35717560 -3.35711896 -3.35702157 -3.35691334 -3.35678335 -3.35665838 -3.35653504 -3.35642135 -3.35631328 -3.35622185 -3.35613897 -3.35607687 -3.35605182 -3.35605742 -3.35609500 -3.35615840 -3.35624732 -3.35633509 -3.35643332 -3.35652833 -3.35663496
-3.35567805 -3.35578460 -3.35590426 -3.35600721 -3.35607726 -3.35613145 -3.35615648 -3.35615103 -3.35613888 -3.35612727 -3.35609195 -3.35603974 -3.35597657 -3.35588898 -3.35578492 -3.35567602 -3.35557123 -3.35547900 -3.35538485 -3.35531341 -3.35525473 -3.35520859 -3.35517294 -3.35515519 -3.35517726 -3.35520867 -3.35526012 -3.35531457 -3.35537375 -3.35544093 -3.35550601 -3.35558496
-3.35459252 -3.35467858 -3.35477639 -3.35485426 -3.35492809 -3.35497871 -3.35499664 -3.35499942 -3.35499255 -3.35498462 -3.35495649 -3.35489451 -3.35481702 -3.35474385 -3.35464074 -3.35454687 -3.35446429 -3.35439488 -3.35433479 -3.35430219 -3.35428087 -3.35426751 -3.35426229 -3.35427291 -3.35430770 -3.35433475 -3.35437539 -3.35440402 -3.35443696 -3.35446249 -3.35448587 -3.35453550
-3.35358216 -3.35363206 -3.35370936 -3.35377689 -3.35383479 -3.35388392 -3.35391353 -3.35392142 -3.35391632 -3.35390661 -3.35388962 -3.35384195 -3.35377307 -3.35368866 -3.35359765 -3.35351007 -3.35344121 -3.35339821 -3.35337057 -3.35336840 -3.35337594 -3.35339972 -3.35343535 -3.35347153 -3.35351506 -3.35355113 -3.35358118 -3.35359002 -3.35357824 -3.35356094 -3.35355145 -3.35355768
-3.35271106 -3.35273759 -3.35279156 -3.35285053 -3.35290616 -3.35296088 -3.35300334 -3.35302191 -3.35303298 -3.35303486 -3.35300951 -3.35297568 -3.35291692 -3.35283605 -3.35275041 -3.35267196 -3.35261182 -3.35258486 -3.35258537 -3.35259408 -3.35263601 -3.35268648 -3.35275474 -3.35282547 -3.35288371 -3.35293127 -3.35295587 -3.35292766 -3.35287766 -3.35281630 -3.35275489 -3.35272627
-3.35210073 -3.35209676 -3.35213178 -3.35218366 -3.35223776 -3.35230192 -3.35236214 -3.35240586 -3.35243200 -3.35244492 -3.35244191 -3.35239819 -3.35233452 -3.35226591 -3.35218424 -3.35211140 -3.35205782 -3.35204803 -3.35205113 -3.35208075 -3.35213859 -3.35221569 -3.35231712 -3.35241396 -3.35248616 -3.35253253 -3.35254642 -3.35250675 -3.35242851 -3.35230704 -3.35221732 -3.35214487
-3.35179809 -3.35178542 -3.35180880 -3.35185520 -3.35191149 -3.35198483 -3.35206270 -3.35213201 -3.35218476 -3.35221064 -3.35220889 -3.35217834 -3.35212623 -3.35204715 -3.35197456 -3.35189684 -3.35184777 -3.35182401 -3.35183687 -3.35188096 -3.35195928 -3.35205620 -3.35216553 -3.35228294 -3.35237286 -3.35242387 -3.35242566 -3.35236800 -3.35225167 -3.35211332 -3.35197773 -3.35187203
-3.35186582 -3.35183079 -3.35183938 -3.35188586 -3.35196257 -3.35204441 -3.35214539 -3.35223654 -3.35230550 -3.35233597 -3.35233937 -3.35231123 -3.35225860 -3.35218244 -3.35210980 -3.35203603 -3.35198870 -3.35196841 -3.35197787 -3.35202059 -3.35210122 -3.35221235 -3.35234039 -3.35246882 -3.35256212 -3.35261507 -3.35260177 -3.35252811 -3.35239137 -3.35223720 -3.35207730 -3.35194775
-3.35227423 -3.35223012 -3.35223463 -3.35228747 -3.35237165 -3.35246752 -3.35257926 -3.35267958 -3.35275827 -3.35280278 -3.35281161 -3.35277970 -3.35272757 -3.35264658 -3.35258676 -3.35251509 -3.35245590 -3.35243325 -3.35243188 -3.35246468 -3.35255207 -3.35266992 -3.35280171 -3.35293866 -3.35304679 -3.35309806 -3.35307717 -3.35298217 -3.35284715 -3.35268092 -3.35250877 -3.35237151
-3.35298276 -3.35294375 -3.35294729 -3.35299277 -3.35308339 -3.35317855 -3.35328851 -3.35339292 -3.35346756 -3.35351893 -3.35352459 -3.35350008 -3.35345235 -3.35337383 -3.35330661 -3.35322526 -3.35317235 -3.35315181 -3.35314826 -3.35317473 -3.35325677 -3.35337976 -3.35351715 -3.35365910 -3.35376884 -3.35382715 -3.35380323 -3.35369935 -3.35355193 -3.35338855 -3.35322333 -3.35308330
-3.35391978 -3.35388707 -3.35388194 -3.35391419 -3.35399468 -3.35408339 -3.35417763 -3.35427765 -3.35434754 -3.35438568 -3.35439860 -3.35437920 -3.35432266 -3.35425159 -3.35418172 -3.35410815 -3.35405696 -3.35403053 -3.35402597 -3.35405192 -3.35413119 -3.35425799 -3.35439892 -3.35454829 -3.35465533 -3.35470946 -3.35469288 -3.35459750 -3.35445960 -3.35429797 -3.35413842 -3.35401150
-3.35499115 -3.35494541 -3.35492845 -3.35495856 -3.35500124 -3.35506997 -3.35514725 -3.35522532 -3.35528333 -3.35532585 -3.35532636 -3.35529932 -3.35524217 -3.35517052 -3.35511219 -3.35505239 -3.35500208 -3.35496911 -3.35496846 -3.35501051 -3.35509637 -3.35521909 -3.35537148 -3.35551174 -3.35562180 -3.35569378 -3.35567610 -3.35560187 -3.35548126 -3.35532803 -3.35518953 -3.35507566
-3.35610010 -3.35604566 -3.35601450 -3.35599879 -3.35601444 -3.35603925 -3.35608818 -3.35614265 -3.35617993 -3.35621288 -3.35620558 -3.35617015 -3.35611720 -3.35606007 -3.35600063 -3.35595204 -3.35590986 -3.35588602 -3.35590787 -3.35596225 -3.35604893 -3.35618288 -3.35633449 -3.35648216 -3.35660565 -3.35667469 -3.35667583 -3.35660758 -3.35650942 -3.35639703 -3.35628141 -3.35617600
-3.35716436 -3.35708980 -3.35702954 -3.35697864 -3.35694962 -3.35693036 -3.35693715 -3.35695564 -3.35697263 -3.35698478 -3.35697330 -3.35693303 -3.35688970 -3.35684192 -3.35679646 -3.35675406 -3.35673436 -3.35672518 -3.35675708 -3.35681904 -3.35693116 -3.35707330 -3.35722974 -3.35738949 -3.35751887 -3.35759532 -3.35761359 -3.35758097 -3.35751255 -3.35741993 -3.35733264 -3.35724247
-3.35811689 -3.35802275 -3.35792459 -3.35782979 -3.35775132 -3.35768817 -3.35764735 -3.35762761 -3.35762023 -3.35761854 -3.35759046 -3.35756631 -3.35753027 -3.35749677 -3.35746190 -3.35743844 -3.35742537 -3.35745743 -3.35749327 -3.35757607 -3.35769428 -3.35784053 -3.35800784 -3.35817001 -3.35830522 -3.35840254 -3.35845104 -3.35845071 -3.35841305 -3.35835102 -3.35828112 -3.35819837
-3.35893040 -3.35880862 -3.35866706 -3.35853280 -3.35840764 -3.35829620 -3.35821952 -3.35816328 -3.35813522 -3.35811484 -3.35809313 -3.35807822 -3.35805294 -3.35803660 -3.35801095 -3.35800012 -3.35801995 -3.35804456 -3.35811853 -3.35820243 -3.35832743 -3.35848589 -3.35864337 -3.35881230 -3.35895728 -3.35908338 -3.35915248 -3.35917969 -3.35918080 -3.35914549 -3.35909068 -3.35901492
-3.35958239 -3.35943558 -3.35926586 -3.35908943 -3.35892150 -3.35877450 -3.35866422 -3.35858079 -3.35854060 -3.35851832 -3.35849964 -3.35849271 -3.35849049 -3.35847395 -3.35846413 -3.35847140 -3.35849947 -3.35853899 -3.35860902 -3.35870025 -3.35882860 -3.35898297 -3.35914679 -3.35930776 -3.35947378 -3.35960049 -3.35970279 -3.35976071 -3.35978750 -3.35978090 -3.35974614 -3.35968159
-3.36007718 -3.35992208 -3.35972834 -3.35951530 -3.35931572 -3.35914494 -3.35902066 -3.35892965 -3.35888214 -3.35885554 -3.35884564 -3.35885150 -3.35886025 -3.35885655 -3.35886787 -3.35887270 -3.35890327 -3.35894748 -3.35900282 -3.35909036 -3.35919958 -3.35934473 -3.35950562 -3.35966380 -3.35982749 -3.35996852 -3.36009219 -3.36018219 -3.36024550 -3.36026420 -3.36024437 -3.36018770
-3.36043562 -3.36026979 -3.36007737 -3.35985800 -3.35964215 -3.35946075 -3.35932039 -3.35923136 -3.35918220 -3.35917127 -3.35918352 -3.35919575 -3.35922156 -3.35922898 -3.35923246 -3.35924632 -3.35925625 -3.35927996 -3.35931429 -3.35937910 -3.35946349 -3.35957932 -3.35972580 -3.35987425 -3.36004663 -3.36020654 -3.36034455 -3.36046524 -3.36055232 -3.36060662 -3.36059154 -3.36054201
-3.36069606 -3.36054427 -3.36034870 -3.36013545 -3.35992901 -3.35974644 -3.35961646 -3.35952415 -3.35948862 -3.35948796 -3.35951592 -3.35955051 -3.35959199 -3.35960771 -3.35960876 -3.35959438 -3.35958612 -3.35957567 -3.35957686 -3.35959917 -3.35965083 -3.35973527 -3.35985329 -3.35999744 -3.36017657 -3.36033740 -3.36049285 -3.36062222 -3.36073335 -3.36081145 -3.36082293 -3.36078576
-3.36087383 -3.36074509 -3.36057264 -3.36037815 -3.36019351 -3.36002104 -3.35990445 -3.35983180 -3.35980837 -3.35982730 -3.35987015 -3.35992024 -3.35995859 -3.35997831 -3.35997309 -3.35993213 -3.35987669 -3.35983191 -3.35978338 -3.35976086 -3.35977945 -3.35982553 -3.35991512 -3.36005123 -3.36020315 -3.36036451 -3.36053570 -3.36068964 -3.36082090 -3.36091459 -3.36096292 -3.36095541
