32 32 0 1
-3.36055301 -3.36046766 -3.36036539 -3.36026489 -3.36017996 -3.36011226 -3.36005653 -3.36002040 -3.35999522 -3.35996747 -3.35993563 -3.35988639 -3.35980320 -3.35970444 -3.35959381 -3.35946485 -3.35934032 -3.35924408 -3.35917648 -3.35915634 -3.35918190 -3.35926213 -3.35939237 -3.35956321 -3.35975842 -3.35997334 -3.36017864 -3.36034767 -3.36048837 -3.36057672 -3.36061612 -3.36060915
-3.36048245 -3.36044291 -3.36040054 -3.36034081 -3.36029311 -3.36024864 -3.36021135 -3.36020321 -3.36018304 -3.36017327 -3.36014417 -3.36010200 -3.36003446 -3.35993105 -3.35980801 -3.35966040 -3.35950430 -3.35936151 -3.35923958 -3.35917323 -3.35916871 -3.35920300 -3.35930000 -3.35942830 -3.35960174 -3.35978532 -3.35997736 -3.36014897 -3.36029161 -3.36040550 -3.36046363 -3.36048990
-3.36040251 -3.36041790 -3.36041239 -3.36041073 -3.36040290 -3.36037992 -3.36036118 -3.36035235 -3.36034831 -3.36034748 -3.36033355 -3.36029492 -3.36023078 -3.36012983 -3.35999980 -3.35982738 -3.35965207 -3.35948163 -3.35932833 -3.35921692 -3.35916418 -3.35916467 -3.35921490 -3.35931847 -3.35944238 -3.35960894 -3.35977239 -3.35994959 -3.36009046 -3.36021781 -3.36029907 -3.36036426
-3.36031297 -3.36036468 -3.36040698 -3.36045122 -3.36047258 -3.36047140 -3.36047688 -3.36048295 -3.36047769 -3.36047708 -3.36047099 -3.36043998 -3.36037965 -3.36027741 -3.36014102 -3.35996646 -3.35978085 -3.35957781 -3.35940288 -3.35925920 -3.35916552 -3.35913083 -3.35914600 -3.35921452 -3.35930736 -3.35944365 -3.35959503 -3.35974198 -3.35989707 -3.36002573 -3.36013953 -3.36023933
-3.36019945 -3.36028938 -3.36036865 -3.36043642 -3.36048992 -3.36052528 -3.36053918 -3.36055744 -3.36055592 -3.36056723 -3.36054840 -3.36052502 -3.36047322 -3.36037313 -3.36024009 -3.36006552 -3.35987440 -3.35966335 -3.35947223 -3.35930755 -3.35918399 -3.35911668 -3.35909724 -3.35912321 -3.35919476 -3.35929279 -3.35941778 -3.35955861 -3.35970365 -3.35984297 -3.35996836 -3.36009072
-3.36006972 -3.36018914 -3.36029273 -3.36039831 -3.36047949 -3.36052652 -3.36056045 -3.36057807 -3.36059090 -3.36059205 -3.36058724 -3.36055174 -3.36050516 -3.36042703 -3.36029228 -3.36013002 -3.35993463 -3.35972774 -3.35952573 -3.35934684 -3.35920274 -3.35911447 -3.35906333 -3.35906112 -3.35909858 -3.35916060 -3.35926793 -3.35938850 -3.35952040 -3.35966519 -3.35980964 -3.35994340
-3.35991388 -3.36005115 -3.36018750 -3.36031716 -3.36041075 -3.36048525 -3.36054248 -3.36056389 -3.36058392 -3.36059214 -3.36057844 -3.36055823 -3.36050165 -3.36042900 -3.36030716 -3.36014852 -3.35996248 -3.35975439 -3.35955661 -3.35937346 -3.35922230 -3.35911831 -3.35904649 -3.35900750 -3.35900839 -3.35906029 -3.35913129 -3.35923375 -3.35935517 -3.35948843 -3.35962225 -3.35976317
-3.35971577 -3.35987763 -3.36004808 -3.36019469 -3.36030076 -3.36040577 -3.36047481 -3.36051326 -3.36053697 -3.36054217 -3.36053214 -3.36051263 -3.36045555 -3.36038689 -3.36028236 -3.36013179 -3.35995092 -3.35975767 -3.35957129 -3.35938685 -3.35923325 -3.35911668 -3.35902633 -3.35896103 -3.35894337 -3.35896086 -3.35901000 -3.35908840 -3.35920209 -3.35931073 -3.35943183 -3.35955920
-3.35951758 -3.35968948 -3.35987401 -3.36003714 -3.36017950 -3.36029313 -3.36037484 -3.36042451 -3.36045501 -3.36046621 -3.36046078 -3.36044285 -3.36039162 -3.36031544 -3.36021353 -3.36007302 -3.35991197 -3.35973816 -3.35955777 -3.35938312 -3.35923975 -3.35912207 -3.35901084 -3.35894241 -3.35889820 -3.35888947 -3.35891870 -3.35897094 -3.35904979 -3.35913418 -3.35924104 -3.35936524
-3.35934848 -3.35951958 -3.35969902 -3.35987552 -3.36002432 -3.36015446 -3.36024922 -3.36030932 -3.36034823 -3.36036060 -3.36035700 -3.36034658 -3.36030084 -3.36022944 -3.36012909 -3.35999323 -3.35985474 -3.35969235 -3.35953651 -3.35938309 -3.35923953 -3.35911852 -3.35900895 -3.35893156 -3.35887937 -3.35885665 -3.35886008 -3.35888012 -3.35892372 -3.35898887 -3.35907800 -3.35919631
-3.35919322 -3.35936098 -3.35954297 -3.35972468 -3.35986792 -3.36000279 -3.36009351 -3.36015638 -3.36020536 -3.36021967 -3.36022862 -3.36021958 -3.36017958 -3.36011132 -3.36002100 -3.35989858 -3.35977802 -3.35964003 -3.35950234 -3.35937182 -3.35924325 -3.35913892 -3.35904132 -3.35896031 -3.35890684 -3.35885974 -3.35883585 -3.35883148 -3.35884993 -3.35888903 -3.35895486 -3.35906060
-3.35909895 -3.35925187 -3.35942338 -3.35958044 -3.35972500 -3.35983870 -3.35991776 -3.35998150 -3.36002213 -3.36004691 -3.36005996 -3.36006141 -3.36003619 -3.35997426 -3.35989401 -3.35978672 -3.35968056 -3.35956831 -3.35945868 -3.35935163 -3.35925335 -3.35916613 -3.35909516 -3.35902121 -3.35896127 -3.35890910 -3.35886771 -3.35884053 -3.35882776 -3.35884407 -3.35888576 -3.35897277
-3.35905174 -3.35918294 -3.35933276 -3.35947153 -3.35958864 -3.35967375 -3.35973470 -3.35978377 -3.35981654 -3.35984779 -3.35986566 -3.35987049 -3.35985602 -3.35981406 -3.35974727 -3.35966532 -3.35958268 -3.35949821 -3.35940860 -3.35933407 -3.35927099 -3.35921850 -3.35916729 -3.35911260 -3.35906376 -3.35900839 -3.35895834 -3.35890258 -3.35886660 -3.35886068 -3.35888515 -3.35894695
-3.35904978 -3.35915941 -3.35927451 -3.35937741 -3.35947184 -3.35952967 -3.35955455 -3.35958372 -3.35961310 -3.35964426 -3.35966469 -3.35966524 -3.35964911 -3.35963156 -3.35958042 -3.35952560 -3.35946831 -3.35941007 -3.35935685 -3.35932139 -3.35929211 -3.35927598 -3.35925153 -3.35922737 -3.35920199 -3.35914953 -3.35909007 -3.35902135 -3.35896629 -3.35893444 -3.35893726 -3.35898206
-3.35909795 -3.35916611 -3.35926058 -3.35933362 -3.35938233 -3.35941133 -3.35941464 -3.35940666 -3.35941716 -3.35943150 -3.35945172 -3.35946344 -3.35946436 -3.35945046 -3.35942125 -3.35938298 -3.35934507 -3.35932665 -3.35930478 -3.35930942 -3.35931478 -3.35933611 -3.35935221 -3.35935944 -3.35935077 -3.35931128 -3.35925790 -3.35918446 -3.35910600 -3.35904859 -3.35902927 -3.35905240
-3.35915501 -3.35920730 -3.35927262 -3.35931705 -3.35933547 -3.35933320 -3.35931085 -3.35927106 -3.35925843 -3.35925640 -3.35926262 -3.35927704 -3.35928075 -3.35928046 -3.35927404 -3.35925287 -3.35924083 -3.35924585 -3.35925742 -3.35928291 -3.35932633 -3.35937913 -3.35943050 -3.35947629 -3.35949883 -3.35947989 -3.35943264 -3.35934227 -3.35925348 -3.35917239 -3.35912361 -3.35913029
-3.35923674 -3.35926752 -3.35931621 -3.35934175 -3.35933694 -3.35930579 -3.35925820 -3.35920326 -3.35915525 -3.35913389 -3.35913014 -3.35912596 -3.35911822 -3.35913107 -3.35913155 -3.35913226 -3.35913974 -3.35916985 -3.35920345 -3.35925554 -3.35932146 -3.35940293 -3.35949546 -3.35957625 -3.35962297 -3.35961951 -3.35958242 -3.35949750 -3.35940331 -3.35929776 -3.35924197 -3.35922221
-3.35932133 -3.35935628 -3.35939282 -3.35940474 -3.35937801 -3.35933328 -3.35926328 -3.35918768 -3.35912345 -3.35907170 -3.35903895 -3.35902221 -3.35902109 -3.35901709 -3.35903122 -3.35903714 -3.35906464 -3.35908944 -3.35914840 -3.35921955 -3.35930980 -3.35941889 -3.35953309 -3.35964055 -3.35971322 -3.35972820 -3.35970012 -3.35962262 -3.35951669 -3.35941879 -3.35934649 -3.35931579
-3.35942574 -3.35945608 -3.35948143 -3.35948868 -3.35946626 -3.35940243 -3.35932509 -3.35923769 -3.35914795 -3.35907047 -3.35901095 -3.35896683 -3.35894309 -3.35893781 -3.35894685 -3.35896436 -3.35900399 -3.35903949 -3.35910375 -3.35918783 -3.35928933 -3.35941778 -3.35955282 -3.35967595 -3.35976301 -3.35979668 -3.35977304 -3.35970219 -3.35960605 -3.35951242 -3.35944323 -3.35941875
-3.35953152 -3.35956296 -3.35958973 -3.35959765 -3.35957577 -3.35950904 -3.35942321 -3.35931948 -3.35921041 -3.35911382 -3.35902946 -3.35896291 -3.35891825 -3.35889150 -3.35890448 -3.35891798 -3.35895044 -3.35899843 -3.35905855 -3.35913786 -3.35925993 -3.35939639 -3.35954104 -3.35967687 -3.35978505 -3.35983613 -3.35981777 -3.35975583 -3.35968270 -3.35960252 -3.35953679 -3.35952685
-3.35964282 -3.35967951 -3.35970737 -3.35970965 -3.35968963 -3.35962509 -3.35953020 -3.35941403 -3.35928838 -3.35917891 -3.35906275 -3.35897942 -3.35892494 -3.35888391 -3.35887562 -3.35887751 -3.35891087 -3.35896174 -3.35902678 -3.35910566 -3.35922595 -3.35937218 -3.35952544 -3.35966411 -3.35978687 -3.35985720 -3.35985662 -3.35980662 -3.35973842 -3.35968081 -3.35963539 -3.35962948
-3.35976580 -3.35980291 -3.35982315 -3.35981375 -3.35979118 -3.35972352 -3.35962078 -3.35950663 -3.35937029 -3.35923652 -3.35911866 -3.35901947 -3.35894355 -3.35888688 -3.35886047 -3.35885354 -3.35888365 -3.35892822 -3.35899539 -3.35907617 -3.35919756 -3.35934922 -3.35950927 -3.35966577 -3.35978171 -3.35985789 -3.35988641 -3.35985789 -3.35981171 -3.35976727 -3.35974392 -3.35974484
-3.35989470 -3.35991620 -3.35991921 -3.35991121 -3.35986001 -3.35978186 -3.35968301 -3.35956521 -3.35943266 -3.35930072 -3.35916725 -3.35905204 -3.35895218 -3.35888113 -3.35885056 -3.35884038 -3.35886088 -3.35889754 -3.35896966 -3.35905980 -3.35918820 -3.35934390 -3.35951697 -3.35966793 -3.35979485 -3.35989156 -3.35993473 -3.35993862 -3.35991214 -3.35987709 -3.35986402 -3.35987401
-3.36003721 -3.36004167 -3.36001918 -3.35996990 -3.35990457 -3.35980068 -3.35969461 -3.35958263 -3.35945595 -3.35932375 -3.35919157 -3.35906884 -3.35895737 -3.35888277 -3.35883505 -3.35882261 -3.35882722 -3.35887359 -3.35895145 -3.35905657 -3.35919088 -3.35935899 -3.35952319 -3.35969235 -3.35983784 -3.35994026 -3.36001070 -3.36002518 -3.36002757 -3.36002076 -3.36002421 -3.36002267
-3.36018565 -3.36015131 -3.36009729 -3.36000777 -3.35990937 -3.35979627 -3.35968179 -3.35956484 -3.35944519 -3.35931755 -3.35918815 -3.35906340 -3.35895255 -3.35887617 -3.35882106 -3.35879808 -3.35881121 -3.35885464 -3.35893623 -3.35904811 -3.35919976 -3.35937663 -3.35955517 -3.35973782 -3.35989513 -3.36002302 -3.36010607 -3.36015821 -3.36018362 -3.36019244 -3.36019800 -3.36019928
-3.36032274 -3.36025453 -3.36015428 -3.36002739 -3.35989935 -3.35976810 -3.35963472 -3.35951231 -3.35939548 -3.35928758 -3.35915884 -3.35904593 -3.35894287 -3.35885724 -3.35880557 -3.35878515 -3.35878903 -3.35885724 -3.35893946 -3.35906477 -3.35922258 -3.35939809 -3.35959413 -3.35978860 -3.35996522 -3.36011901 -3.36022935 -3.36030336 -3.36035722 -3.36037503 -3.36038141 -3.36036774
-3.36045196 -3.36033644 -3.36018963 -3.36003129 -3.35987475 -3.35971885 -3.35959451 -3.35946363 -3.35935493 -3.35925100 -3.35914197 -3.35903753 -3.35894128 -3.35886728 -3.35880384 -3.35877817 -3.35879192 -3.35884347 -3.35895106 -3.35907974 -3.35924579 -3.35943602 -3.35963566 -3.35984235 -3.36003378 -3.36021573 -3.36035762 -3.36045404 -3.36052494 -3.36055785 -3.36055717 -3.36051844
-3.36054967 -3.36040149 -3.36022541 -3.36004189 -3.35986636 -3.35970125 -3.35956314 -3.35944093 -3.35934181 -3.35925143 -3.35915495 -3.35905733 -3.35897753 -3.35889287 -3.35883047 -3.35879877 -3.35881714 -3.35886596 -3.35896216 -3.35909467 -3.35926057 -3.35946063 -3.35966331 -3.35987961 -3.36009783 -3.36028902 -3.36045978 -3.36058315 -3.36066913 -3.36070671 -3.36070128 -3.36065137
-3.36061491 -3.36045061 -3.36025401 -3.36005514 -3.35986049 -3.35970042 -3.35957794 -3.35946278 -3.35937630 -3.35930242 -3.35921379 -3.35912945 -3.35905097 -3.35895961 -3.35890184 -3.35885957 -3.35886718 -3.35890570 -3.35898480 -3.35910831 -3.35927275 -3.35946122 -3.35967338 -3.35989250 -3.36011676 -3.36033574 -3.36051611 -3.36066347 -3.36077389 -3.36081249 -3.36080130 -3.36073712
-3.36063762 -3.36046895 -3.36028373 -3.36008494 -3.35989903 -3.35975028 -3.35962905 -3.35953462 -3.35945867 -3.35939523 -3.35932997 -3.35925258 -3.35917724 -3.35909043 -3.35901091 -3.35896439 -3.35894366 -3.35896185 -3.35901719 -3.35911945 -3.35925497 -3.35943508 -3.35964186 -3.35986154 -3.36009692 -3.36032242 -3.36052588 -3.36068472 -3.36079921 -3.36085862 -3.36083831 -3.36076614
-3.36063393 -3.36048123 -3.36030469 -3.36012702 -3.35997020 -3.35983918 -3.35974700 -3.35966362 -3.35960318 -3.35955106 -3.35949449 -3.35942849 -3.35935873 -3.35926957 -3.35917901 -3.35909819 -3.35905433 -3.35903863 -3.35906678 -3.35913101 -3.35924049 -3.35939174 -3.35958330 -3.35979595 -3.36004005 -3.36025958 -3.36047153 -3.36063703 -3.36075493 -3.36082373 -3.36081696 -3.36074922
-3.36060181 -3.36047979 -3.36033745 -3.36019176 -3.36006949 -3.35996127 -3.35988811 -3.35983128 -3.35978352 -3.35975039 -3.35970325 -3.35964751 -3.35956891 -3.35947844 -3.35938047 -3.35927575 -3.35918529 -3.35913871 -3.35911967 -3.35914117 -3.35922125 -3.35933286 -3.35949327 -3.35969672 -3.35991343 -3.36013260 -3.36034383 -3.36051760 -3.36065297 -3.36072404 -3.36073951 -3.36069923
