32 32 0 1
-3.36056977 -3.36049570 -3.36037778 -3.36025200 -3.36012396 -3.36001296 -3.35993091 -3.35989545 -3.35990019 -3.35993291 -3.35998881 -3.36004142 -3.36005982 -3.36004829 -3.35999571 -3.35989001 -3.35975426 -3.35961205 -3.35947469 -3.35936716 -3.35930435 -3.35929628 -3.35934480 -3.35944840 -3.35960053 -3.35979295 -3.35999461 -3.36017799 -3.36034719 -3.36047573 -3.36056228 -3.36059823
-3.36056131 -3.36051912 -3.36046214 -3.36037419 -3.36028592 -3.36020454 -3.36014861 -3.36014683 -3.36016212 -3.36022326 -3.36028670 -3.36034723 -3.36038334 -3.36036573 -3.36030289 -3.36017780 -3.36001193 -3.35982919 -3.35964166 -3.35949220 -3.35940023 -3.35934249 -3.35935688 -3.35942000 -3.35954563 -3.35970251 -3.35988494 -3.36007151 -3.36023886 -3.36038429 -3.36048353 -3.36054711
-3.36052822 -3.36053537 -3.36050970 -3.36047316 -3.36042874 -3.36037251 -3.36034461 -3.36034455 -3.36038281 -3.36045957 -3.36053680 -3.36060226 -3.36063621 -3.36061973 -3.36054973 -3.36040545 -3.36022403 -3.36001776 -3.35980894 -3.35962582 -3.35948877 -3.35940063 -3.35936964 -3.35940784 -3.35947753 -3.35961853 -3.35977362 -3.35995737 -3.36012263 -3.36027933 -3.36038986 -3.36047859
-3.36046352 -3.36050089 -3.36051504 -3.36051663 -3.36050174 -3.36047371 -3.36046924 -3.36049248 -3.36052941 -3.36060278 -3.36068979 -3.36075592 -3.36079045 -3.36076640 -3.36068622 -3.36054445 -3.36035719 -3.36013274 -3.35991762 -3.35970980 -3.35955018 -3.35943157 -3.35936723 -3.35936968 -3.35941676 -3.35952027 -3.35966035 -3.35981933 -3.35999243 -3.36014372 -3.36027610 -3.36038921
-3.36033821 -3.36040742 -3.36044800 -3.36047737 -3.36048997 -3.36049332 -3.36049546 -3.36053180 -3.36057721 -3.36065490 -3.36072326 -3.36078694 -3.36082086 -3.36079687 -3.36071890 -3.36057885 -3.36039307 -3.36017716 -3.35995582 -3.35973958 -3.35955759 -3.35941978 -3.35933280 -3.35930183 -3.35932557 -3.35939740 -3.35951162 -3.35966016 -3.35982010 -3.35997509 -3.36011909 -3.36024459
-3.36014098 -3.36022917 -3.36029390 -3.36034792 -3.36038042 -3.36039448 -3.36041679 -3.36044272 -3.36049228 -3.36056069 -3.36063166 -3.36068713 -3.36072256 -3.36071069 -3.36062757 -3.36050516 -3.36031739 -3.36010859 -3.35988987 -3.35967334 -3.35948561 -3.35933722 -3.35923206 -3.35917765 -3.35917634 -3.35922110 -3.35931750 -3.35944922 -3.35960224 -3.35975775 -3.35990931 -3.36003959
-3.35985048 -3.35994939 -3.36003124 -3.36010274 -3.36014003 -3.36017673 -3.36020899 -3.36023215 -3.36027928 -3.36034515 -3.36040473 -3.36046623 -3.36049220 -3.36048264 -3.36041039 -3.36028370 -3.36011903 -3.35991407 -3.35970395 -3.35950593 -3.35931609 -3.35916218 -3.35904393 -3.35896498 -3.35894150 -3.35898395 -3.35906257 -3.35918188 -3.35932489 -3.35947137 -3.35960546 -3.35973299
-3.35943434 -3.35953997 -3.35964450 -3.35972536 -3.35977189 -3.35981791 -3.35985333 -3.35988208 -3.35992435 -3.35997564 -3.36003614 -3.36009119 -3.36010901 -3.36010398 -3.36004512 -3.35992609 -3.35977060 -3.35958568 -3.35938733 -3.35918303 -3.35900542 -3.35885387 -3.35872829 -3.35864324 -3.35861613 -3.35864391 -3.35871066 -3.35881327 -3.35894771 -3.35907884 -3.35920274 -3.35931550
-3.35888130 -3.35899429 -3.35910093 -3.35918670 -3.35925231 -3.35930925 -3.35934383 -3.35936860 -3.35940395 -3.35945200 -3.35950807 -3.35956427 -3.35958762 -3.35957561 -3.35951578 -3.35940673 -3.35926480 -3.35909968 -3.35890326 -3.35870892 -3.35853901 -3.35839861 -3.35827480 -3.35819861 -3.35816574 -3.35818448 -3.35824818 -3.35833585 -3.35845496 -3.35855846 -3.35866792 -3.35877595
-3.35821721 -3.35832105 -3.35842521 -3.35851571 -3.35858006 -3.35863215 -3.35866945 -3.35870452 -3.35873637 -3.35877607 -3.35882970 -3.35888440 -3.35890839 -3.35890175 -3.35885038 -3.35873920 -3.35860038 -3.35843893 -3.35826441 -3.35808182 -3.35792280 -3.35778391 -3.35767441 -3.35760641 -3.35758979 -3.35762087 -3.35768287 -3.35775497 -3.35783892 -3.35792886 -3.35802011 -3.35811115
-3.35742079 -3.35751904 -3.35762139 -3.35771342 -3.35776724 -3.35781796 -3.35784219 -3.35786994 -3.35791184 -3.35795188 -3.35801123 -3.35805336 -3.35808343 -3.35807303 -3.35802272 -3.35791674 -3.35778638 -3.35762518 -3.35746113 -3.35729961 -3.35714798 -3.35703332 -3.35695283 -3.35690574 -3.35691183 -3.35693797 -3.35699334 -3.35705830 -3.35712246 -3.35718847 -3.35725022 -3.35732646
-3.35652877 -3.35662114 -3.35671580 -3.35679169 -3.35684698 -3.35688416 -3.35689355 -3.35691515 -3.35694710 -3.35699597 -3.35705073 -3.35710206 -3.35713864 -3.35712754 -3.35707512 -3.35696752 -3.35683981 -3.35668254 -3.35652717 -3.35637686 -3.35625005 -3.35616108 -3.35611608 -3.35610540 -3.35612225 -3.35616565 -3.35621588 -3.35627185 -3.35631740 -3.35635647 -3.35639767 -3.35645543
-3.35558459 -3.35565851 -3.35573791 -3.35580763 -3.35584800 -3.35586477 -3.35587774 -3.35588324 -3.35591071 -3.35596145 -3.35601590 -3.35606915 -3.35610593 -3.35610172 -3.35604846 -3.35594842 -3.35581824 -3.35567206 -3.35551719 -3.35538578 -3.35528599 -3.35523503 -3.35521723 -3.35523127 -3.35528657 -3.35533571 -3.35538947 -3.35542805 -3.35545112 -3.35547759 -3.35549767 -3.35552716
-3.35463755 -3.35469877 -3.35475914 -3.35480527 -3.35484087 -3.35485217 -3.35484653 -3.35484917 -3.35487866 -3.35492872 -3.35498960 -3.35503988 -3.35506417 -3.35506654 -3.35501390 -3.35491691 -3.35479344 -3.35464830 -3.35450597 -3.35439720 -3.35432523 -3.35430027 -3.35431531 -3.35436736 -3.35444580 -3.35450991 -3.35456340 -3.35459444 -3.35460734 -3.35460419 -3.35459246 -3.35460689
-3.35377389 -3.35381217 -3.35386595 -3.35390756 -3.35392287 -3.35392551 -3.35391895 -3.35391880 -3.35393557 -3.35398077 -3.35404653 -3.35410609 -3.35414290 -3.35413710 -3.35408489 -3.35398591 -3.35385893 -3.35372633 -3.35359736 -3.35350291 -3.35344755 -3.35345346 -3.35349944 -3.35357997 -3.35367786 -3.35376278 -3.35382463 -3.35384187 -3.35382818 -3.35379755 -3.35377311 -3.35376238
-3.35306005 -3.35308789 -3.35313451 -3.35317544 -3.35318995 -3.35319540 -3.35319292 -3.35318155 -3.35320673 -3.35324551 -3.35330256 -3.35337083 -3.35340708 -3.35340491 -3.35334788 -3.35325571 -3.35312914 -3.35299832 -3.35288157 -3.35278614 -3.35274933 -3.35276832 -3.35284010 -3.35295257 -3.35306739 -3.35316560 -3.35323158 -3.35322857 -3.35319525 -3.35313970 -3.35308260 -3.35305855
-3.35259164 -3.35261362 -3.35266161 -3.35270594 -3.35272652 -3.35273859 -3.35273695 -3.35274323 -3.35276302 -3.35279969 -3.35286101 -3.35291273 -3.35293539 -3.35293924 -3.35288910 -3.35279589 -3.35266723 -3.35254533 -3.35242781 -3.35234087 -3.35230595 -3.35233799 -3.35243246 -3.35255700 -3.35268627 -3.35278298 -3.35284333 -3.35283671 -3.35278558 -3.35269562 -3.35263527 -3.35259472
-3.35241104 -3.35245353 -3.35251032 -3.35256284 -3.35259265 -3.35261289 -3.35262087 -3.35263561 -3.35266702 -3.35269897 -3.35274267 -3.35279066 -3.35281442 -3.35279918 -3.35275766 -3.35266000 -3.35254345 -3.35240015 -3.35228899 -3.35220668 -3.35218139 -3.35222284 -3.35230922 -3.35244393 -3.35257691 -3.35268027 -3.35272620 -3.35271083 -3.35263761 -3.35254784 -3.35246981 -3.35241769
-3.35256773 -3.35261301 -3.35267262 -3.35274190 -3.35280185 -3.35283357 -3.35285688 -3.35287841 -3.35290675 -3.35292880 -3.35295871 -3.35298782 -3.35299718 -3.35297832 -3.35293610 -3.35284777 -3.35273421 -3.35260097 -3.35248786 -3.35240548 -3.35237772 -3.35241534 -3.35251164 -3.35263914 -3.35276380 -3.35286569 -3.35289341 -3.35286743 -3.35278914 -3.35269566 -3.35261224 -3.35256634
-3.35303381 -3.35308647 -3.35315483 -3.35323804 -3.35331968 -3.35336095 -3.35339644 -3.35342006 -3.35343622 -3.35345149 -3.35346802 -3.35347656 -3.35347310 -3.35343974 -3.35340591 -3.35332095 -3.35320733 -3.35308623 -3.35296937 -3.35288280 -3.35285737 -3.35289593 -3.35298277 -3.35310729 -3.35323644 -3.35332402 -3.35334564 -3.35330638 -3.35323464 -3.35313881 -3.35306050 -3.35302316
-3.35375808 -3.35381467 -3.35389672 -3.35398134 -3.35407165 -3.35411870 -3.35414995 -3.35417096 -3.35417020 -3.35417951 -3.35417145 -3.35416873 -3.35415572 -3.35411807 -3.35407185 -3.35398470 -3.35388246 -3.35377494 -3.35366775 -3.35358157 -3.35356023 -3.35360430 -3.35368888 -3.35380928 -3.35393034 -3.35401774 -3.35404114 -3.35399495 -3.35391142 -3.35383224 -3.35376426 -3.35374016
-3.35466530 -3.35473000 -3.35480487 -3.35487795 -3.35496012 -3.35500299 -3.35502009 -3.35503074 -3.35502110 -3.35501027 -3.35499542 -3.35497755 -3.35494484 -3.35490424 -3.35484724 -3.35476578 -3.35467815 -3.35457736 -3.35448272 -3.35440837 -3.35439444 -3.35444432 -3.35453169 -3.35466062 -3.35477238 -3.35485410 -3.35488334 -3.35484738 -3.35478018 -3.35470858 -3.35464892 -3.35463885
-3.35566802 -3.35571670 -3.35576871 -3.35584111 -3.35588053 -3.35591005 -3.35591157 -3.35590234 -3.35588270 -3.35586048 -3.35582848 -3.35579300 -3.35574509 -3.35568957 -3.35563817 -3.35557218 -3.35549334 -3.35540067 -3.35532532 -3.35528046 -3.35528226 -3.35534063 -3.35544726 -3.35556980 -3.35568433 -3.35578078 -3.35580881 -3.35579764 -3.35575275 -3.35568830 -3.35564684 -3.35564170
-3.35668132 -3.35671642 -3.35674211 -3.35675641 -3.35676781 -3.35675506 -3.35673464 -3.35670812 -3.35666778 -3.35663571 -3.35658569 -3.35653705 -3.35648148 -3.35642833 -3.35637129 -3.35631079 -3.35624463 -3.35617490 -3.35613662 -3.35611477 -3.35613212 -3.35621307 -3.35632705 -3.35645673 -3.35659418 -3.35669306 -3.35675296 -3.35674808 -3.35671928 -3.35669449 -3.35667070 -3.35665671
-3.35763848 -3.35763531 -3.35762195 -3.35759129 -3.35755224 -3.35749331 -3.35743855 -3.35738532 -3.35732855 -3.35728357 -3.35722374 -3.35716380 -3.35711212 -3.35706251 -3.35700961 -3.35695487 -3.35690735 -3.35686277 -3.35683858 -3.35684520 -3.35689537 -3.35698928 -3.35712121 -3.35727379 -3.35742660 -3.35754409 -3.35761897 -3.35765227 -3.35765800 -3.35764539 -3.35763841 -3.35763862
-3.35847167 -3.35843571 -3.35837536 -3.35828604 -3.35819158 -3.35809510 -3.35799869 -3.35791760 -3.35785045 -3.35778642 -3.35771938 -3.35767241 -3.35762049 -3.35757441 -3.35752953 -3.35749012 -3.35745332 -3.35744214 -3.35743291 -3.35746467 -3.35753699 -3.35764741 -3.35779326 -3.35796303 -3.35812644 -3.35827501 -3.35838076 -3.35844758 -3.35848424 -3.35849728 -3.35850262 -3.35849217
-3.35916844 -3.35908784 -3.35897138 -3.35883948 -3.35869585 -3.35855151 -3.35843383 -3.35831961 -3.35823549 -3.35817319 -3.35811512 -3.35807194 -3.35803146 -3.35800103 -3.35795585 -3.35792455 -3.35791064 -3.35789647 -3.35793010 -3.35796558 -3.35805261 -3.35818328 -3.35833690 -3.35851913 -3.35869297 -3.35886701 -3.35900357 -3.35910372 -3.35917387 -3.35920740 -3.35921761 -3.35920281
-3.35970715 -3.35959305 -3.35943856 -3.35925878 -3.35907112 -3.35889587 -3.35875097 -3.35862165 -3.35854311 -3.35848336 -3.35843578 -3.35840063 -3.35838106 -3.35834691 -3.35831768 -3.35829474 -3.35828650 -3.35828366 -3.35830802 -3.35835518 -3.35844427 -3.35858419 -3.35874368 -3.35892790 -3.35912729 -3.35930822 -3.35947740 -3.35960523 -3.35970731 -3.35976089 -3.35977740 -3.35976539
-3.36008891 -3.35995732 -3.35977296 -3.35956187 -3.35934563 -3.35915751 -3.35900744 -3.35888229 -3.35880312 -3.35875189 -3.35871768 -3.35870008 -3.35868971 -3.35866288 -3.35864449 -3.35862010 -3.35860789 -3.35860434 -3.35861194 -3.35865707 -3.35873526 -3.35886108 -3.35902574 -3.35920787 -3.35941405 -3.35961209 -3.35979640 -3.35995338 -3.36007967 -3.36015354 -3.36018263 -3.36016906
-3.36032566 -3.36018284 -3.36000218 -3.35978785 -3.35956965 -3.35937952 -3.35922343 -3.35911342 -3.35904481 -3.35901679 -3.35901051 -3.35900485 -3.35901156 -3.35899055 -3.35895939 -3.35893809 -3.35890446 -3.35887870 -3.35886561 -3.35888714 -3.35894219 -3.35903953 -3.35918768 -3.35936203 -3.35957625 -3.35978935 -3.35998620 -3.36016074 -3.36030257 -3.36040243 -3.36043200 -3.36040886
-3.36047364 -3.36034008 -3.36016033 -3.35996166 -3.35976013 -3.35958560 -3.35945586 -3.35935630 -3.35931041 -3.35930052 -3.35931349 -3.35932900 -3.35935168 -3.35934064 -3.35930632 -3.35925134 -3.35919545 -3.35913652 -3.35909217 -3.35907299 -3.35909550 -3.35915999 -3.35927935 -3.35944513 -3.35965475 -3.35986306 -3.36006966 -3.36024996 -3.36040023 -3.36050984 -3.36055480 -3.36054095
-3.36054038 -3.36043469 -3.36028583 -3.36011396 -3.35994823 -3.35979519 -3.35968950 -3.35962183 -3.35959942 -3.35961557 -3.35964858 -3.35968304 -3.35970155 -3.35970104 -3.35966092 -3.35957958 -3.35947864 -3.35938536 -3.35928818 -3.35922890 -3.35921677 -3.35924195 -3.35932563 -3.35947374 -3.35965076 -3.35984716 -3.36005653 -3.36024675 -3.36040955 -3.36052512 -3.36059774 -3.36060605
