32 32 0 1
-3.36045901 -3.36045065 -3.36039873 -3.36033696 -3.36026101 -3.36017931 -3.36010766 -3.36006773 -3.36005268 -3.36005526 -3.36007555 -3.36009604 -3.36008928 -3.36006076 -3.36000564 -3.35990291 -3.35977133 -3.35963588 -3.35950689 -3.35940146 -3.35933974 -3.35932242 -3.35935275 -3.35942820 -3.35954335 -3.35969252 -3.35985139 -3.35999725 -3.36014126 -3.36026588 -3.36036420 -3.36043398
-3.36044168 -3.36046969 -3.36048228 -3.36046317 -3.36042719 -3.36038140 -3.36033913 -3.36033532 -3.36033496 -3.36036819 -3.36039690 -3.36042854 -3.36044215 -3.36040568 -3.36033151 -3.36020007 -3.36003577 -3.35985028 -3.35966411 -3.35950810 -3.35940408 -3.35932896 -3.35932053 -3.35935053 -3.35943783 -3.35955395 -3.35969790 -3.35985155 -3.36000021 -3.36014726 -3.36026591 -3.36037100
-3.36040920 -3.36048796 -3.36053472 -3.36056884 -3.36058056 -3.36056391 -3.36055439 -3.36055724 -3.36058247 -3.36063527 -3.36068127 -3.36071910 -3.36072999 -3.36069568 -3.36060487 -3.36044471 -3.36025681 -3.36003772 -3.35981403 -3.35961356 -3.35945226 -3.35934064 -3.35927800 -3.35928067 -3.35931173 -3.35941118 -3.35953648 -3.35969407 -3.35985085 -3.36001523 -3.36015918 -3.36029686
-3.36035044 -3.36046324 -3.36055374 -3.36063032 -3.36066933 -3.36068375 -3.36070518 -3.36073947 -3.36076982 -3.36082354 -3.36088485 -3.36092651 -3.36093547 -3.36088454 -3.36078273 -3.36061490 -3.36040790 -3.36016176 -3.35991580 -3.35967549 -3.35947567 -3.35932130 -3.35922137 -3.35918338 -3.35918850 -3.35926014 -3.35937544 -3.35951633 -3.35969079 -3.35986158 -3.36003616 -3.36020324
-3.36022912 -3.36037886 -3.36049670 -3.36059755 -3.36067274 -3.36072572 -3.36075911 -3.36081054 -3.36086043 -3.36092684 -3.36097448 -3.36101280 -3.36102144 -3.36096625 -3.36085472 -3.36068310 -3.36046076 -3.36020359 -3.35994021 -3.35968546 -3.35945555 -3.35927232 -3.35913749 -3.35906180 -3.35904449 -3.35908033 -3.35917191 -3.35931346 -3.35948568 -3.35967278 -3.35986489 -3.36005653
-3.36003643 -3.36020216 -3.36035223 -3.36048541 -3.36058626 -3.36065650 -3.36071464 -3.36076672 -3.36082615 -3.36089140 -3.36094450 -3.36097641 -3.36097837 -3.36092856 -3.36080685 -3.36064137 -3.36040963 -3.36015012 -3.35988089 -3.35961154 -3.35936845 -3.35916886 -3.35900945 -3.35889961 -3.35885687 -3.35886641 -3.35894641 -3.35908063 -3.35925037 -3.35944541 -3.35965206 -3.35985027
-3.35974362 -3.35992487 -3.36009309 -3.36023796 -3.36035605 -3.36045383 -3.36054365 -3.36060629 -3.36067333 -3.36073668 -3.36078369 -3.36081648 -3.36080480 -3.36075767 -3.36063723 -3.36046351 -3.36023746 -3.35998197 -3.35971573 -3.35945326 -3.35920114 -3.35898987 -3.35881150 -3.35867464 -3.35860146 -3.35860899 -3.35867013 -3.35879439 -3.35896046 -3.35915028 -3.35934722 -3.35954333
-3.35931344 -3.35950168 -3.35969748 -3.35986464 -3.35999224 -3.36012172 -3.36022743 -3.36031088 -3.36038096 -3.36043671 -3.36048193 -3.36051177 -3.36048934 -3.36043248 -3.36032104 -3.36014472 -3.35993870 -3.35969533 -3.35943792 -3.35917650 -3.35893148 -3.35871100 -3.35852008 -3.35836901 -3.35829235 -3.35827913 -3.35832676 -3.35842918 -3.35858846 -3.35875510 -3.35893074 -3.35911569
-3.35874853 -3.35894641 -3.35914971 -3.35933189 -3.35949298 -3.35963700 -3.35975357 -3.35984566 -3.35992241 -3.35998476 -3.36002969 -3.36004931 -3.36002761 -3.35996413 -3.35984857 -3.35969286 -3.35949263 -3.35927745 -3.35902875 -3.35877562 -3.35854393 -3.35832994 -3.35812968 -3.35798076 -3.35788970 -3.35786421 -3.35789924 -3.35798648 -3.35811271 -3.35824686 -3.35840478 -3.35856922
-3.35808209 -3.35826786 -3.35846799 -3.35866219 -3.35883550 -3.35899466 -3.35912464 -3.35922957 -3.35930954 -3.35936898 -3.35941019 -3.35943407 -3.35940999 -3.35935277 -3.35924731 -3.35909653 -3.35891929 -3.35871416 -3.35849701 -3.35826553 -3.35803799 -3.35782670 -3.35763470 -3.35749221 -3.35739764 -3.35737226 -3.35738789 -3.35744713 -3.35753555 -3.35764680 -3.35776786 -3.35791298
-3.35729290 -3.35746603 -3.35766345 -3.35786392 -3.35803391 -3.35819857 -3.35832757 -3.35843449 -3.35852595 -3.35858565 -3.35863802 -3.35865487 -3.35864270 -3.35858745 -3.35849953 -3.35836369 -3.35820749 -3.35802738 -3.35783582 -3.35763008 -3.35741667 -3.35722554 -3.35705057 -3.35691158 -3.35682858 -3.35678068 -3.35678362 -3.35681279 -3.35687381 -3.35694884 -3.35703439 -3.35714681
-3.35642858 -3.35658549 -3.35676796 -3.35695079 -3.35711931 -3.35727043 -3.35739057 -3.35749680 -3.35758048 -3.35765272 -3.35770822 -3.35773746 -3.35773971 -3.35769969 -3.35762948 -3.35750836 -3.35737851 -3.35722312 -3.35705857 -3.35688082 -3.35669863 -3.35652301 -3.35637298 -3.35625133 -3.35616509 -3.35611638 -3.35610244 -3.35610724 -3.35613355 -3.35616967 -3.35622269 -3.35630623
-3.35552553 -3.35565052 -3.35580785 -3.35597144 -3.35611621 -3.35624262 -3.35636203 -3.35645365 -3.35653169 -3.35661257 -3.35667615 -3.35671885 -3.35673415 -3.35671661 -3.35666735 -3.35658324 -3.35647653 -3.35635849 -3.35621188 -3.35606741 -3.35591250 -3.35577463 -3.35564271 -3.35553183 -3.35546251 -3.35540900 -3.35538565 -3.35536468 -3.35535260 -3.35536426 -3.35538135 -3.35543428
-3.35463290 -3.35473082 -3.35484737 -3.35497311 -3.35510213 -3.35520754 -3.35528967 -3.35537394 -3.35546180 -3.35554929 -3.35562481 -3.35568132 -3.35570599 -3.35571726 -3.35568681 -3.35563347 -3.35555789 -3.35546100 -3.35535310 -3.35523602 -3.35511734 -3.35500294 -3.35489752 -3.35481890 -3.35476377 -3.35470755 -3.35467174 -3.35463472 -3.35460241 -3.35457343 -3.35455933 -3.35458144
-3.35383500 -3.35389193 -3.35398410 -3.35407464 -3.35416160 -3.35424088 -3.35430500 -3.35437537 -3.35445674 -3.35454748 -3.35464306 -3.35472280 -3.35477787 -3.35480143 -3.35479921 -3.35476477 -3.35470842 -3.35464281 -3.35455780 -3.35446984 -3.35437646 -3.35429308 -3.35422443 -3.35416758 -3.35412152 -3.35407991 -3.35404366 -3.35399247 -3.35392609 -3.35386499 -3.35382951 -3.35381440
-3.35319607 -3.35322181 -3.35328187 -3.35334204 -3.35339711 -3.35345882 -3.35351250 -3.35356572 -3.35364379 -3.35373971 -3.35383940 -3.35394706 -3.35402581 -3.35407181 -3.35408464 -3.35407221 -3.35402909 -3.35398146 -3.35391723 -3.35383852 -3.35376974 -3.35371068 -3.35366835 -3.35364461 -3.35362175 -3.35359794 -3.35356798 -3.35349101 -3.35340769 -3.35331541 -3.35323885 -3.35320314
-3.35280821 -3.35280473 -3.35284116 -3.35287903 -3.35291099 -3.35295192 -3.35299269 -3.35304914 -3.35312217 -3.35321958 -3.35334144 -3.35344584 -3.35352718 -3.35359599 -3.35361990 -3.35362077 -3.35358633 -3.35354786 -3.35348701 -3.35342868 -3.35337180 -3.35334088 -3.35332821 -3.35333002 -3.35333261 -3.35331659 -3.35328223 -3.35320999 -3.35311319 -3.35298585 -3.35289664 -3.35283495
-3.35270709 -3.35270407 -3.35272303 -3.35274972 -3.35276206 -3.35278841 -3.35282433 -3.35288025 -3.35295782 -3.35305640 -3.35316826 -3.35327776 -3.35337556 -3.35343393 -3.35347289 -3.35346665 -3.35344048 -3.35338656 -3.35333446 -3.35328556 -3.35324800 -3.35323503 -3.35323768 -3.35326446 -3.35328873 -3.35329221 -3.35325956 -3.35318344 -3.35306597 -3.35294148 -3.35283222 -3.35275162
-3.35293662 -3.35291974 -3.35292490 -3.35295002 -3.35297017 -3.35299287 -3.35302792 -3.35308017 -3.35315280 -3.35323754 -3.35334362 -3.35344360 -3.35352672 -3.35358444 -3.35361947 -3.35361742 -3.35358835 -3.35353546 -3.35348014 -3.35343174 -3.35340381 -3.35340479 -3.35343600 -3.35348144 -3.35351876 -3.35353755 -3.35350324 -3.35342462 -3.35330502 -3.35318174 -3.35306343 -3.35297948
-3.35345317 -3.35343715 -3.35344312 -3.35347280 -3.35349222 -3.35351879 -3.35355532 -3.35359577 -3.35365484 -3.35373284 -3.35382345 -3.35390202 -3.35396869 -3.35400890 -3.35404525 -3.35403734 -3.35399494 -3.35394232 -3.35387934 -3.35383169 -3.35381645 -3.35382873 -3.35387545 -3.35394158 -3.35400418 -3.35402998 -3.35400320 -3.35391931 -3.35381244 -3.35369368 -3.35357533 -3.35350046
-3.35420736 -3.35420332 -3.35421548 -3.35423825 -3.35426579 -3.35428560 -3.35431208 -3.35434464 -3.35437988 -3.35444666 -3.35450307 -3.35456611 -3.35461834 -3.35464301 -3.35465211 -3.35463280 -3.35459147 -3.35454124 -3.35448617 -3.35443860 -3.35443311 -3.35446383 -3.35452546 -3.35460940 -3.35468420 -3.35472454 -3.35470891 -3.35463118 -3.35452216 -3.35441687 -3.35431246 -3.35424738
-3.35512377 -3.35513212 -3.35514161 -3.35514988 -3.35517704 -3.35518845 -3.35519347 -3.35521162 -3.35522992 -3.35526076 -3.35529725 -3.35533641 -3.35536011 -3.35536995 -3.35536295 -3.35533199 -3.35529731 -3.35524508 -3.35519788 -3.35516407 -3.35517100 -3.35521708 -3.35529479 -3.35540444 -3.35548267 -3.35552984 -3.35552972 -3.35547210 -3.35538532 -3.35528534 -3.35520120 -3.35514906
-3.35611410 -3.35611319 -3.35611249 -3.35612429 -3.35611863 -3.35611371 -3.35610057 -3.35609328 -3.35609013 -3.35609951 -3.35610051 -3.35610732 -3.35610232 -3.35609083 -3.35608054 -3.35605135 -3.35601602 -3.35597199 -3.35593744 -3.35592912 -3.35595427 -3.35602178 -3.35612045 -3.35623230 -3.35632566 -3.35639353 -3.35640543 -3.35637553 -3.35631188 -3.35622691 -3.35616199 -3.35612711
-3.35708643 -3.35708516 -3.35707050 -3.35704428 -3.35701467 -3.35696694 -3.35692802 -3.35690185 -3.35686904 -3.35685105 -3.35682541 -3.35680465 -3.35677695 -3.35675856 -3.35672998 -3.35670511 -3.35667124 -3.35664591 -3.35664319 -3.35665929 -3.35670203 -3.35679770 -3.35690724 -3.35702960 -3.35714559 -3.35722620 -3.35726067 -3.35724173 -3.35720196 -3.35716168 -3.35712291 -3.35708951
-3.35798262 -3.35795944 -3.35792322 -3.35786331 -3.35779576 -3.35771568 -3.35764165 -3.35757426 -3.35752069 -3.35747125 -3.35742580 -3.35737892 -3.35734302 -3.35731384 -3.35728490 -3.35725598 -3.35724188 -3.35723818 -3.35725060 -3.35728830 -3.35736343 -3.35747667 -3.35760603 -3.35774713 -3.35788164 -3.35797658 -3.35803050 -3.35804652 -3.35804723 -3.35802141 -3.35800896 -3.35799822
-3.35874800 -3.35870648 -3.35864012 -3.35854052 -3.35843064 -3.35831629 -3.35820295 -3.35810047 -3.35802267 -3.35795727 -3.35788382 -3.35783284 -3.35778693 -3.35774936 -3.35772068 -3.35770871 -3.35770219 -3.35772701 -3.35775696 -3.35781564 -3.35791306 -3.35803597 -3.35818753 -3.35834264 -3.35848577 -3.35861045 -3.35868757 -3.35874210 -3.35877022 -3.35877626 -3.35878098 -3.35877007
-3.35937059 -3.35930033 -3.35918877 -3.35906179 -3.35891528 -3.35876200 -3.35862470 -3.35849621 -3.35839826 -3.35832144 -3.35824648 -3.35819101 -3.35814282 -3.35810794 -3.35807559 -3.35806460 -3.35807935 -3.35809773 -3.35816654 -3.35824041 -3.35834481 -3.35848460 -3.35864014 -3.35881213 -3.35895992 -3.35910979 -3.35922131 -3.35929904 -3.35935333 -3.35938780 -3.35940343 -3.35939548
-3.35983386 -3.35974387 -3.35961136 -3.35944512 -3.35927035 -3.35909209 -3.35893857 -3.35879725 -3.35869182 -3.35861349 -3.35854322 -3.35849133 -3.35845460 -3.35841760 -3.35838703 -3.35837594 -3.35839534 -3.35841823 -3.35847641 -3.35855692 -3.35866860 -3.35881548 -3.35897370 -3.35914495 -3.35931974 -3.35947448 -3.35961514 -3.35971647 -3.35979718 -3.35984689 -3.35987374 -3.35987483
-3.36014630 -3.36004529 -3.35989905 -3.35972087 -3.35952196 -3.35934021 -3.35918806 -3.35904844 -3.35894850 -3.35886849 -3.35880794 -3.35876866 -3.35874056 -3.35870160 -3.35867787 -3.35866205 -3.35867019 -3.35869480 -3.35872816 -3.35880567 -3.35890627 -3.35903726 -3.35919225 -3.35935842 -3.35954062 -3.35971020 -3.35985722 -3.35998624 -3.36009678 -3.36015981 -3.36019579 -3.36019559
-3.36032451 -3.36022459 -3.36008774 -3.35991198 -3.35972785 -3.35955492 -3.35939964 -3.35927889 -3.35918644 -3.35912819 -3.35908939 -3.35905806 -3.35903744 -3.35900790 -3.35897306 -3.35895522 -3.35893539 -3.35893447 -3.35894576 -3.35899002 -3.35906495 -3.35917159 -3.35931626 -3.35946590 -3.35965040 -3.35982830 -3.35998896 -3.36013063 -3.36025123 -3.36033902 -3.36037324 -3.36037123
-3.36042251 -3.36033835 -3.36021432 -3.36006807 -3.35990956 -3.35975483 -3.35962910 -3.35951796 -3.35944943 -3.35941007 -3.35938934 -3.35937500 -3.35936900 -3.35934312 -3.35930336 -3.35925576 -3.35921181 -3.35916848 -3.35914607 -3.35914811 -3.35918639 -3.35925494 -3.35936685 -3.35950941 -3.35968597 -3.35985654 -3.36002289 -3.36016684 -3.36029013 -3.36039303 -3.36044106 -3.36044908
-3.36044956 -3.36040542 -3.36031749 -3.36020552 -3.36008716 -3.35995907 -3.35986285 -3.35978658 -3.35974206 -3.35972701 -3.35972801 -3.35973117 -3.35972406 -3.35970156 -3.35965964 -3.35958220 -3.35948974 -3.35941127 -3.35932934 -3.35928392 -3.35927865 -3.35930388 -3.35937500 -3.35950045 -3.35963962 -3.35979588 -3.35996116 -3.36011334 -3.36025119 -3.36035611 -3.36043209 -3.36046898
