32 32 0 1
-3.36063304 -3.36058625 -3.36050980 -3.36043032 -3.36035413 -3.36029478 -3.36025392 -3.36024600 -3.36026095 -3.36028656 -3.36031487 -3.36032917 -3.36030332 -3.36024665 -3.36015127 -3.36000595 -3.35983647 -3.35966162 -3.35950164 -3.35938060 -3.35931698 -3.35931522 -3.35937909 -3.35949846 -3.35966539 -3.35986717 -3.36006992 -3.36024904 -3.36040912 -3.36053023 -3.36060952 -3.36064891
-3.36065302 -3.36063845 -3.36061856 -3.36057258 -3.36052891 -3.36049095 -3.36047273 -3.36049564 -3.36051458 -3.36056197 -3.36059681 -3.36061837 -3.36060810 -3.36054108 -3.36042753 -3.36025406 -3.36004630 -3.35982814 -3.35961244 -3.35944919 -3.35935205 -3.35930459 -3.35934020 -3.35942204 -3.35957269 -3.35974796 -3.35994223 -3.36013150 -3.36030120 -3.36044707 -3.36054835 -3.36062089
-3.36065168 -3.36068816 -3.36069808 -3.36069619 -3.36068847 -3.36066963 -3.36067292 -3.36069186 -3.36073144 -3.36079397 -3.36084116 -3.36086422 -3.36084878 -3.36077604 -3.36064727 -3.36044589 -3.36021624 -3.35996564 -3.35972531 -3.35952300 -3.35938215 -3.35930842 -3.35929985 -3.35936468 -3.35946511 -3.35962902 -3.35980525 -3.36000669 -3.36018543 -3.36035296 -3.36047730 -3.36057876
-3.36062084 -3.36068661 -3.36072869 -3.36076857 -3.36078707 -3.36078936 -3.36080976 -3.36085110 -3.36089189 -3.36094717 -3.36100470 -3.36102107 -3.36100094 -3.36091374 -3.36077229 -3.36056212 -3.36031680 -3.36004350 -3.35978553 -3.35955700 -3.35938900 -3.35928490 -3.35924496 -3.35928130 -3.35936154 -3.35949990 -3.35967188 -3.35985569 -3.36004994 -3.36022541 -3.36037937 -3.36051325
-3.36052320 -3.36061979 -3.36069401 -3.36075310 -3.36079916 -3.36083153 -3.36085905 -3.36091424 -3.36096382 -3.36102503 -3.36106439 -3.36107767 -3.36105230 -3.36095642 -3.36080416 -3.36059052 -3.36033606 -3.36006106 -3.35979215 -3.35955558 -3.35936502 -3.35923762 -3.35917347 -3.35917674 -3.35923717 -3.35934645 -3.35950060 -3.35968866 -3.35988379 -3.36007129 -3.36023909 -3.36039805
-3.36035153 -3.36046797 -3.36056629 -3.36065059 -3.36071609 -3.36076288 -3.36080881 -3.36085358 -3.36090974 -3.36096444 -3.36100306 -3.36101126 -3.36097917 -3.36088874 -3.36072592 -3.36051895 -3.36026146 -3.35998860 -3.35972265 -3.35947793 -3.35927839 -3.35914004 -3.35905725 -3.35903460 -3.35907944 -3.35916053 -3.35930134 -3.35947780 -3.35966850 -3.35986307 -3.36005372 -3.36021701
-3.36008507 -3.36021023 -3.36032598 -3.36042168 -3.36049247 -3.36056555 -3.36063166 -3.36067295 -3.36073072 -3.36078451 -3.36081973 -3.36082541 -3.36078040 -3.36069038 -3.36052770 -3.36031896 -3.36007682 -3.35981260 -3.35955565 -3.35931936 -3.35911351 -3.35896627 -3.35886951 -3.35882395 -3.35883651 -3.35891834 -3.35904018 -3.35920529 -3.35939434 -3.35958825 -3.35976319 -3.35992896
-3.35968136 -3.35982240 -3.35995838 -3.36006608 -3.36015057 -3.36023350 -3.36029835 -3.36035456 -3.36041087 -3.36045318 -3.36048311 -3.36048412 -3.36043425 -3.36034137 -3.36019602 -3.35999123 -3.35976330 -3.35951574 -3.35926946 -3.35903395 -3.35884362 -3.35869331 -3.35858441 -3.35852022 -3.35852054 -3.35858222 -3.35868892 -3.35883990 -3.35902645 -3.35920242 -3.35937387 -3.35952799
-3.35914985 -3.35929327 -3.35943610 -3.35955743 -3.35965682 -3.35974476 -3.35981615 -3.35986631 -3.35991865 -3.35996535 -3.35998936 -3.35998946 -3.35993770 -3.35984756 -3.35970528 -3.35951433 -3.35929975 -3.35907359 -3.35883994 -3.35861505 -3.35843261 -3.35828756 -3.35816372 -3.35809902 -3.35808966 -3.35814154 -3.35824155 -3.35838190 -3.35854929 -3.35870277 -3.35886283 -3.35901124
-3.35851980 -3.35865218 -3.35878802 -3.35891489 -3.35900811 -3.35909806 -3.35916708 -3.35922533 -3.35926357 -3.35929351 -3.35931800 -3.35931637 -3.35927273 -3.35919655 -3.35906613 -3.35889083 -3.35869398 -3.35847850 -3.35826621 -3.35805707 -3.35787329 -3.35772449 -3.35760785 -3.35754631 -3.35754070 -3.35759928 -3.35769481 -3.35781561 -3.35795310 -3.35810168 -3.35824407 -3.35837981
-3.35776657 -3.35789228 -3.35802130 -3.35813441 -3.35821921 -3.35829428 -3.35834795 -3.35838969 -3.35843413 -3.35845624 -3.35847702 -3.35847032 -3.35843906 -3.35836628 -3.35826001 -3.35810480 -3.35792786 -3.35772781 -3.35753305 -3.35734384 -3.35717096 -3.35703628 -3.35693767 -3.35688765 -3.35689426 -3.35694076 -3.35703003 -3.35714539 -3.35727036 -3.35739792 -3.35752256 -3.35764173
-3.35693085 -3.35703834 -3.35714536 -3.35723307 -3.35730352 -3.35735386 -3.35738266 -3.35740751 -3.35742870 -3.35745031 -3.35746923 -3.35747293 -3.35745590 -3.35739497 -3.35730638 -3.35716981 -3.35701327 -3.35684109 -3.35666261 -3.35649381 -3.35634750 -3.35622737 -3.35615201 -3.35612863 -3.35614212 -3.35619684 -3.35628256 -3.35639359 -3.35650347 -3.35661750 -3.35671864 -3.35682696
-3.35603983 -3.35611537 -3.35619629 -3.35625174 -3.35628157 -3.35629960 -3.35631358 -3.35631447 -3.35631617 -3.35632998 -3.35634761 -3.35635499 -3.35634880 -3.35631414 -3.35624378 -3.35614032 -3.35601143 -3.35586942 -3.35571085 -3.35556700 -3.35544766 -3.35535999 -3.35530951 -3.35530235 -3.35534364 -3.35540859 -3.35550136 -3.35559842 -3.35569566 -3.35579402 -3.35587905 -3.35596002
-3.35513877 -3.35518433 -3.35521599 -3.35522679 -3.35522713 -3.35521560 -3.35518716 -3.35517135 -3.35516547 -3.35517536 -3.35519488 -3.35520589 -3.35520306 -3.35519810 -3.35514919 -3.35507633 -3.35497900 -3.35486254 -3.35473709 -3.35462979 -3.35453969 -3.35448128 -3.35446376 -3.35448928 -3.35455391 -3.35462770 -3.35472366 -3.35481529 -3.35490843 -3.35498163 -3.35503617 -3.35509473
-3.35430011 -3.35429978 -3.35429618 -3.35426945 -3.35422431 -3.35417645 -3.35412749 -3.35408816 -3.35406766 -3.35406951 -3.35409924 -3.35413104 -3.35415219 -3.35415847 -3.35413580 -3.35408888 -3.35401441 -3.35393316 -3.35384345 -3.35376846 -3.35370055 -3.35368730 -3.35370552 -3.35375381 -3.35383654 -3.35393058 -3.35403485 -3.35411963 -3.35418751 -3.35423005 -3.35426719 -3.35429156
-3.35358415 -3.35354913 -3.35350919 -3.35344712 -3.35337313 -3.35330093 -3.35323811 -3.35317678 -3.35315415 -3.35315724 -3.35318293 -3.35323594 -3.35327567 -3.35330376 -3.35330201 -3.35328293 -3.35323371 -3.35317577 -3.35312150 -3.35306541 -3.35303104 -3.35304297 -3.35309483 -3.35317810 -3.35327751 -3.35338876 -3.35349689 -3.35356326 -3.35360546 -3.35362171 -3.35361398 -3.35361201
-3.35309477 -3.35302510 -3.35295342 -3.35286949 -3.35277186 -3.35267879 -3.35260722 -3.35255062 -3.35252387 -3.35252922 -3.35257291 -3.35262182 -3.35266831 -3.35271749 -3.35273716 -3.35273983 -3.35271020 -3.35268029 -3.35264140 -3.35261296 -3.35260229 -3.35263850 -3.35272210 -3.35282745 -3.35294617 -3.35306029 -3.35316308 -3.35321793 -3.35323754 -3.35321072 -3.35318959 -3.35314814
-3.35287520 -3.35279938 -3.35271026 -3.35261050 -3.35249886 -3.35240050 -3.35232684 -3.35227658 -3.35226165 -3.35226887 -3.35230826 -3.35236741 -3.35242999 -3.35247217 -3.35251299 -3.35251941 -3.35250944 -3.35247809 -3.35246184 -3.35245732 -3.35247342 -3.35253132 -3.35262241 -3.35274802 -3.35288045 -3.35299964 -3.35308600 -3.35312800 -3.35311838 -3.35307694 -3.35302226 -3.35295541
-3.35298976 -3.35289821 -3.35279684 -3.35269547 -3.35259766 -3.35249729 -3.35243169 -3.35239118 -3.35237885 -3.35238885 -3.35242021 -3.35247575 -3.35253162 -3.35257687 -3.35261880 -3.35263392 -3.35263583 -3.35261651 -3.35260916 -3.35261594 -3.35264590 -3.35271816 -3.35283147 -3.35296572 -3.35309494 -3.35321506 -3.35328687 -3.35330849 -3.35328005 -3.35322794 -3.35315151 -3.35307311
-3.35340866 -3.35332209 -3.35322285 -3.35313112 -3.35304386 -3.35295530 -3.35289662 -3.35286163 -3.35284781 -3.35285599 -3.35288719 -3.35292716 -3.35297076 -3.35300011 -3.35305061 -3.35306358 -3.35305599 -3.35304749 -3.35303686 -3.35304920 -3.35309237 -3.35317861 -3.35329923 -3.35344086 -3.35358127 -3.35369584 -3.35375588 -3.35375728 -3.35372708 -3.35366249 -3.35357858 -3.35349892
-3.35410182 -3.35402533 -3.35393983 -3.35384961 -3.35377847 -3.35369984 -3.35364158 -3.35361086 -3.35359041 -3.35360038 -3.35361240 -3.35364238 -3.35367211 -3.35368880 -3.35371484 -3.35371237 -3.35370452 -3.35370028 -3.35369641 -3.35370445 -3.35375596 -3.35385676 -3.35398383 -3.35413389 -3.35427896 -3.35439160 -3.35444933 -3.35444177 -3.35439468 -3.35433720 -3.35426107 -3.35418430
-3.35498903 -3.35493040 -3.35484984 -3.35476488 -3.35470490 -3.35463446 -3.35456958 -3.35453636 -3.35451433 -3.35450472 -3.35451175 -3.35452461 -3.35452404 -3.35452192 -3.35452144 -3.35451004 -3.35449877 -3.35448609 -3.35447923 -3.35449336 -3.35455305 -3.35466348 -3.35480130 -3.35496541 -3.35511038 -3.35522132 -3.35528176 -3.35527950 -3.35524264 -3.35518631 -3.35511912 -3.35505508
-3.35598069 -3.35591843 -3.35584520 -3.35578103 -3.35570314 -3.35563649 -3.35557181 -3.35552693 -3.35549767 -3.35548563 -3.35546849 -3.35545516 -3.35542560 -3.35539965 -3.35538174 -3.35535853 -3.35533861 -3.35531426 -3.35531019 -3.35534355 -3.35541609 -3.35553178 -3.35568499 -3.35584835 -3.35599840 -3.35612508 -3.35618526 -3.35620568 -3.35618493 -3.35613233 -3.35608627 -3.35603346
-3.35697911 -3.35692708 -3.35685637 -3.35677301 -3.35668865 -3.35660086 -3.35653467 -3.35648238 -3.35643740 -3.35641388 -3.35637943 -3.35633887 -3.35629036 -3.35624730 -3.35620551 -3.35617196 -3.35613537 -3.35611688 -3.35613181 -3.35617635 -3.35625360 -3.35637922 -3.35654019 -3.35671120 -3.35688008 -3.35700988 -3.35709461 -3.35712046 -3.35711630 -3.35709715 -3.35707187 -3.35702143
-3.35791279 -3.35785149 -3.35777256 -3.35767515 -3.35757411 -3.35746806 -3.35738585 -3.35732188 -3.35726557 -3.35722540 -3.35717410 -3.35711075 -3.35705365 -3.35699820 -3.35694234 -3.35689030 -3.35686188 -3.35684861 -3.35686425 -3.35691667 -3.35701202 -3.35715173 -3.35732190 -3.35750908 -3.35768729 -3.35782827 -3.35792678 -3.35798438 -3.35800918 -3.35800329 -3.35799023 -3.35795920
-3.35871734 -3.35864374 -3.35854806 -3.35842446 -3.35830353 -3.35818465 -3.35808199 -3.35800302 -3.35793837 -3.35788441 -3.35781455 -3.35775318 -3.35768720 -3.35762184 -3.35755596 -3.35750839 -3.35747445 -3.35748096 -3.35749577 -3.35755565 -3.35766412 -3.35780865 -3.35798629 -3.35817804 -3.35836124 -3.35853099 -3.35865365 -3.35873556 -3.35878450 -3.35879955 -3.35879173 -3.35876133
-3.35936760 -3.35927137 -3.35914243 -3.35900685 -3.35886622 -3.35873334 -3.35862514 -3.35853184 -3.35845723 -3.35839604 -3.35832757 -3.35826788 -3.35819842 -3.35813225 -3.35806271 -3.35800863 -3.35799293 -3.35798398 -3.35802937 -3.35808577 -3.35819441 -3.35834449 -3.35851914 -3.35872042 -3.35890986 -3.35909818 -3.35924509 -3.35935319 -3.35942215 -3.35944887 -3.35945234 -3.35941661
-3.35984911 -3.35973777 -3.35959179 -3.35943453 -3.35927935 -3.35913720 -3.35902147 -3.35891901 -3.35885540 -3.35879693 -3.35873888 -3.35867546 -3.35862352 -3.35854691 -3.35848302 -3.35843367 -3.35840893 -3.35840172 -3.35843408 -3.35849528 -3.35859811 -3.35874802 -3.35892270 -3.35911716 -3.35932733 -3.35951650 -3.35968840 -3.35981253 -3.35990099 -3.35994075 -3.35994634 -3.35991854
-3.36018508 -3.36006372 -3.35990951 -3.35973796 -3.35956921 -3.35942862 -3.35932495 -3.35923130 -3.35917044 -3.35912190 -3.35907333 -3.35902769 -3.35897640 -3.35891044 -3.35885169 -3.35879089 -3.35876084 -3.35874678 -3.35875095 -3.35880098 -3.35888846 -3.35902020 -3.35919132 -3.35938144 -3.35959489 -3.35979595 -3.35997296 -3.36011923 -3.36023208 -3.36028220 -3.36029411 -3.36026543
-3.36039507 -3.36027249 -3.36012345 -3.35995555 -3.35979311 -3.35966292 -3.35955947 -3.35949028 -3.35944233 -3.35941601 -3.35938877 -3.35934987 -3.35930885 -3.35924975 -3.35918096 -3.35912294 -3.35906230 -3.35902141 -3.35900181 -3.35902241 -3.35908080 -3.35918579 -3.35934079 -3.35951854 -3.35973193 -3.35994385 -3.36013513 -3.36029719 -3.36041646 -3.36049083 -3.36050417 -3.36047497
-3.36052549 -3.36040976 -3.36026849 -3.36012588 -3.35998489 -3.35986627 -3.35978900 -3.35973076 -3.35970669 -3.35969425 -3.35968461 -3.35966840 -3.35964414 -3.35959118 -3.35951815 -3.35942701 -3.35934187 -3.35925856 -3.35919897 -3.35917562 -3.35920398 -3.35927570 -3.35940684 -3.35957668 -3.35979001 -3.35999511 -3.36019317 -3.36035712 -3.36048873 -3.36057984 -3.36060774 -3.36058958
-3.36058876 -3.36051019 -3.36040138 -3.36028281 -3.36017425 -3.36007484 -3.36001823 -3.35998417 -3.35997731 -3.35998946 -3.35999907 -3.35999802 -3.35997527 -3.35992810 -3.35984668 -3.35972974 -3.35959729 -3.35947814 -3.35936707 -3.35929624 -3.35927870 -3.35931363 -3.35940780 -3.35956685 -3.35975018 -3.35994956 -3.36015335 -3.36033581 -3.36048287 -3.36058313 -3.36063737 -3.36064286
