32 32 0 1
-3.36048669 -3.36046929 -3.36040916 -3.36034060 -3.36026585 -3.36020127 -3.36015961 -3.36015540 -3.36018146 -3.36022262 -3.36026951 -3.36030133 -3.36028770 -3.36023220 -3.36012880 -3.35996433 -3.35976719 -3.35956398 -3.35937043 -3.35921763 -3.35912271 -3.35909567 -3.35913632 -3.35923295 -3.35937894 -3.35956597 -3.35976081 -3.35994503 -3.36012223 -3.36027271 -3.36038726 -3.36046298
-3.36052485 -3.36054116 -3.36054008 -3.36050334 -3.36045664 -3.36041372 -3.36038681 -3.36040756 -3.36043507 -3.36049897 -3.36054865 -3.36058931 -3.36059042 -3.36052659 -3.36040399 -3.36021479 -3.35998129 -3.35972826 -3.35948457 -3.35928388 -3.35915530 -3.35908063 -3.35908796 -3.35914799 -3.35927903 -3.35944039 -3.35963067 -3.35982626 -3.36001882 -3.36019852 -3.36033858 -3.36045402
-3.36053392 -3.36060203 -3.36063285 -3.36064422 -3.36063591 -3.36060961 -3.36059948 -3.36061465 -3.36065724 -3.36072514 -3.36078199 -3.36082134 -3.36081627 -3.36075057 -3.36061875 -3.36040335 -3.36014937 -3.35986952 -3.35959300 -3.35935315 -3.35917668 -3.35907154 -3.35903199 -3.35907412 -3.35915274 -3.35930708 -3.35948249 -3.35969022 -3.35989369 -3.36009791 -3.36026726 -3.36041951
-3.36050665 -3.36061280 -3.36068437 -3.36073630 -3.36075043 -3.36074577 -3.36075183 -3.36078242 -3.36081491 -3.36087283 -3.36093648 -3.36096863 -3.36095912 -3.36088157 -3.36073471 -3.36051490 -3.36025138 -3.35995012 -3.35965834 -3.35939043 -3.35918258 -3.35904491 -3.35897801 -3.35898272 -3.35903970 -3.35916885 -3.35933795 -3.35953255 -3.35975576 -3.35996392 -3.36016801 -3.36035454
-3.36040180 -3.36054652 -3.36065333 -3.36073151 -3.36078258 -3.36081083 -3.36081988 -3.36085430 -3.36088607 -3.36094099 -3.36098003 -3.36100753 -3.36099461 -3.36090793 -3.36075959 -3.36054643 -3.36027365 -3.35996930 -3.35966829 -3.35939218 -3.35916174 -3.35899455 -3.35889565 -3.35886971 -3.35891228 -3.35900589 -3.35915679 -3.35935178 -3.35956907 -3.35979478 -3.36001348 -3.36022507
-3.36021363 -3.36038589 -3.36052694 -3.36064124 -3.36071688 -3.36075540 -3.36078677 -3.36081271 -3.36084681 -3.36088818 -3.36092260 -3.36093034 -3.36091606 -3.36084283 -3.36067979 -3.36047487 -3.36020254 -3.35990349 -3.35960211 -3.35932141 -3.35907966 -3.35890593 -3.35878193 -3.35872346 -3.35874192 -3.35880822 -3.35894407 -3.35912353 -3.35933425 -3.35956849 -3.35980007 -3.36001834
-3.35992619 -3.36011927 -3.36028518 -3.36042185 -3.36050770 -3.36057807 -3.36063295 -3.36065657 -3.36069565 -3.36072874 -3.36074956 -3.36076111 -3.36072556 -3.36065403 -3.36050449 -3.36029669 -3.36003887 -3.35974548 -3.35945641 -3.35917966 -3.35893673 -3.35874990 -3.35861168 -3.35852856 -3.35851009 -3.35856794 -3.35867634 -3.35883650 -3.35903959 -3.35926279 -3.35948810 -3.35971010
-3.35949497 -3.35970406 -3.35990086 -3.36006136 -3.36017239 -3.36026933 -3.36033444 -3.36038141 -3.36041700 -3.36044302 -3.36046093 -3.36045991 -3.36041921 -3.36034276 -3.36021394 -3.36001284 -3.35976916 -3.35949617 -3.35921667 -3.35894069 -3.35869838 -3.35850488 -3.35835305 -3.35824846 -3.35821854 -3.35825108 -3.35833697 -3.35847401 -3.35866186 -3.35885703 -3.35906620 -3.35927361
-3.35893468 -3.35915540 -3.35936654 -3.35955142 -3.35969874 -3.35982019 -3.35990695 -3.35995868 -3.36000055 -3.36002724 -3.36004267 -3.36004073 -3.36000204 -3.35992177 -3.35979453 -3.35961155 -3.35938463 -3.35913682 -3.35886579 -3.35860038 -3.35836426 -3.35817059 -3.35800412 -3.35789498 -3.35783883 -3.35784733 -3.35790975 -3.35801972 -3.35817046 -3.35833412 -3.35852309 -3.35872083
-3.35825982 -3.35847629 -3.35869683 -3.35890062 -3.35907282 -3.35922293 -3.35932356 -3.35939177 -3.35944017 -3.35946786 -3.35948067 -3.35948333 -3.35945128 -3.35938444 -3.35925915 -3.35909196 -3.35888896 -3.35865384 -3.35840708 -3.35815379 -3.35791664 -3.35771662 -3.35754365 -3.35743084 -3.35736092 -3.35735773 -3.35739285 -3.35746984 -3.35757534 -3.35771095 -3.35786916 -3.35805364
-3.35745194 -3.35766686 -3.35789524 -3.35811942 -3.35830077 -3.35846000 -3.35857255 -3.35865700 -3.35871764 -3.35875206 -3.35877597 -3.35877491 -3.35875559 -3.35869416 -3.35859338 -3.35843868 -3.35825682 -3.35803996 -3.35781051 -3.35757808 -3.35735378 -3.35715952 -3.35699070 -3.35686645 -3.35680247 -3.35676312 -3.35677661 -3.35681518 -3.35688947 -3.35698708 -3.35710714 -3.35726450
-3.35655261 -3.35675419 -3.35698664 -3.35720432 -3.35739856 -3.35756238 -3.35767871 -3.35777019 -3.35783271 -3.35787894 -3.35791184 -3.35792829 -3.35792248 -3.35787069 -3.35779030 -3.35765051 -3.35749103 -3.35730216 -3.35709493 -3.35687679 -3.35667560 -3.35649227 -3.35633983 -3.35622065 -3.35614106 -3.35609102 -3.35607558 -3.35608408 -3.35611671 -3.35617020 -3.35625585 -3.35638698
-3.35559243 -3.35577008 -3.35598725 -3.35620390 -3.35639243 -3.35654828 -3.35667411 -3.35676717 -3.35683020 -3.35688588 -3.35692434 -3.35695253 -3.35695993 -3.35693561 -3.35686556 -3.35676344 -3.35662760 -3.35646536 -3.35627619 -3.35609068 -3.35591287 -3.35575390 -3.35561620 -3.35550322 -3.35542250 -3.35536111 -3.35532525 -3.35529673 -3.35528581 -3.35530778 -3.35535843 -3.35545185
-3.35461722 -3.35477805 -3.35496320 -3.35515876 -3.35534670 -3.35550169 -3.35561001 -3.35570213 -3.35577704 -3.35583774 -3.35588695 -3.35592156 -3.35592759 -3.35592930 -3.35588262 -3.35581004 -3.35570690 -3.35556589 -3.35541603 -3.35526469 -3.35511533 -3.35498228 -3.35486042 -3.35476887 -3.35470051 -3.35462795 -3.35456913 -3.35450941 -3.35447018 -3.35444348 -3.35445279 -3.35451264
-3.35371983 -3.35383967 -3.35401362 -3.35419400 -3.35435533 -3.35450083 -3.35460821 -3.35468855 -3.35475462 -3.35481645 -3.35487450 -3.35492467 -3.35495557 -3.35496453 -3.35494086 -3.35489089 -3.35480849 -3.35470995 -3.35459079 -3.35447496 -3.35435596 -3.35425648 -3.35416563 -3.35408880 -3.35402041 -3.35395117 -3.35388117 -3.35379990 -3.35371616 -3.35364300 -3.35362205 -3.35364409
-3.35296202 -3.35306463 -3.35321735 -3.35337891 -3.35353214 -3.35366590 -3.35376621 -3.35383662 -3.35389903 -3.35395520 -3.35401056 -3.35406966 -3.35411780 -3.35414075 -3.35413874 -3.35410976 -3.35405286 -3.35398047 -3.35389173 -3.35379852 -3.35371157 -3.35363541 -3.35357857 -3.35352952 -3.35347681 -3.35341448 -3.35333406 -3.35321565 -3.35309585 -3.35298585 -3.35291767 -3.35291438
-3.35246005 -3.35254241 -3.35268180 -3.35283223 -3.35297657 -3.35309863 -3.35319113 -3.35326254 -3.35330944 -3.35336183 -3.35342209 -3.35346899 -3.35351149 -3.35355042 -3.35356267 -3.35355265 -3.35351131 -3.35346447 -3.35340025 -3.35333295 -3.35327219 -3.35322625 -3.35319959 -3.35317237 -3.35313520 -3.35306466 -3.35297371 -3.35284471 -3.35270275 -3.35254849 -3.35245953 -3.35242623
-3.35225550 -3.35234602 -3.35247912 -3.35262538 -3.35276068 -3.35287343 -3.35295795 -3.35302526 -3.35307650 -3.35311210 -3.35315632 -3.35320360 -3.35325090 -3.35327585 -3.35329947 -3.35329587 -3.35327226 -3.35322521 -3.35318370 -3.35313850 -3.35310926 -3.35308737 -3.35307280 -3.35306730 -3.35304184 -3.35297953 -3.35287513 -3.35273391 -3.35256317 -3.35240497 -3.35229045 -3.35223824
-3.35241415 -3.35250111 -3.35262301 -3.35277429 -3.35291691 -3.35302666 -3.35310927 -3.35317064 -3.35320735 -3.35322422 -3.35324950 -3.35327881 -3.35331068 -3.35333889 -3.35335859 -3.35336117 -3.35334763 -3.35331246 -3.35328117 -3.35324980 -3.35323496 -3.35323059 -3.35324143 -3.35324516 -3.35322709 -3.35316855 -3.35305440 -3.35290092 -3.35272118 -3.35256285 -3.35243860 -3.35239052
-3.35289308 -3.35298159 -3.35311034 -3.35327011 -3.35341365 -3.35352231 -3.35360105 -3.35364700 -3.35366595 -3.35367103 -3.35367445 -3.35368088 -3.35369637 -3.35370543 -3.35373225 -3.35373278 -3.35370873 -3.35368500 -3.35365583 -3.35362875 -3.35363174 -3.35364253 -3.35366568 -3.35368163 -3.35367602 -3.35362011 -3.35350203 -3.35334369 -3.35317801 -3.35302039 -3.35289828 -3.35286505
-3.35364154 -3.35374388 -3.35388295 -3.35403037 -3.35417697 -3.35427584 -3.35434070 -3.35437474 -3.35437149 -3.35436250 -3.35433464 -3.35432741 -3.35432940 -3.35432291 -3.35432714 -3.35431616 -3.35429558 -3.35427891 -3.35425347 -3.35423369 -3.35424193 -3.35426971 -3.35430537 -3.35433408 -3.35433309 -3.35428623 -3.35417896 -3.35402171 -3.35385516 -3.35371993 -3.35362205 -3.35359955
-3.35456959 -3.35468127 -3.35481666 -3.35495357 -3.35509310 -3.35517854 -3.35522680 -3.35524222 -3.35522501 -3.35518655 -3.35515127 -3.35512526 -3.35509777 -3.35507750 -3.35506326 -3.35504240 -3.35502736 -3.35500466 -3.35498010 -3.35496694 -3.35498466 -3.35502519 -3.35507328 -3.35512146 -3.35512031 -3.35507874 -3.35499169 -3.35485739 -3.35471439 -3.35459388 -3.35451905 -3.35451331
-3.35558681 -3.35568641 -3.35580969 -3.35594188 -3.35604163 -3.35611059 -3.35613793 -3.35613782 -3.35610312 -3.35605303 -3.35599981 -3.35594961 -3.35590442 -3.35585862 -3.35583838 -3.35581689 -3.35579512 -3.35576646 -3.35574980 -3.35575340 -3.35578151 -3.35583288 -3.35589825 -3.35594766 -3.35596041 -3.35594752 -3.35587474 -3.35577587 -3.35566095 -3.35555720 -3.35550826 -3.35552073
-3.35659693 -3.35669332 -3.35678750 -3.35687882 -3.35694514 -3.35697534 -3.35698049 -3.35696348 -3.35691217 -3.35685624 -3.35678520 -3.35671838 -3.35665434 -3.35660913 -3.35656776 -3.35653839 -3.35651212 -3.35649078 -3.35648906 -3.35650643 -3.35654458 -3.35661248 -3.35668523 -3.35674983 -3.35679169 -3.35679675 -3.35675739 -3.35667550 -3.35659647 -3.35653783 -3.35651425 -3.35653142
-3.35753868 -3.35759978 -3.35766227 -3.35770488 -3.35773521 -3.35772742 -3.35770459 -3.35765887 -3.35759949 -3.35753132 -3.35745368 -3.35737015 -3.35730516 -3.35725527 -3.35720706 -3.35717125 -3.35714671 -3.35713442 -3.35713847 -3.35716338 -3.35722133 -3.35730516 -3.35739063 -3.35747894 -3.35754847 -3.35757567 -3.35756630 -3.35752568 -3.35749082 -3.35745471 -3.35745632 -3.35748486
-3.35834259 -3.35837435 -3.35839286 -3.35838491 -3.35836776 -3.35832907 -3.35826643 -3.35820071 -3.35813347 -3.35806218 -3.35797345 -3.35790001 -3.35783663 -3.35777764 -3.35773185 -3.35769852 -3.35766944 -3.35767554 -3.35768157 -3.35771715 -3.35778228 -3.35787245 -3.35798194 -3.35809048 -3.35817722 -3.35824709 -3.35827206 -3.35827945 -3.35827608 -3.35827054 -3.35828647 -3.35831066
-3.35900957 -3.35899985 -3.35895918 -3.35891182 -3.35884882 -3.35877041 -3.35869580 -3.35861196 -3.35854215 -3.35847067 -3.35839046 -3.35832557 -3.35826099 -3.35820976 -3.35815432 -3.35811690 -3.35810092 -3.35809002 -3.35811813 -3.35815251 -3.35822579 -3.35832597 -3.35844585 -3.35857307 -3.35868619 -3.35879081 -3.35886093 -3.35890191 -3.35893013 -3.35895455 -3.35897465 -3.35899115
-3.35952390 -3.35947824 -3.35940595 -3.35930830 -3.35920608 -3.35909857 -3.35901242 -3.35892227 -3.35885580 -3.35879405 -3.35873403 -3.35867777 -3.35862995 -3.35857304 -3.35852098 -3.35847696 -3.35845527 -3.35843427 -3.35844565 -3.35848111 -3.35855222 -3.35866267 -3.35879116 -3.35892964 -3.35907485 -3.35919904 -3.35930882 -3.35938867 -3.35945486 -3.35948918 -3.35951823 -3.35953218
-3.35989993 -3.35982549 -3.35972339 -3.35960239 -3.35947019 -3.35935211 -3.35925872 -3.35917680 -3.35911971 -3.35907171 -3.35903396 -3.35900237 -3.35896136 -3.35889880 -3.35884755 -3.35879229 -3.35875279 -3.35872191 -3.35870596 -3.35873098 -3.35879041 -3.35889334 -3.35902560 -3.35916929 -3.35933129 -3.35948040 -3.35961558 -3.35972928 -3.35982572 -3.35988353 -3.35991616 -3.35993007
-3.36014017 -3.36006171 -3.35995307 -3.35981922 -3.35968345 -3.35956654 -3.35946984 -3.35940553 -3.35936560 -3.35934532 -3.35933671 -3.35931443 -3.35928574 -3.35923387 -3.35916153 -3.35909519 -3.35901874 -3.35895670 -3.35891041 -3.35890382 -3.35893953 -3.35901626 -3.35914435 -3.35928495 -3.35946523 -3.35963682 -3.35979844 -3.35993727 -3.36005252 -3.36014314 -3.36017906 -3.36018117
-3.36031044 -3.36023342 -3.36012656 -3.36000338 -3.35987822 -3.35976873 -3.35969291 -3.35963850 -3.35962305 -3.35962386 -3.35963426 -3.35963274 -3.35962438 -3.35957167 -3.35948951 -3.35938277 -3.35927889 -3.35917529 -3.35909131 -3.35903969 -3.35903730 -3.35908248 -3.35918543 -3.35933094 -3.35951726 -3.35969463 -3.35987164 -3.36002786 -3.36015967 -3.36026792 -3.36032247 -3.36033612
-3.36041298 -3.36036489 -3.36027689 -3.36017201 -3.36007055 -3.35997283 -3.35991758 -3.35989109 -3.35989456 -3.35992238 -3.35995152 -3.35997058 -3.35995640 -3.35990862 -3.35981941 -3.35968552 -3.35952712 -3.35938011 -3.35923851 -3.35913983 -3.35909880 -3.35910451 -3.35917552 -3.35930949 -3.35947292 -3.35965223 -3.35984298 -3.36002067 -3.36018022 -3.36030167 -3.36038568 -3.36042864
