32 32 0 1
-3.36070449 -3.36065683 -3.36057068 -3.36046919 -3.36035693 -3.36025164 -3.36016261 -3.36011144 -3.36008783 -3.36008691 -3.36010428 -3.36012443 -3.36011168 -3.36007165 -3.36000051 -3.35987586 -3.35971936 -3.35955347 -3.35939301 -3.35927178 -3.35920806 -3.35920506 -3.35927365 -3.35939907 -3.35957513 -3.35978856 -3.36001283 -3.36021292 -3.36039732 -3.36054595 -3.36065103 -3.36070793
-3.36074339 -3.36074104 -3.36071855 -3.36065948 -3.36058888 -3.36051028 -3.36044381 -3.36041417 -3.36038878 -3.36039860 -3.36041524 -3.36043509 -3.36043716 -3.36038981 -3.36030269 -3.36015244 -3.35996086 -3.35974557 -3.35953380 -3.35936635 -3.35926668 -3.35921827 -3.35925484 -3.35934536 -3.35950510 -3.35969124 -3.35989884 -3.36010925 -3.36030231 -3.36047216 -3.36059815 -3.36069471
-3.36075684 -3.36081174 -3.36082733 -3.36082344 -3.36079705 -3.36074155 -3.36069260 -3.36065565 -3.36064245 -3.36066225 -3.36068314 -3.36070048 -3.36069385 -3.36064556 -3.36054094 -3.36036602 -3.36015410 -3.35991039 -3.35966842 -3.35946304 -3.35931766 -3.35924173 -3.35923404 -3.35930723 -3.35941470 -3.35959040 -3.35977822 -3.35999349 -3.36019252 -3.36038314 -3.36053206 -3.36065964
-3.36073095 -3.36082233 -3.36088423 -3.36092519 -3.36093134 -3.36090327 -3.36087470 -3.36085425 -3.36083376 -3.36084098 -3.36086345 -3.36086903 -3.36085845 -3.36079552 -3.36067995 -3.36049660 -3.36027063 -3.36000584 -3.35974831 -3.35951901 -3.35934389 -3.35923741 -3.35919922 -3.35923614 -3.35932497 -3.35947007 -3.35965065 -3.35984397 -3.36005456 -3.36025061 -3.36043222 -3.36059844
-3.36063213 -3.36076284 -3.36086594 -3.36093749 -3.36097868 -3.36098584 -3.36096307 -3.36094953 -3.36092966 -3.36093627 -3.36093133 -3.36093419 -3.36091134 -3.36083902 -3.36071505 -3.36053214 -3.36030010 -3.36003498 -3.35976999 -3.35952999 -3.35933237 -3.35920088 -3.35913697 -3.35914136 -3.35921116 -3.35932351 -3.35948326 -3.35967481 -3.35987898 -3.36008164 -3.36027744 -3.36046753
-3.36044938 -3.36061243 -3.36074946 -3.36086208 -3.36093005 -3.36095050 -3.36094390 -3.36092196 -3.36090754 -3.36089602 -3.36088691 -3.36087165 -3.36083734 -3.36076647 -3.36063222 -3.36045779 -3.36022734 -3.35996890 -3.35971155 -3.35946482 -3.35926273 -3.35911699 -3.35903254 -3.35900920 -3.35905006 -3.35912872 -3.35927248 -3.35944849 -3.35964557 -3.35985420 -3.36007266 -3.36026665
-3.36016103 -3.36035310 -3.36052071 -3.36065498 -3.36073392 -3.36078112 -3.36079704 -3.36077146 -3.36075163 -3.36072844 -3.36070733 -3.36068326 -3.36063522 -3.36056448 -3.36043428 -3.36026276 -3.36005072 -3.35980548 -3.35955611 -3.35932251 -3.35911466 -3.35896733 -3.35886139 -3.35880569 -3.35880854 -3.35888275 -3.35899467 -3.35915400 -3.35934387 -3.35955027 -3.35975383 -3.35996000
-3.35973940 -3.35994500 -3.36014148 -3.36029977 -3.36039941 -3.36046595 -3.36048350 -3.36047220 -3.36044593 -3.36041218 -3.36037804 -3.36034316 -3.36028716 -3.36021945 -3.36010640 -3.35993494 -3.35974208 -3.35952231 -3.35929283 -3.35906666 -3.35886666 -3.35870972 -3.35858444 -3.35850653 -3.35848900 -3.35852804 -3.35861435 -3.35875392 -3.35892914 -3.35911576 -3.35931154 -3.35951239
-3.35915515 -3.35937710 -3.35959309 -3.35976725 -3.35989361 -3.35997448 -3.36000352 -3.35999070 -3.35996204 -3.35992036 -3.35988833 -3.35984608 -3.35979566 -3.35972752 -3.35961963 -3.35947045 -3.35929178 -3.35909265 -3.35888629 -3.35866919 -3.35848364 -3.35832367 -3.35818219 -3.35809131 -3.35804451 -3.35806283 -3.35812427 -3.35823657 -3.35838953 -3.35854862 -3.35873653 -3.35893817
-3.35843640 -3.35866700 -3.35888983 -3.35908135 -3.35921414 -3.35930071 -3.35933886 -3.35933308 -3.35929411 -3.35925352 -3.35921749 -3.35918354 -3.35913671 -3.35907848 -3.35898474 -3.35885054 -3.35869951 -3.35851798 -3.35833841 -3.35814683 -3.35795863 -3.35778803 -3.35764560 -3.35753938 -3.35748183 -3.35747455 -3.35751527 -3.35759244 -3.35770448 -3.35785356 -3.35802557 -3.35822036
-3.35757934 -3.35780720 -3.35803536 -3.35823245 -3.35836844 -3.35846124 -3.35848718 -3.35846998 -3.35844995 -3.35840382 -3.35837066 -3.35833961 -3.35830695 -3.35825555 -3.35818609 -3.35807748 -3.35795453 -3.35780381 -3.35764307 -3.35747125 -3.35729542 -3.35713731 -3.35699317 -3.35687941 -3.35681275 -3.35677342 -3.35678597 -3.35683228 -3.35691872 -3.35703525 -3.35718342 -3.35736616
-3.35661655 -3.35683735 -3.35706274 -3.35724400 -3.35738163 -3.35746298 -3.35747463 -3.35745963 -3.35742665 -3.35738613 -3.35735962 -3.35733813 -3.35732999 -3.35729038 -3.35724371 -3.35715821 -3.35706156 -3.35694564 -3.35680904 -3.35665884 -3.35650880 -3.35636356 -3.35622821 -3.35611268 -3.35602818 -3.35598116 -3.35596250 -3.35598077 -3.35602918 -3.35612407 -3.35624766 -3.35641712
-3.35559748 -3.35579952 -3.35600431 -3.35617531 -3.35628669 -3.35634670 -3.35635280 -3.35632444 -3.35628475 -3.35625118 -3.35623104 -3.35622278 -3.35622625 -3.35621484 -3.35618638 -3.35614127 -3.35606940 -3.35599100 -3.35587252 -3.35575264 -3.35562691 -3.35550789 -3.35538351 -3.35526525 -3.35518609 -3.35512270 -3.35508801 -3.35506991 -3.35509331 -3.35516473 -3.35526942 -3.35541652
-3.35458066 -3.35475846 -3.35492922 -3.35506437 -3.35515885 -3.35520345 -3.35518540 -3.35515085 -3.35511014 -3.35508730 -3.35508218 -3.35507674 -3.35508021 -3.35509512 -3.35509214 -3.35506959 -3.35503319 -3.35497626 -3.35489436 -3.35480731 -3.35471386 -3.35461112 -3.35450430 -3.35440653 -3.35433219 -3.35426085 -3.35420757 -3.35417793 -3.35418573 -3.35422518 -3.35429714 -3.35442690
-3.35364823 -3.35378726 -3.35392684 -3.35403379 -3.35409325 -3.35411262 -3.35408706 -3.35404568 -3.35399946 -3.35398090 -3.35398768 -3.35399981 -3.35402711 -3.35405133 -3.35406125 -3.35405707 -3.35403518 -3.35400420 -3.35395387 -3.35389269 -3.35382323 -3.35374816 -3.35367468 -3.35359231 -3.35352355 -3.35346008 -3.35340783 -3.35337256 -3.35335269 -3.35336598 -3.35342478 -3.35352290
-3.35286854 -3.35297866 -3.35308515 -3.35316028 -3.35319754 -3.35320027 -3.35317390 -3.35312138 -3.35308096 -3.35306807 -3.35307105 -3.35310394 -3.35314312 -3.35317786 -3.35319781 -3.35319859 -3.35318761 -3.35316880 -3.35314081 -3.35308954 -3.35304520 -3.35299412 -3.35294736 -3.35289968 -3.35285064 -3.35280118 -3.35275599 -3.35270836 -3.35267528 -3.35266741 -3.35269358 -3.35276850
-3.35234738 -3.35242293 -3.35250103 -3.35255087 -3.35256429 -3.35255216 -3.35252158 -3.35248262 -3.35244375 -3.35243763 -3.35246383 -3.35248900 -3.35251930 -3.35256152 -3.35258290 -3.35258292 -3.35257093 -3.35255866 -3.35252777 -3.35249696 -3.35246222 -3.35243459 -3.35242043 -3.35240427 -3.35237736 -3.35234529 -3.35230929 -3.35226824 -3.35223134 -3.35219900 -3.35222026 -3.35226897
-3.35211945 -3.35218619 -3.35223980 -3.35226870 -3.35226283 -3.35224784 -3.35221765 -3.35219021 -3.35217434 -3.35217319 -3.35219393 -3.35222448 -3.35226043 -3.35228190 -3.35230127 -3.35228335 -3.35226245 -3.35222578 -3.35219606 -3.35216956 -3.35215466 -3.35214968 -3.35214786 -3.35215893 -3.35216411 -3.35215882 -3.35213536 -3.35210221 -3.35206018 -3.35203210 -3.35203462 -3.35206303
-3.35224109 -3.35228394 -3.35231026 -3.35233211 -3.35233070 -3.35231224 -3.35229226 -3.35228140 -3.35227523 -3.35227637 -3.35229566 -3.35231802 -3.35233811 -3.35234707 -3.35234527 -3.35231271 -3.35227625 -3.35223086 -3.35218797 -3.35215898 -3.35214674 -3.35215358 -3.35218491 -3.35222142 -3.35224381 -3.35226674 -3.35225418 -3.35222818 -3.35219445 -3.35217681 -3.35217252 -3.35219360
-3.35268203 -3.35271274 -3.35272961 -3.35274186 -3.35274338 -3.35272572 -3.35271959 -3.35271176 -3.35271458 -3.35272556 -3.35274316 -3.35275300 -3.35275742 -3.35274158 -3.35272307 -3.35267264 -3.35260315 -3.35254524 -3.35248281 -3.35244220 -3.35244167 -3.35246684 -3.35251418 -3.35257631 -3.35263376 -3.35267153 -3.35267575 -3.35265293 -3.35264220 -3.35262838 -3.35262890 -3.35265014
-3.35340137 -3.35342277 -3.35343487 -3.35343634 -3.35343543 -3.35341994 -3.35341645 -3.35341404 -3.35342028 -3.35343704 -3.35343979 -3.35344776 -3.35343737 -3.35339949 -3.35335012 -3.35327172 -3.35318888 -3.35311918 -3.35304931 -3.35300229 -3.35300261 -3.35304779 -3.35311738 -3.35320185 -3.35328130 -3.35334490 -3.35336856 -3.35335705 -3.35334551 -3.35334920 -3.35335517 -3.35337875
-3.35431708 -3.35434167 -3.35434090 -3.35432581 -3.35431704 -3.35429881 -3.35428387 -3.35428901 -3.35429650 -3.35430369 -3.35431001 -3.35430689 -3.35427784 -3.35422033 -3.35414958 -3.35405032 -3.35395839 -3.35387316 -3.35379951 -3.35375489 -3.35376434 -3.35382944 -3.35391733 -3.35402963 -3.35412806 -3.35420344 -3.35424808 -3.35426155 -3.35426466 -3.35427193 -3.35428365 -3.35430219
-3.35535807 -3.35535545 -3.35533491 -3.35531766 -3.35528138 -3.35525098 -3.35522660 -3.35522803 -3.35523542 -3.35524099 -3.35523298 -3.35521460 -3.35516359 -3.35508985 -3.35500632 -3.35491365 -3.35481210 -3.35471438 -3.35464460 -3.35462138 -3.35465461 -3.35472982 -3.35484671 -3.35496714 -3.35508463 -3.35518934 -3.35524470 -3.35529040 -3.35530719 -3.35531388 -3.35533252 -3.35534456
-3.35641914 -3.35640275 -3.35635864 -3.35629644 -3.35623886 -3.35617963 -3.35614702 -3.35613742 -3.35612806 -3.35613220 -3.35611322 -3.35607794 -3.35601655 -3.35594625 -3.35584503 -3.35575259 -3.35564841 -3.35555932 -3.35552037 -3.35552143 -3.35556176 -3.35566218 -3.35579438 -3.35593518 -3.35607635 -3.35619604 -3.35628409 -3.35632912 -3.35636217 -3.35639026 -3.35641457 -3.35641658
-3.35742772 -3.35737976 -3.35730120 -3.35720749 -3.35711411 -3.35702801 -3.35697046 -3.35693622 -3.35691504 -3.35690821 -3.35688041 -3.35683443 -3.35677039 -3.35669482 -3.35660722 -3.35650851 -3.35642155 -3.35635134 -3.35633183 -3.35634492 -3.35641827 -3.35653752 -3.35668733 -3.35685624 -3.35701608 -3.35715429 -3.35726155 -3.35733292 -3.35738837 -3.35742169 -3.35744075 -3.35744747
-3.35831375 -3.35823204 -3.35812320 -3.35798507 -3.35785737 -3.35774567 -3.35765208 -3.35759507 -3.35755875 -3.35754003 -3.35750211 -3.35746094 -3.35740329 -3.35732560 -3.35724429 -3.35715997 -3.35708664 -3.35705659 -3.35703724 -3.35708200 -3.35717097 -3.35730107 -3.35746923 -3.35765312 -3.35783155 -3.35799940 -3.35812693 -3.35822657 -3.35830291 -3.35834348 -3.35836496 -3.35835519
-3.35905381 -3.35893585 -3.35878097 -3.35861683 -3.35845759 -3.35831065 -3.35820671 -3.35811698 -3.35806605 -3.35803745 -3.35800262 -3.35796122 -3.35790981 -3.35784818 -3.35777047 -3.35769818 -3.35765401 -3.35762283 -3.35764184 -3.35768679 -3.35778531 -3.35793550 -3.35810824 -3.35831160 -3.35850595 -3.35869066 -3.35884502 -3.35896968 -3.35906430 -3.35911820 -3.35913844 -3.35910960
-3.35962049 -3.35947898 -3.35930747 -3.35911650 -3.35892141 -3.35875725 -3.35862669 -3.35852558 -3.35846933 -3.35843572 -3.35839682 -3.35836535 -3.35832825 -3.35827201 -3.35821021 -3.35815203 -3.35811894 -3.35809776 -3.35810976 -3.35816196 -3.35826165 -3.35841380 -3.35859733 -3.35879645 -3.35901102 -3.35920979 -3.35939264 -3.35953883 -3.35964892 -3.35970956 -3.35973443 -3.35970786
-3.36004167 -3.35989230 -3.35970262 -3.35949131 -3.35927928 -3.35910144 -3.35897382 -3.35887382 -3.35881136 -3.35877245 -3.35874038 -3.35871802 -3.35869424 -3.35863965 -3.35858997 -3.35853670 -3.35849912 -3.35847989 -3.35848036 -3.35852422 -3.35861558 -3.35875070 -3.35892609 -3.35912858 -3.35935055 -3.35955767 -3.35975956 -3.35992746 -3.36006025 -3.36013717 -3.36016428 -3.36013803
-3.36032041 -3.36017420 -3.35999342 -3.35978601 -3.35957782 -3.35940381 -3.35926620 -3.35917277 -3.35911422 -3.35908506 -3.35907230 -3.35905601 -3.35904146 -3.35900240 -3.35894692 -3.35889465 -3.35883795 -3.35879559 -3.35877267 -3.35878888 -3.35884947 -3.35896185 -3.35912344 -3.35931034 -3.35953862 -3.35976242 -3.35997447 -3.36016363 -3.36031119 -3.36041119 -3.36043862 -3.36040956
-3.36051191 -3.36038568 -3.36021801 -3.36003251 -3.35984774 -3.35968466 -3.35956625 -3.35947021 -3.35942505 -3.35940985 -3.35941023 -3.35940340 -3.35939987 -3.35936300 -3.35930606 -3.35922705 -3.35915005 -3.35907354 -3.35901305 -3.35899012 -3.35901804 -3.35909285 -3.35922581 -3.35940804 -3.35963378 -3.35985480 -3.36007716 -3.36026625 -3.36042769 -3.36054348 -3.36058743 -3.36057919
-3.36062580 -3.36053692 -3.36040677 -3.36025830 -3.36011221 -3.35996475 -3.35986428 -3.35979174 -3.35975085 -3.35974843 -3.35975370 -3.35976382 -3.35975452 -3.35972823 -3.35966504 -3.35956198 -3.35944142 -3.35933123 -3.35922038 -3.35914889 -3.35913518 -3.35916662 -3.35927230 -3.35943764 -3.35963153 -3.35984601 -3.36007078 -3.36027382 -3.36044832 -3.36057391 -3.36065442 -3.36067402
