32 32 0 1
-3.36045265 -3.36038624 -3.36029702 -3.36021327 -3.36013392 -3.36006552 -3.36000695 -3.35997696 -3.35996252 -3.35996216 -3.35996943 -3.35997740 -3.35995677 -3.35991340 -3.35985186 -3.35974976 -3.35963116 -3.35951482 -3.35941296 -3.35934508 -3.35932509 -3.35935897 -3.35944667 -3.35958128 -3.35974956 -3.35994083 -3.36012257 -3.36026897 -3.36038663 -3.36046311 -3.36049788 -3.36049682
-3.36047474 -3.36044195 -3.36041142 -3.36036603 -3.36032217 -3.36027983 -3.36024813 -3.36025311 -3.36025094 -3.36027929 -3.36029603 -3.36031221 -3.36030698 -3.36025664 -3.36017670 -3.36004506 -3.35988643 -3.35972004 -3.35955596 -3.35943799 -3.35938125 -3.35936929 -3.35942576 -3.35952370 -3.35967545 -3.35984031 -3.36001002 -3.36016553 -3.36029073 -3.36038843 -3.36044270 -3.36047433
-3.36048326 -3.36049886 -3.36050246 -3.36050063 -3.36049682 -3.36047789 -3.36047253 -3.36047634 -3.36049786 -3.36054094 -3.36057289 -3.36059375 -3.36058441 -3.36053220 -3.36043499 -3.36027261 -3.36008713 -3.35988175 -3.35968622 -3.35952640 -3.35942385 -3.35937791 -3.35939510 -3.35947690 -3.35957734 -3.35973390 -3.35988987 -3.36005592 -3.36018820 -3.36030790 -3.36038337 -3.36044297
-3.36046641 -3.36051860 -3.36055498 -3.36059375 -3.36061448 -3.36061716 -3.36062980 -3.36065637 -3.36067695 -3.36071645 -3.36075920 -3.36077412 -3.36076002 -3.36069668 -3.36058064 -3.36040859 -3.36020379 -3.35997409 -3.35975478 -3.35956257 -3.35942818 -3.35935150 -3.35933824 -3.35939398 -3.35948088 -3.35961592 -3.35976861 -3.35991724 -3.36006940 -3.36019283 -3.36030189 -3.36039452
-3.36040048 -3.36048257 -3.36055227 -3.36061219 -3.36065868 -3.36068839 -3.36070150 -3.36073469 -3.36075994 -3.36080175 -3.36082749 -3.36083850 -3.36082132 -3.36074750 -3.36062368 -3.36044661 -3.36023006 -3.35998943 -3.35975639 -3.35955130 -3.35939191 -3.35929471 -3.35925591 -3.35928048 -3.35935725 -3.35946463 -3.35960006 -3.35975882 -3.35991327 -3.36005829 -3.36018455 -3.36030157
-3.36026905 -3.36037331 -3.36046702 -3.36055965 -3.36062083 -3.36065608 -3.36068433 -3.36070158 -3.36072808 -3.36075973 -3.36077707 -3.36077770 -3.36075575 -3.36068554 -3.36054713 -3.36037395 -3.36014957 -3.35990843 -3.35967306 -3.35945632 -3.35929017 -3.35917861 -3.35912568 -3.35912629 -3.35918483 -3.35927164 -3.35940599 -3.35955831 -3.35971374 -3.35987217 -3.36002325 -3.36015180
-3.36004342 -3.36017127 -3.36028673 -3.36038362 -3.36045213 -3.36051084 -3.36055111 -3.36056121 -3.36057773 -3.36059669 -3.36060202 -3.36059883 -3.36055938 -3.36048524 -3.36035551 -3.36017556 -3.35996277 -3.35972760 -3.35949761 -3.35929042 -3.35911599 -3.35900125 -3.35893563 -3.35890951 -3.35893907 -3.35903179 -3.35915030 -3.35929663 -3.35945779 -3.35961774 -3.35976824 -3.35990883
-3.35968906 -3.35983366 -3.35997930 -3.36009666 -3.36016978 -3.36023560 -3.36026977 -3.36028209 -3.36028960 -3.36028770 -3.36028322 -3.36026840 -3.36021637 -3.36014229 -3.36001998 -3.35984659 -3.35964744 -3.35942937 -3.35921235 -3.35900620 -3.35884220 -3.35872141 -3.35863597 -3.35859918 -3.35862265 -3.35869540 -3.35880204 -3.35893622 -3.35909910 -3.35925045 -3.35939788 -3.35953876
-3.35920248 -3.35935823 -3.35951442 -3.35964607 -3.35973784 -3.35980237 -3.35983051 -3.35983270 -3.35982927 -3.35981707 -3.35980314 -3.35977958 -3.35972963 -3.35965225 -3.35953408 -3.35937430 -3.35918994 -3.35899267 -3.35878825 -3.35859710 -3.35844041 -3.35832129 -3.35822745 -3.35819064 -3.35819582 -3.35825086 -3.35835349 -3.35848040 -3.35862898 -3.35876408 -3.35890853 -3.35905059
-3.35859289 -3.35874969 -3.35890606 -3.35904349 -3.35913459 -3.35919968 -3.35922124 -3.35922236 -3.35919724 -3.35916834 -3.35914834 -3.35912670 -3.35908105 -3.35901305 -3.35890419 -3.35875525 -3.35859434 -3.35841058 -3.35823320 -3.35805623 -3.35790824 -3.35778630 -3.35769346 -3.35765391 -3.35765584 -3.35770905 -3.35779783 -3.35791023 -3.35802985 -3.35816445 -3.35830093 -3.35844048
-3.35785171 -3.35800863 -3.35816317 -3.35829393 -3.35837578 -3.35842564 -3.35843158 -3.35840863 -3.35838829 -3.35834915 -3.35832678 -3.35829796 -3.35826161 -3.35819957 -3.35811215 -3.35798519 -3.35784399 -3.35768444 -3.35753074 -3.35738181 -3.35724100 -3.35713989 -3.35706116 -3.35701671 -3.35701793 -3.35704953 -3.35712677 -3.35722205 -3.35733100 -3.35744714 -3.35757180 -3.35770706
-3.35700914 -3.35715655 -3.35730309 -3.35740824 -3.35747946 -3.35750460 -3.35748078 -3.35744542 -3.35739901 -3.35736518 -3.35733889 -3.35731861 -3.35729975 -3.35724496 -3.35717815 -3.35707476 -3.35695396 -3.35682749 -3.35669795 -3.35657250 -3.35646964 -3.35638128 -3.35631713 -3.35628358 -3.35627522 -3.35630230 -3.35635497 -3.35643959 -3.35652775 -3.35663224 -3.35674244 -3.35687411
-3.35609711 -3.35622402 -3.35635024 -3.35643968 -3.35647327 -3.35646804 -3.35642659 -3.35636055 -3.35630135 -3.35626657 -3.35623950 -3.35622335 -3.35621432 -3.35619007 -3.35613951 -3.35606906 -3.35598064 -3.35588983 -3.35578071 -3.35569621 -3.35562056 -3.35556252 -3.35551455 -3.35547497 -3.35547768 -3.35549129 -3.35553553 -3.35558871 -3.35565745 -3.35575092 -3.35585328 -3.35596777
-3.35515882 -3.35527490 -3.35536801 -3.35541952 -3.35543067 -3.35539759 -3.35532124 -3.35524110 -3.35517388 -3.35513471 -3.35511604 -3.35510329 -3.35509558 -3.35509842 -3.35507121 -3.35502668 -3.35497791 -3.35491604 -3.35484794 -3.35480125 -3.35476230 -3.35472612 -3.35469356 -3.35467396 -3.35467547 -3.35467953 -3.35470435 -3.35473678 -3.35478931 -3.35486326 -3.35494446 -3.35505163
-3.35427435 -3.35436823 -3.35444116 -3.35446705 -3.35444202 -3.35438208 -3.35429107 -3.35419174 -3.35411239 -3.35406315 -3.35405161 -3.35406101 -3.35407615 -3.35408857 -3.35408363 -3.35406381 -3.35403706 -3.35401518 -3.35398892 -3.35397682 -3.35396453 -3.35395962 -3.35395463 -3.35393934 -3.35393553 -3.35393503 -3.35394402 -3.35395526 -3.35397812 -3.35402381 -3.35409563 -3.35418186
-3.35351200 -3.35359125 -3.35364545 -3.35365305 -3.35361069 -3.35353824 -3.35343675 -3.35332313 -3.35323900 -3.35319197 -3.35317373 -3.35319866 -3.35323098 -3.35325732 -3.35327158 -3.35327810 -3.35327531 -3.35328204 -3.35329294 -3.35329963 -3.35331593 -3.35332970 -3.35334457 -3.35334846 -3.35334280 -3.35333511 -3.35332654 -3.35330630 -3.35330201 -3.35331969 -3.35335827 -3.35343458
-3.35297400 -3.35303737 -3.35308220 -3.35307885 -3.35302771 -3.35294551 -3.35284176 -3.35273556 -3.35264968 -3.35260348 -3.35260303 -3.35261954 -3.35265344 -3.35269345 -3.35272160 -3.35274938 -3.35276348 -3.35279817 -3.35282580 -3.35285793 -3.35288842 -3.35292103 -3.35295854 -3.35297613 -3.35297009 -3.35294851 -3.35292050 -3.35287843 -3.35285055 -3.35282541 -3.35285179 -3.35290342
-3.35271032 -3.35278073 -3.35282058 -3.35281775 -3.35276482 -3.35268547 -3.35258735 -3.35249216 -3.35242102 -3.35237742 -3.35236803 -3.35239245 -3.35243938 -3.35246927 -3.35251360 -3.35254086 -3.35257082 -3.35259934 -3.35264540 -3.35269651 -3.35274944 -3.35279720 -3.35283532 -3.35286399 -3.35286143 -3.35283385 -3.35278599 -3.35272616 -3.35266048 -3.35262469 -3.35262259 -3.35265379
-3.35278275 -3.35284259 -3.35287703 -3.35288408 -3.35285249 -3.35278210 -3.35270036 -3.35262192 -3.35255978 -3.35251546 -3.35249817 -3.35251530 -3.35255442 -3.35258471 -3.35262708 -3.35265879 -3.35269413 -3.35273152 -3.35277879 -3.35283499 -3.35289030 -3.35295259 -3.35301029 -3.35304419 -3.35304069 -3.35301312 -3.35294613 -3.35286563 -3.35278069 -3.35273002 -3.35271112 -3.35273219
-3.35316927 -3.35322704 -3.35326579 -3.35327959 -3.35326568 -3.35321288 -3.35314884 -3.35308055 -3.35302453 -3.35298688 -3.35296771 -3.35296968 -3.35299339 -3.35300791 -3.35305479 -3.35308235 -3.35310121 -3.35314235 -3.35318309 -3.35323253 -3.35329606 -3.35336897 -3.35343549 -3.35348412 -3.35349642 -3.35346885 -3.35340041 -3.35330215 -3.35321377 -3.35314873 -3.35311565 -3.35312975
-3.35383495 -3.35389088 -3.35393205 -3.35394395 -3.35394611 -3.35390609 -3.35385393 -3.35379532 -3.35374014 -3.35370262 -3.35366900 -3.35366468 -3.35367419 -3.35367581 -3.35369755 -3.35370641 -3.35372604 -3.35376389 -3.35380164 -3.35384391 -3.35391119 -3.35399871 -3.35407745 -3.35414227 -3.35417249 -3.35416218 -3.35410085 -3.35399786 -3.35389833 -3.35383404 -3.35379844 -3.35380417
-3.35470366 -3.35476051 -3.35479130 -3.35479640 -3.35479851 -3.35476900 -3.35471281 -3.35466184 -3.35460710 -3.35455902 -3.35452271 -3.35450784 -3.35449033 -3.35447686 -3.35447666 -3.35447199 -3.35448506 -3.35450996 -3.35454289 -3.35458508 -3.35465603 -3.35475679 -3.35485555 -3.35494416 -3.35499080 -3.35499574 -3.35495750 -3.35487233 -3.35478337 -3.35471514 -3.35467544 -3.35467753
-3.35569211 -3.35571946 -3.35573643 -3.35574336 -3.35572025 -3.35568744 -3.35562801 -3.35557312 -3.35551461 -3.35546746 -3.35541331 -3.35537473 -3.35533823 -3.35529968 -3.35528482 -3.35527562 -3.35528026 -3.35528861 -3.35531750 -3.35537587 -3.35546349 -3.35557273 -3.35569773 -3.35580105 -3.35587311 -3.35591682 -3.35589578 -3.35584397 -3.35577291 -3.35570701 -3.35567659 -3.35567327
-3.35669348 -3.35670703 -3.35669950 -3.35666792 -3.35662776 -3.35656212 -3.35649689 -3.35643341 -3.35636503 -3.35631135 -3.35624841 -3.35618138 -3.35612644 -3.35608236 -3.35604244 -3.35602684 -3.35601771 -3.35602888 -3.35607901 -3.35615156 -3.35624858 -3.35637602 -3.35651455 -3.35664319 -3.35675442 -3.35682349 -3.35684349 -3.35680773 -3.35676014 -3.35672448 -3.35670201 -3.35668537
-3.35763932 -3.35761904 -3.35757380 -3.35751505 -3.35743988 -3.35734719 -3.35726228 -3.35718207 -3.35709938 -3.35702871 -3.35695514 -3.35687455 -3.35680404 -3.35675038 -3.35670594 -3.35667990 -3.35668204 -3.35669759 -3.35675206 -3.35683497 -3.35695704 -3.35710762 -3.35726422 -3.35742614 -3.35756742 -3.35766171 -3.35771300 -3.35771908 -3.35770899 -3.35768302 -3.35766852 -3.35765428
-3.35845958 -3.35839931 -3.35832560 -3.35822556 -3.35811171 -3.35799627 -3.35787771 -3.35777431 -3.35768334 -3.35760524 -3.35751053 -3.35743516 -3.35735759 -3.35729698 -3.35725240 -3.35722875 -3.35723107 -3.35727792 -3.35732984 -3.35742915 -3.35756578 -3.35772714 -3.35790639 -3.35808980 -3.35824972 -3.35838576 -3.35847372 -3.35852067 -3.35853701 -3.35853091 -3.35852150 -3.35849148
-3.35913163 -3.35903464 -3.35891442 -3.35878386 -3.35864005 -3.35849190 -3.35836055 -3.35823311 -3.35812851 -3.35804074 -3.35795723 -3.35787232 -3.35780063 -3.35774445 -3.35769436 -3.35767583 -3.35769676 -3.35773131 -3.35782142 -3.35792357 -3.35806892 -3.35824461 -3.35843160 -3.35863211 -3.35881269 -3.35897926 -3.35909901 -3.35917400 -3.35922011 -3.35922652 -3.35921601 -3.35917937
-3.35963025 -3.35950936 -3.35936654 -3.35919964 -3.35903021 -3.35886338 -3.35871708 -3.35858065 -3.35847951 -3.35839373 -3.35830386 -3.35823210 -3.35817063 -3.35811199 -3.35807259 -3.35805668 -3.35807731 -3.35812125 -3.35820416 -3.35831733 -3.35846348 -3.35864452 -3.35884065 -3.35904105 -3.35924931 -3.35942389 -3.35957612 -3.35967648 -3.35974254 -3.35976249 -3.35974733 -3.35970762
-3.35997980 -3.35985023 -3.35967902 -3.35949647 -3.35931065 -3.35914388 -3.35900204 -3.35887192 -3.35877127 -3.35868576 -3.35861308 -3.35854955 -3.35850139 -3.35844403 -3.35841448 -3.35839538 -3.35841532 -3.35845756 -3.35852657 -3.35862956 -3.35876403 -3.35893540 -3.35913055 -3.35933160 -3.35954189 -3.35973098 -3.35989790 -3.36002127 -3.36010576 -3.36013804 -3.36011910 -3.36007098
-3.36020163 -3.36006113 -3.35990050 -3.35971963 -3.35953863 -3.35938153 -3.35924304 -3.35913267 -3.35904491 -3.35897949 -3.35892289 -3.35887059 -3.35883543 -3.35879227 -3.35874805 -3.35873337 -3.35872804 -3.35875031 -3.35879121 -3.35887008 -3.35897938 -3.35912446 -3.35930632 -3.35949551 -3.35971255 -3.35991359 -3.36008823 -3.36022869 -3.36032556 -3.36037226 -3.36035642 -3.36030116
-3.36033736 -3.36020844 -3.36005798 -3.35989792 -3.35973908 -3.35959970 -3.35949288 -3.35939626 -3.35932984 -3.35928211 -3.35924875 -3.35921960 -3.35919968 -3.35916248 -3.35911884 -3.35907457 -3.35904509 -3.35902514 -3.35902823 -3.35906464 -3.35913899 -3.35925079 -3.35940300 -3.35959040 -3.35980778 -3.36000550 -3.36018763 -3.36032615 -3.36042579 -3.36048235 -3.36047516 -3.36042674
-3.36040556 -3.36030499 -3.36018396 -3.36005776 -3.35993876 -3.35982741 -3.35974571 -3.35968171 -3.35963982 -3.35962163 -3.35960758 -3.35959748 -3.35957496 -3.35954462 -3.35949561 -3.35942342 -3.35934397 -3.35928946 -3.35923689 -3.35922251 -3.35925479 -3.35932292 -3.35944528 -3.35961661 -3.35980609 -3.35999710 -3.36017980 -3.36033214 -3.36044158 -3.36050147 -3.36051708 -3.36048805
