32 32 0 1
-3.36088791 -3.36073726 -3.36056406 -3.36039256 -3.36024210 -3.36012339 -3.36004206 -3.36000998 -3.36001463 -3.36004095 -3.36007344 -3.36009303 -3.36007340 -3.36003120 -3.35996433 -3.35986083 -3.35974950 -3.35964654 -3.35956822 -3.35951849 -3.35951860 -3.35957477 -3.35968809 -3.35984855 -3.36005154 -3.36028987 -3.36052161 -3.36072052 -3.36088192 -3.36098438 -3.36101755 -3.36098598
-3.36092769 -3.36082621 -3.36070729 -3.36057384 -3.36045073 -3.36034460 -3.36027065 -3.36025153 -3.36024298 -3.36027631 -3.36029876 -3.36032008 -3.36031271 -3.36026368 -3.36018660 -3.36006558 -3.35993031 -3.35979116 -3.35966091 -3.35957282 -3.35954198 -3.35954947 -3.35962922 -3.35975289 -3.35993870 -3.36015022 -3.36037937 -3.36059022 -3.36076791 -3.36090151 -3.36096706 -3.36097735
-3.36092507 -3.36087783 -3.36080223 -3.36071574 -3.36062792 -3.36053690 -3.36047332 -3.36043817 -3.36043451 -3.36046022 -3.36048735 -3.36050226 -3.36049113 -3.36044627 -3.36036285 -3.36022853 -3.36008155 -3.35992421 -3.35976789 -3.35964201 -3.35956426 -3.35954084 -3.35957149 -3.35967320 -3.35981170 -3.36000988 -3.36021968 -3.36044182 -3.36062690 -3.36077998 -3.36087487 -3.36092605
-3.36087805 -3.36087384 -3.36084076 -3.36080371 -3.36073934 -3.36066672 -3.36061696 -3.36059065 -3.36057582 -3.36058481 -3.36060845 -3.36061939 -3.36060456 -3.36055586 -3.36047121 -3.36034284 -3.36019331 -3.36001548 -3.35984844 -3.35969614 -3.35958331 -3.35952505 -3.35952586 -3.35959005 -3.35969964 -3.35986610 -3.36006452 -3.36026731 -3.36046619 -3.36062983 -3.36075654 -3.36083732
-3.36078048 -3.36081600 -3.36082201 -3.36080524 -3.36077771 -3.36074056 -3.36069135 -3.36066795 -3.36064784 -3.36065321 -3.36065407 -3.36066254 -3.36064841 -3.36059871 -3.36051711 -3.36039588 -3.36024980 -3.36007611 -3.35990328 -3.35973788 -3.35960760 -3.35952478 -3.35949077 -3.35951695 -3.35960461 -3.35973166 -3.35990440 -3.36009793 -3.36028851 -3.36046148 -3.36059697 -3.36070644
-3.36064438 -3.36071124 -3.36074474 -3.36076739 -3.36076669 -3.36074131 -3.36071300 -3.36067732 -3.36066041 -3.36065022 -3.36064907 -3.36063778 -3.36062546 -3.36059532 -3.36051205 -3.36041059 -3.36026793 -3.36010865 -3.35993738 -3.35976805 -3.35962409 -3.35952925 -3.35946924 -3.35946670 -3.35952411 -3.35962035 -3.35976981 -3.35994279 -3.36011246 -3.36028297 -3.36043852 -3.36055573
-3.36048118 -3.36056929 -3.36063616 -3.36068803 -3.36070069 -3.36070159 -3.36068969 -3.36065322 -3.36063748 -3.36062191 -3.36060677 -3.36060124 -3.36057380 -3.36054672 -3.36048275 -3.36038858 -3.36026471 -3.36010961 -3.35995412 -3.35979260 -3.35964801 -3.35954508 -3.35946973 -3.35943723 -3.35945974 -3.35954403 -3.35965614 -3.35980015 -3.35995682 -3.36011305 -3.36024923 -3.36036851
-3.36028901 -3.36040203 -3.36050579 -3.36057343 -3.36060124 -3.36062829 -3.36062579 -3.36060284 -3.36058342 -3.36056078 -3.36054369 -3.36052978 -3.36050505 -3.36048085 -3.36043081 -3.36034356 -3.36023398 -3.36010368 -3.35996835 -3.35981618 -3.35968149 -3.35956735 -3.35948705 -3.35943691 -3.35943888 -3.35948582 -3.35957045 -3.35968627 -3.35982660 -3.35995155 -3.36006986 -3.36017534
-3.36011399 -3.36023150 -3.36035069 -3.36043824 -3.36049985 -3.36053637 -3.36054680 -3.36053490 -3.36051388 -3.36049177 -3.36047654 -3.36046502 -3.36044071 -3.36041250 -3.36036480 -3.36029118 -3.36020247 -3.36009548 -3.35997139 -3.35983991 -3.35971861 -3.35961661 -3.35952520 -3.35947542 -3.35945315 -3.35947634 -3.35953758 -3.35962440 -3.35972289 -3.35981250 -3.35991091 -3.36000925
-3.35998440 -3.36009855 -3.36021219 -3.36031631 -3.36038487 -3.36043936 -3.36046096 -3.36045402 -3.36044293 -3.36041877 -3.36040348 -3.36039884 -3.36038164 -3.36036001 -3.36031561 -3.36024899 -3.36017597 -3.36008851 -3.35999190 -3.35988708 -3.35977609 -3.35967727 -3.35959379 -3.35953829 -3.35951401 -3.35952247 -3.35955751 -3.35960858 -3.35965772 -3.35972248 -3.35979571 -3.35987946
-3.35987736 -3.35998525 -3.36010203 -3.36021414 -3.36028193 -3.36033820 -3.36035686 -3.36035144 -3.36035246 -3.36033613 -3.36033184 -3.36032741 -3.36031760 -3.36029944 -3.36026785 -3.36021326 -3.36016360 -3.36009222 -3.36001860 -3.35993619 -3.35984774 -3.35977380 -3.35970492 -3.35965057 -3.35962665 -3.35961402 -3.35962175 -3.35963495 -3.35965748 -3.35968962 -3.35972649 -3.35979077
-3.35982634 -3.35992015 -3.36002576 -3.36011782 -3.36019055 -3.36023111 -3.36024101 -3.36024071 -3.36023386 -3.36023197 -3.36023527 -3.36024324 -3.36025062 -3.36023518 -3.36021546 -3.36017618 -3.36014003 -3.36009490 -3.36004478 -3.35998500 -3.35993146 -3.35987992 -3.35984039 -3.35979874 -3.35976699 -3.35974488 -3.35973064 -3.35971709 -3.35970005 -3.35970072 -3.35971266 -3.35975470
-3.35980736 -3.35987531 -3.35996401 -3.36003898 -3.36009125 -3.36011244 -3.36011155 -3.36009942 -3.36009225 -3.36010194 -3.36011366 -3.36012813 -3.36014959 -3.36015434 -3.36014645 -3.36013045 -3.36011684 -3.36009610 -3.36006732 -3.36004304 -3.36002304 -3.36000500 -3.35998157 -3.35995682 -3.35993814 -3.35990575 -3.35987703 -3.35982697 -3.35978180 -3.35975677 -3.35973946 -3.35975833
-3.35979778 -3.35984864 -3.35990510 -3.35995052 -3.35998839 -3.35999158 -3.35996405 -3.35994403 -3.35994153 -3.35995347 -3.35997619 -3.35999635 -3.36001193 -3.36004211 -3.36005442 -3.36006082 -3.36007049 -3.36007222 -3.36007620 -3.36009071 -3.36010511 -3.36011438 -3.36011728 -3.36011662 -3.36011041 -3.36007412 -3.36002363 -3.35995498 -3.35988565 -3.35982924 -3.35978499 -3.35978155
-3.35979962 -3.35981898 -3.35985666 -3.35988366 -3.35988268 -3.35986369 -3.35982560 -3.35978192 -3.35976389 -3.35977775 -3.35980661 -3.35984455 -3.35988249 -3.35991720 -3.35994959 -3.35997129 -3.36000176 -3.36003776 -3.36007172 -3.36011652 -3.36015930 -3.36020595 -3.36023935 -3.36025489 -3.36025667 -3.36022797 -3.36017302 -3.36008642 -3.35998885 -3.35989465 -3.35983317 -3.35980372
-3.35977793 -3.35978020 -3.35980078 -3.35980467 -3.35978664 -3.35974905 -3.35969519 -3.35963699 -3.35960875 -3.35961332 -3.35963724 -3.35968305 -3.35973287 -3.35978742 -3.35983496 -3.35987808 -3.35992656 -3.35998308 -3.36004421 -3.36010907 -3.36017512 -3.36024721 -3.36030632 -3.36035270 -3.36037332 -3.36034686 -3.36028532 -3.36017647 -3.36005921 -3.35994127 -3.35984712 -3.35980136
-3.35975217 -3.35973921 -3.35974952 -3.35974136 -3.35970702 -3.35965484 -3.35958973 -3.35952694 -3.35948185 -3.35947529 -3.35949938 -3.35953851 -3.35958281 -3.35965167 -3.35971109 -3.35976917 -3.35983131 -3.35990804 -3.35998652 -3.36006945 -3.36015058 -3.36024401 -3.36033476 -3.36040283 -3.36043193 -3.36040428 -3.36034221 -3.36022953 -3.36010049 -3.35995004 -3.35984970 -3.35978289
-3.35970423 -3.35970213 -3.35970775 -3.35970061 -3.35965623 -3.35959499 -3.35952524 -3.35945297 -3.35940673 -3.35938551 -3.35939059 -3.35942397 -3.35947905 -3.35953245 -3.35960141 -3.35966253 -3.35973750 -3.35980673 -3.35990019 -3.35999618 -3.36009728 -3.36020672 -3.36030408 -3.36039026 -3.36043277 -3.36041488 -3.36034810 -3.36023049 -3.36008452 -3.35993885 -3.35981999 -3.35974202
-3.35967286 -3.35967076 -3.35966862 -3.35966415 -3.35963535 -3.35957380 -3.35950590 -3.35943205 -3.35937380 -3.35933572 -3.35932721 -3.35934517 -3.35937905 -3.35943090 -3.35949472 -3.35955964 -3.35963770 -3.35971036 -3.35980716 -3.35990335 -3.36001136 -3.36013175 -3.36024656 -3.36033727 -3.36038567 -3.36037274 -3.36029927 -3.36018151 -3.36003608 -3.35989678 -3.35977763 -3.35970402
-3.35964744 -3.35964941 -3.35965491 -3.35965494 -3.35963681 -3.35957951 -3.35951638 -3.35944409 -3.35938124 -3.35933466 -3.35930878 -3.35930446 -3.35932207 -3.35935286 -3.35941631 -3.35947087 -3.35953807 -3.35960979 -3.35968852 -3.35978069 -3.35989800 -3.36002447 -3.36014626 -3.36024628 -3.36030851 -3.36030689 -3.36023543 -3.36011713 -3.35998735 -3.35985454 -3.35973931 -3.35967854
-3.35963849 -3.35964522 -3.35965592 -3.35965621 -3.35964515 -3.35960236 -3.35953933 -3.35947280 -3.35940288 -3.35935510 -3.35930305 -3.35928851 -3.35929299 -3.35930691 -3.35934359 -3.35938231 -3.35943515 -3.35950575 -3.35957960 -3.35966013 -3.35977597 -3.35990913 -3.36003440 -3.36014101 -3.36021539 -3.36023057 -3.36017033 -3.36006162 -3.35993562 -3.35982073 -3.35971931 -3.35966246
-3.35965165 -3.35965968 -3.35966307 -3.35965817 -3.35964980 -3.35961143 -3.35955333 -3.35949592 -3.35942976 -3.35936639 -3.35931943 -3.35929224 -3.35927528 -3.35926842 -3.35928061 -3.35929760 -3.35934093 -3.35939791 -3.35946552 -3.35954440 -3.35966006 -3.35979458 -3.35993048 -3.36005352 -3.36012527 -3.36015071 -3.36011936 -3.36003117 -3.35992293 -3.35981375 -3.35972556 -3.35967220
-3.35969364 -3.35967987 -3.35966631 -3.35966253 -3.35963087 -3.35958934 -3.35954485 -3.35949471 -3.35943876 -3.35937984 -3.35932949 -3.35928811 -3.35924401 -3.35921805 -3.35921530 -3.35922508 -3.35925709 -3.35929580 -3.35936304 -3.35945066 -3.35956786 -3.35970332 -3.35985723 -3.35998021 -3.36006673 -3.36011584 -3.36010107 -3.36004392 -3.35995526 -3.35985098 -3.35977360 -3.35972425
-3.35977361 -3.35973435 -3.35968949 -3.35964220 -3.35959718 -3.35953794 -3.35949172 -3.35945519 -3.35941090 -3.35936307 -3.35931401 -3.35926288 -3.35920736 -3.35917370 -3.35915180 -3.35915506 -3.35916515 -3.35920994 -3.35928349 -3.35937995 -3.35950242 -3.35965040 -3.35979790 -3.35994153 -3.36005090 -3.36011150 -3.36012867 -3.36008697 -3.36002454 -3.35994692 -3.35987916 -3.35981009
-3.35987781 -3.35979387 -3.35970760 -3.35961794 -3.35954484 -3.35947522 -3.35942559 -3.35938842 -3.35935350 -3.35931622 -3.35927421 -3.35922073 -3.35916634 -3.35912855 -3.35910112 -3.35908980 -3.35910397 -3.35914114 -3.35921607 -3.35931566 -3.35945349 -3.35961559 -3.35977386 -3.35993457 -3.36006259 -3.36015361 -3.36019352 -3.36018743 -3.36015161 -3.36008553 -3.36001921 -3.35994911
-3.35999273 -3.35987124 -3.35973622 -3.35960069 -3.35949376 -3.35940764 -3.35933752 -3.35929759 -3.35927301 -3.35925327 -3.35921000 -3.35917263 -3.35912852 -3.35908311 -3.35905549 -3.35904412 -3.35904964 -3.35910908 -3.35917790 -3.35929424 -3.35943466 -3.35959372 -3.35977324 -3.35994564 -3.36009556 -3.36022156 -3.36029407 -3.36031935 -3.36030852 -3.36025967 -3.36019407 -3.36010237
-3.36013479 -3.35996223 -3.35977561 -3.35960515 -3.35945564 -3.35933821 -3.35927123 -3.35922152 -3.35920469 -3.35919117 -3.35917368 -3.35914661 -3.35910887 -3.35907146 -3.35903206 -3.35901922 -3.35903674 -3.35907990 -3.35917531 -3.35928895 -3.35943490 -3.35960569 -3.35978871 -3.35997647 -3.36014652 -3.36030315 -3.36041226 -3.36046787 -3.36048482 -3.36045510 -3.36038026 -3.36026869
-3.36027942 -3.36007349 -3.35985132 -3.35964362 -3.35946410 -3.35932569 -3.35923851 -3.35918819 -3.35917926 -3.35917633 -3.35917638 -3.35915788 -3.35913793 -3.35909981 -3.35906425 -3.35904751 -3.35906380 -3.35910259 -3.35918404 -3.35930056 -3.35944175 -3.35962390 -3.35981003 -3.36000877 -3.36020884 -3.36037589 -3.36052439 -3.36061834 -3.36065722 -3.36064141 -3.36057271 -3.36045109
-3.36042808 -3.36020216 -3.35995477 -3.35972246 -3.35951571 -3.35936915 -3.35928406 -3.35923227 -3.35922692 -3.35923549 -3.35923718 -3.35923307 -3.35922085 -3.35917962 -3.35915034 -3.35912400 -3.35913096 -3.35915831 -3.35922010 -3.35932403 -3.35946347 -3.35963201 -3.35982749 -3.36002914 -3.36024173 -3.36044471 -3.36061066 -3.36073438 -3.36081307 -3.36080611 -3.36074342 -3.36061440
-3.36056191 -3.36033321 -3.36008969 -3.35984555 -3.35963158 -3.35948201 -3.35938397 -3.35933873 -3.35933034 -3.35935159 -3.35937108 -3.35937557 -3.35936665 -3.35933037 -3.35928400 -3.35925153 -3.35923354 -3.35924225 -3.35928072 -3.35936146 -3.35947096 -3.35962562 -3.35981621 -3.36002166 -3.36025267 -3.36047011 -3.36066411 -3.36081438 -3.36091002 -3.36093839 -3.36087900 -3.36074920
-3.36069482 -3.36047646 -3.36023908 -3.36000560 -3.35980846 -3.35965867 -3.35956925 -3.35952048 -3.35951916 -3.35953928 -3.35956610 -3.35958130 -3.35957921 -3.35953762 -3.35948319 -3.35942369 -3.35938213 -3.35935790 -3.35936935 -3.35941299 -3.35949372 -3.35962018 -3.35979276 -3.35999540 -3.36023172 -3.36046137 -3.36067512 -3.36084266 -3.36095540 -3.36100980 -3.36097311 -3.36086280
-3.36080147 -3.36061482 -3.36040832 -3.36019817 -3.36002025 -3.35987828 -3.35979134 -3.35975513 -3.35975407 -3.35978169 -3.35980917 -3.35982788 -3.35981570 -3.35978172 -3.35972350 -3.35964279 -3.35955892 -3.35950190 -3.35946223 -3.35946318 -3.35951786 -3.35960350 -3.35974544 -3.35994026 -3.36015700 -3.36039018 -3.36061597 -3.36080679 -3.36095155 -3.36102095 -3.36102258 -3.36094902
