32 32 0 1
-3.36057243 -3.36051694 -3.36042992 -3.36034066 -3.36024988 -3.36017393 -3.36011443 -3.36008460 -3.36008063 -3.36008668 -3.36010105 -3.36011086 -3.36008634 -3.36003621 -3.35995490 -3.35982711 -3.35967671 -3.35952388 -3.35938316 -3.35927769 -3.35922499 -3.35923482 -3.35930409 -3.35943019 -3.35960132 -3.35980971 -3.36001963 -3.36020660 -3.36037044 -3.36049059 -3.36056579 -3.36059634
-3.36059048 -3.36056760 -3.36053596 -3.36047978 -3.36042333 -3.36036705 -3.36032521 -3.36032508 -3.36032500 -3.36035627 -3.36037775 -3.36039584 -3.36039070 -3.36033291 -3.36023721 -3.36008406 -3.35990092 -3.35969996 -3.35950527 -3.35935334 -3.35926775 -3.35922934 -3.35926691 -3.35935724 -3.35951244 -3.35969402 -3.35989561 -3.36009259 -3.36026633 -3.36041088 -3.36050717 -3.36057003
-3.36059655 -3.36061993 -3.36061674 -3.36060380 -3.36058492 -3.36054728 -3.36052216 -3.36051681 -3.36053622 -3.36057943 -3.36061246 -3.36063328 -3.36062446 -3.36056951 -3.36045820 -3.36028017 -3.36007504 -3.35984503 -3.35961883 -3.35942878 -3.35929609 -3.35922810 -3.35922401 -3.35929743 -3.35940810 -3.35958487 -3.35977090 -3.35997760 -3.36016109 -3.36032491 -3.36044324 -3.36053843
-3.36057773 -3.36063244 -3.36066232 -3.36068578 -3.36068411 -3.36066471 -3.36065843 -3.36066862 -3.36068308 -3.36072070 -3.36076540 -3.36078399 -3.36077566 -3.36070640 -3.36058218 -3.36040124 -3.36017882 -3.35992612 -3.35968288 -3.35946269 -3.35930218 -3.35920086 -3.35916932 -3.35921391 -3.35931107 -3.35946551 -3.35965027 -3.35984083 -3.36004298 -3.36021648 -3.36036356 -3.36048902
-3.36050147 -3.36058407 -3.36063995 -3.36068146 -3.36070270 -3.36070824 -3.36070376 -3.36072275 -3.36074228 -3.36078400 -3.36081067 -3.36082799 -3.36081169 -3.36073767 -3.36061076 -3.36042439 -3.36019382 -3.35993922 -3.35968359 -3.35945063 -3.35926507 -3.35914591 -3.35909142 -3.35910864 -3.35918878 -3.35931545 -3.35948580 -3.35968470 -3.35988750 -3.36007832 -3.36024681 -3.36039287
-3.36035495 -3.36045548 -3.36052921 -3.36059650 -3.36063313 -3.36064103 -3.36065244 -3.36066199 -3.36068841 -3.36071968 -3.36074547 -3.36075127 -3.36073685 -3.36067061 -3.36053552 -3.36035877 -3.36012060 -3.35986815 -3.35960861 -3.35936996 -3.35917794 -3.35904487 -3.35897348 -3.35896426 -3.35902585 -3.35913667 -3.35930040 -3.35949275 -3.35969754 -3.35989500 -3.36007795 -3.36023286
-3.36010870 -3.36022281 -3.36031183 -3.36038232 -3.36042537 -3.36045504 -3.36048038 -3.36048570 -3.36051081 -3.36053722 -3.36056039 -3.36057514 -3.36054784 -3.36048724 -3.36035667 -3.36017354 -3.35995186 -3.35970081 -3.35945291 -3.35921999 -3.35901935 -3.35887715 -3.35878836 -3.35875938 -3.35879787 -3.35890883 -3.35905823 -3.35924735 -3.35945012 -3.35964720 -3.35981893 -3.35997225
-3.35973189 -3.35984421 -3.35995713 -3.36003841 -3.36008636 -3.36012681 -3.36015238 -3.36017457 -3.36020057 -3.36022330 -3.36024267 -3.36025929 -3.36023132 -3.36017328 -3.36006145 -3.35988619 -3.35967751 -3.35944171 -3.35920291 -3.35897097 -3.35877259 -3.35862296 -3.35852012 -3.35847638 -3.35850444 -3.35859700 -3.35873519 -3.35890545 -3.35910538 -3.35928854 -3.35945027 -3.35959197
-3.35921873 -3.35933767 -3.35944399 -3.35952895 -3.35959529 -3.35964409 -3.35967884 -3.35970124 -3.35972726 -3.35975660 -3.35978968 -3.35980431 -3.35979330 -3.35973903 -3.35963427 -3.35948134 -3.35928883 -3.35907148 -3.35883533 -3.35860729 -3.35842001 -3.35826726 -3.35815297 -3.35810311 -3.35811677 -3.35819159 -3.35831994 -3.35848010 -3.35865603 -3.35881427 -3.35896483 -3.35909714
-3.35859712 -3.35869833 -3.35879331 -3.35887238 -3.35893892 -3.35899934 -3.35904551 -3.35908004 -3.35911218 -3.35914923 -3.35918776 -3.35922575 -3.35922691 -3.35919335 -3.35910367 -3.35896485 -3.35879309 -3.35858855 -3.35837266 -3.35815363 -3.35796150 -3.35780357 -3.35768584 -3.35762943 -3.35763573 -3.35771213 -3.35782176 -3.35795941 -3.35810582 -3.35824511 -3.35837642 -3.35848397
-3.35784361 -3.35792036 -3.35799849 -3.35807488 -3.35812283 -3.35818438 -3.35822867 -3.35827717 -3.35833447 -3.35838488 -3.35845128 -3.35850310 -3.35852657 -3.35851527 -3.35845606 -3.35833950 -3.35818446 -3.35799654 -3.35780009 -3.35759386 -3.35740173 -3.35725356 -3.35713706 -3.35707075 -3.35708315 -3.35713348 -3.35723115 -3.35734773 -3.35747067 -3.35758595 -3.35767775 -3.35775938
-3.35699129 -3.35703700 -3.35708636 -3.35713018 -3.35716885 -3.35721727 -3.35725701 -3.35731707 -3.35739279 -3.35747185 -3.35756424 -3.35765099 -3.35771814 -3.35772541 -3.35769588 -3.35760424 -3.35747546 -3.35730782 -3.35712459 -3.35693077 -3.35675616 -3.35661062 -3.35650488 -3.35644401 -3.35644071 -3.35648798 -3.35656410 -3.35666636 -3.35675834 -3.35684054 -3.35689794 -3.35694771
-3.35607353 -3.35606916 -3.35607698 -3.35609045 -3.35610117 -3.35612767 -3.35617769 -3.35624442 -3.35633369 -3.35644960 -3.35657309 -3.35669604 -3.35679712 -3.35684923 -3.35685162 -3.35679330 -3.35669738 -3.35655595 -3.35637868 -3.35620885 -3.35604649 -3.35591583 -3.35581396 -3.35575417 -3.35576032 -3.35579140 -3.35585808 -3.35593115 -3.35599320 -3.35604539 -3.35607229 -3.35607504
-3.35513167 -3.35508332 -3.35502959 -3.35499542 -3.35498589 -3.35499853 -3.35503689 -3.35511972 -3.35523558 -3.35539036 -3.35555045 -3.35570736 -3.35583663 -3.35593565 -3.35597335 -3.35595110 -3.35588426 -3.35576061 -3.35560696 -3.35545936 -3.35531791 -3.35519758 -3.35510554 -3.35505963 -3.35506591 -3.35509192 -3.35514455 -3.35519744 -3.35523927 -3.35525003 -3.35523213 -3.35519376
-3.35425085 -3.35413825 -3.35404827 -3.35397293 -3.35392583 -3.35392098 -3.35395962 -3.35404424 -3.35418307 -3.35436642 -3.35456790 -3.35476750 -3.35494115 -3.35507394 -3.35514369 -3.35515038 -3.35510299 -3.35501054 -3.35487896 -3.35474944 -3.35461872 -3.35451748 -3.35444527 -3.35440939 -3.35441689 -3.35444405 -3.35449190 -3.35452418 -3.35452710 -3.35450193 -3.35444453 -3.35435896
-3.35348743 -3.35333777 -3.35320622 -3.35310068 -3.35303008 -3.35301795 -3.35305847 -3.35314702 -3.35330436 -3.35350918 -3.35373230 -3.35397149 -3.35417778 -3.35434319 -3.35443940 -3.35447344 -3.35444530 -3.35436979 -3.35425896 -3.35413258 -3.35402361 -3.35393615 -3.35388062 -3.35386730 -3.35388200 -3.35391267 -3.35395299 -3.35395714 -3.35393398 -3.35387046 -3.35376320 -3.35363998
-3.35295896 -3.35277766 -3.35262237 -3.35249791 -3.35241085 -3.35239113 -3.35243233 -3.35253440 -3.35269899 -3.35291546 -3.35316691 -3.35340800 -3.35362949 -3.35381959 -3.35393346 -3.35398331 -3.35396692 -3.35390708 -3.35380390 -3.35369240 -3.35359428 -3.35352443 -3.35349338 -3.35349682 -3.35352307 -3.35355358 -3.35358294 -3.35358013 -3.35353308 -3.35342475 -3.35329799 -3.35313796
-3.35271508 -3.35253659 -3.35237076 -3.35224448 -3.35215105 -3.35212772 -3.35217282 -3.35228050 -3.35245331 -3.35266659 -3.35290744 -3.35315612 -3.35339110 -3.35356979 -3.35369845 -3.35374495 -3.35373984 -3.35366791 -3.35357524 -3.35347804 -3.35339670 -3.35334235 -3.35332123 -3.35334340 -3.35338937 -3.35342875 -3.35344849 -3.35343158 -3.35335927 -3.35324226 -3.35308753 -3.35290980
-3.35281708 -3.35263752 -3.35247442 -3.35236340 -3.35228664 -3.35226420 -3.35231410 -3.35241928 -3.35257910 -3.35277502 -3.35299526 -3.35322394 -3.35343841 -3.35360802 -3.35372853 -3.35377292 -3.35377071 -3.35370154 -3.35361264 -3.35351842 -3.35344684 -3.35341277 -3.35341948 -3.35346018 -3.35351296 -3.35355913 -3.35356675 -3.35354153 -3.35345978 -3.35334304 -3.35318193 -3.35299812
-3.35323906 -3.35308037 -3.35294289 -3.35284877 -3.35279066 -3.35277626 -3.35282051 -3.35291217 -3.35304625 -3.35321925 -3.35340708 -3.35359911 -3.35378219 -3.35392054 -3.35402966 -3.35406797 -3.35404409 -3.35398019 -3.35388672 -3.35379769 -3.35374427 -3.35373055 -3.35375407 -3.35381562 -3.35389155 -3.35394516 -3.35395415 -3.35391662 -3.35384487 -3.35372450 -3.35356734 -3.35340755
-3.35393350 -3.35381343 -3.35370479 -3.35362766 -3.35359113 -3.35358058 -3.35360995 -3.35368126 -3.35377737 -3.35391887 -3.35405613 -3.35421132 -3.35435802 -3.35446436 -3.35453460 -3.35454905 -3.35451750 -3.35445688 -3.35436886 -3.35428479 -3.35424815 -3.35425904 -3.35430729 -3.35438824 -3.35448100 -3.35455012 -3.35456880 -3.35452791 -3.35445503 -3.35434940 -3.35421847 -3.35407769
-3.35483502 -3.35474746 -3.35466491 -3.35459920 -3.35457232 -3.35456123 -3.35456982 -3.35461881 -3.35467858 -3.35476643 -3.35486379 -3.35497464 -3.35506883 -3.35513893 -3.35517321 -3.35516761 -3.35513512 -3.35506423 -3.35498469 -3.35491488 -3.35489666 -3.35493057 -3.35500481 -3.35511972 -3.35521641 -3.35529729 -3.35533173 -3.35530854 -3.35525016 -3.35515810 -3.35504966 -3.35494325
-3.35583953 -3.35576642 -3.35569564 -3.35565456 -3.35561310 -3.35559151 -3.35558213 -3.35560142 -3.35562710 -3.35567463 -3.35572566 -3.35578277 -3.35582234 -3.35584978 -3.35586239 -3.35584340 -3.35580011 -3.35573053 -3.35566162 -3.35561841 -3.35562833 -3.35568426 -3.35578926 -3.35591286 -3.35603419 -3.35613890 -3.35618055 -3.35619084 -3.35615116 -3.35607346 -3.35599494 -3.35591548
-3.35685190 -3.35679730 -3.35673209 -3.35666781 -3.35661727 -3.35656773 -3.35653776 -3.35652338 -3.35651881 -3.35652631 -3.35653746 -3.35654463 -3.35654490 -3.35654711 -3.35652649 -3.35649113 -3.35643833 -3.35638002 -3.35634566 -3.35632883 -3.35635716 -3.35644320 -3.35656758 -3.35670906 -3.35685761 -3.35697702 -3.35705333 -3.35706729 -3.35705229 -3.35701931 -3.35696908 -3.35690254
-3.35780004 -3.35773668 -3.35766414 -3.35758321 -3.35750768 -3.35742811 -3.35736730 -3.35731870 -3.35728203 -3.35726071 -3.35723590 -3.35720745 -3.35718053 -3.35715765 -3.35712072 -3.35707098 -3.35702628 -3.35698616 -3.35696229 -3.35697488 -3.35703301 -3.35714275 -3.35728648 -3.35745822 -3.35762370 -3.35776162 -3.35785770 -3.35791093 -3.35792886 -3.35791287 -3.35788376 -3.35784625
-3.35861559 -3.35854361 -3.35845119 -3.35834289 -3.35822899 -3.35812662 -3.35803106 -3.35795606 -3.35789226 -3.35785035 -3.35778971 -3.35774961 -3.35770687 -3.35765884 -3.35761378 -3.35756630 -3.35752384 -3.35751294 -3.35750505 -3.35754039 -3.35762288 -3.35774377 -3.35790993 -3.35809718 -3.35827707 -3.35844245 -3.35856607 -3.35865114 -3.35869799 -3.35870791 -3.35870112 -3.35866458
-3.35928177 -3.35918563 -3.35905836 -3.35892413 -3.35878375 -3.35865042 -3.35854107 -3.35843944 -3.35836515 -3.35830237 -3.35824004 -3.35818202 -3.35812583 -3.35808140 -3.35801857 -3.35797439 -3.35794976 -3.35793143 -3.35796491 -3.35801169 -3.35810733 -3.35824963 -3.35841604 -3.35861688 -3.35881081 -3.35899938 -3.35915206 -3.35926391 -3.35933742 -3.35936596 -3.35936849 -3.35933619
-3.35978698 -3.35966373 -3.35951531 -3.35935116 -3.35918923 -3.35903563 -3.35891340 -3.35880066 -3.35872698 -3.35865858 -3.35859524 -3.35853561 -3.35848332 -3.35842528 -3.35836987 -3.35832684 -3.35830724 -3.35829508 -3.35832346 -3.35837961 -3.35848330 -3.35863239 -3.35880773 -3.35900555 -3.35922284 -3.35942171 -3.35959941 -3.35973012 -3.35982891 -3.35987330 -3.35988785 -3.35986035
-3.36013517 -3.36000423 -3.35983644 -3.35965621 -3.35947269 -3.35931902 -3.35920393 -3.35909512 -3.35901696 -3.35895066 -3.35889218 -3.35884258 -3.35879592 -3.35873700 -3.35868466 -3.35863635 -3.35861143 -3.35860086 -3.35860995 -3.35866407 -3.35875720 -3.35889828 -3.35907478 -3.35927183 -3.35949249 -3.35970097 -3.35989134 -3.36005104 -3.36017349 -3.36022969 -3.36024377 -3.36021967
-3.36034438 -3.36021332 -3.36005609 -3.35987789 -3.35970026 -3.35955400 -3.35943131 -3.35934119 -3.35927071 -3.35922602 -3.35918896 -3.35914584 -3.35910778 -3.35905234 -3.35899120 -3.35894038 -3.35888993 -3.35886217 -3.35885506 -3.35888227 -3.35895379 -3.35906289 -3.35923078 -3.35941664 -3.35964126 -3.35985938 -3.36006264 -3.36023402 -3.36036564 -3.36044938 -3.36046582 -3.36043206
-3.36047531 -3.36035624 -3.36020613 -3.36004897 -3.35989467 -3.35976262 -3.35966248 -3.35957712 -3.35953030 -3.35950087 -3.35948092 -3.35945620 -3.35943303 -3.35938142 -3.35931501 -3.35923509 -3.35916607 -3.35909920 -3.35906012 -3.35904928 -3.35908644 -3.35916995 -3.35930552 -3.35948636 -3.35970757 -3.35992219 -3.36013071 -3.36030372 -3.36044316 -3.36054111 -3.36056681 -3.36054444
-3.36053415 -3.36044806 -3.36032877 -3.36019786 -3.36007565 -3.35996028 -3.35988541 -3.35982977 -3.35980066 -3.35979508 -3.35979231 -3.35978408 -3.35976025 -3.35971656 -3.35964798 -3.35954601 -3.35942826 -3.35932864 -3.35923415 -3.35918160 -3.35917766 -3.35922249 -3.35932549 -3.35949212 -3.35968357 -3.35988722 -3.36009843 -3.36028822 -3.36043975 -3.36054239 -3.36059355 -3.36059396
