32 32 0 1
-3.35857414 -3.35863360 -3.35867775 -3.35872707 -3.35877755 -3.35883932 -3.35890597 -3.35899799 -3.35909792 -3.35919416 -3.35926840 -3.35930769 -3.35928527 -3.35920225 -3.35906777 -3.35886624 -3.35863295 -3.35839916 -3.35817619 -3.35799599 -3.35786955 -3.35779989 -3.35778013 -3.35780668 -3.35786987 -3.35795867 -3.35805613 -3.35814163 -3.35823602 -3.35833047 -3.35841494 -3.35850161
-3.35856134 -3.35866180 -3.35876563 -3.35884919 -3.35893536 -3.35902051 -3.35911027 -3.35923039 -3.35933974 -3.35945953 -3.35954092 -3.35958927 -3.35958254 -3.35949290 -3.35933725 -3.35911238 -3.35883753 -3.35854748 -3.35826549 -3.35803054 -3.35786510 -3.35774257 -3.35768633 -3.35767390 -3.35771598 -3.35778165 -3.35787319 -3.35797478 -3.35808151 -3.35820389 -3.35831846 -3.35844198
-3.35858691 -3.35873680 -3.35887056 -3.35900394 -3.35912127 -3.35922509 -3.35933694 -3.35945171 -3.35957684 -3.35970253 -3.35979827 -3.35984528 -3.35983627 -3.35974334 -3.35958009 -3.35932165 -3.35902430 -3.35870146 -3.35838281 -3.35810273 -3.35787687 -3.35771920 -3.35761989 -3.35758454 -3.35758595 -3.35764695 -3.35772699 -3.35785134 -3.35797084 -3.35812100 -3.35826575 -3.35842831
-3.35863774 -3.35881348 -3.35898709 -3.35915248 -3.35929307 -3.35941504 -3.35953933 -3.35967000 -3.35978878 -3.35990904 -3.36000746 -3.36005344 -3.36003637 -3.35993699 -3.35975578 -3.35949382 -3.35918070 -3.35882457 -3.35848552 -3.35816948 -3.35790801 -3.35770927 -3.35758233 -3.35752310 -3.35750899 -3.35755672 -3.35764208 -3.35775810 -3.35791113 -3.35807574 -3.35825505 -3.35845048
-3.35867646 -3.35887971 -3.35907560 -3.35925747 -3.35942500 -3.35957413 -3.35970050 -3.35982847 -3.35994389 -3.36006504 -3.36014012 -3.36018465 -3.36016547 -3.36006021 -3.35987459 -3.35961118 -3.35928623 -3.35892393 -3.35856724 -3.35823311 -3.35794802 -3.35772954 -3.35757164 -3.35748314 -3.35746425 -3.35749393 -3.35758078 -3.35770927 -3.35787044 -3.35805107 -3.35824842 -3.35846138
-3.35868536 -3.35890893 -3.35911784 -3.35932892 -3.35951581 -3.35966318 -3.35980004 -3.35992064 -3.36003769 -3.36014036 -3.36021602 -3.36024216 -3.36021820 -3.36012413 -3.35992726 -3.35967342 -3.35934977 -3.35898964 -3.35862777 -3.35828024 -3.35798232 -3.35775189 -3.35757374 -3.35747233 -3.35743740 -3.35745967 -3.35754791 -3.35767283 -3.35783496 -3.35802745 -3.35824467 -3.35846196
-3.35864810 -3.35887545 -3.35910788 -3.35932825 -3.35951981 -3.35969171 -3.35984312 -3.35995919 -3.36007690 -3.36017072 -3.36022796 -3.36025579 -3.36021531 -3.36012070 -3.35993279 -3.35967690 -3.35935930 -3.35900251 -3.35864344 -3.35830042 -3.35799958 -3.35775802 -3.35757619 -3.35745552 -3.35740574 -3.35743208 -3.35750935 -3.35763936 -3.35780032 -3.35798907 -3.35819271 -3.35841199
-3.35852664 -3.35877266 -3.35902699 -3.35925994 -3.35945744 -3.35964891 -3.35981215 -3.35994207 -3.36005356 -3.36013470 -3.36018943 -3.36020528 -3.36015642 -3.36005780 -3.35988522 -3.35962675 -3.35931957 -3.35898014 -3.35863889 -3.35829629 -3.35800186 -3.35775824 -3.35756829 -3.35743642 -3.35738361 -3.35739715 -3.35746845 -3.35758509 -3.35774709 -3.35791403 -3.35810002 -3.35829847
-3.35836596 -3.35861160 -3.35887574 -3.35912338 -3.35935195 -3.35955586 -3.35973072 -3.35987177 -3.35998039 -3.36005751 -3.36010941 -3.36011819 -3.36007083 -3.35996015 -3.35977798 -3.35953538 -3.35924435 -3.35893054 -3.35859500 -3.35826997 -3.35798693 -3.35774851 -3.35755054 -3.35743163 -3.35736354 -3.35736147 -3.35742172 -3.35752137 -3.35765017 -3.35779287 -3.35796327 -3.35814603
-3.35817642 -3.35841951 -3.35867933 -3.35894279 -3.35918699 -3.35941325 -3.35960297 -3.35975316 -3.35987044 -3.35994764 -3.35999121 -3.36000245 -3.35995050 -3.35983213 -3.35965280 -3.35941202 -3.35914379 -3.35884200 -3.35853341 -3.35823250 -3.35795185 -3.35771930 -3.35753126 -3.35740975 -3.35733739 -3.35732804 -3.35736460 -3.35743364 -3.35752988 -3.35765023 -3.35779115 -3.35796724
-3.35794801 -3.35818886 -3.35845629 -3.35873647 -3.35898817 -3.35922882 -3.35941905 -3.35958221 -3.35971572 -3.35979578 -3.35984803 -3.35984832 -3.35979032 -3.35967399 -3.35949893 -3.35926050 -3.35901257 -3.35872676 -3.35844502 -3.35817130 -3.35791031 -3.35769315 -3.35751658 -3.35739065 -3.35732029 -3.35728436 -3.35729395 -3.35733101 -3.35739694 -3.35748245 -3.35759607 -3.35775225
-3.35772350 -3.35796089 -3.35823083 -3.35850480 -3.35877570 -3.35901518 -3.35921221 -3.35938367 -3.35951204 -3.35960541 -3.35965945 -3.35966196 -3.35960639 -3.35948287 -3.35930822 -3.35908272 -3.35884213 -3.35858148 -3.35832240 -3.35807326 -3.35783990 -3.35764464 -3.35748920 -3.35736512 -3.35728164 -3.35723610 -3.35721816 -3.35722391 -3.35724839 -3.35730205 -3.35739078 -3.35752844
-3.35750505 -3.35773417 -3.35800994 -3.35828506 -3.35855052 -3.35878111 -3.35898335 -3.35915166 -3.35928189 -3.35937889 -3.35943131 -3.35942916 -3.35937448 -3.35925561 -3.35907949 -3.35886647 -3.35864134 -3.35840616 -3.35816553 -3.35794481 -3.35774627 -3.35758015 -3.35744074 -3.35732610 -3.35724281 -3.35717850 -3.35713816 -3.35710480 -3.35709762 -3.35712659 -3.35719687 -3.35732123
-3.35730848 -3.35754131 -3.35780168 -3.35806818 -3.35833169 -3.35855965 -3.35874060 -3.35890235 -3.35903715 -3.35913438 -3.35918306 -3.35916881 -3.35909987 -3.35898401 -3.35880994 -3.35860763 -3.35839475 -3.35817609 -3.35796985 -3.35778172 -3.35761696 -3.35747983 -3.35735731 -3.35726519 -3.35719571 -3.35711522 -3.35705165 -3.35699965 -3.35696866 -3.35697651 -3.35702417 -3.35714380
-3.35715914 -3.35737406 -3.35763942 -3.35789886 -3.35813971 -3.35835568 -3.35853167 -3.35866751 -3.35878747 -3.35887094 -3.35891224 -3.35889653 -3.35882629 -3.35869642 -3.35852530 -3.35832675 -3.35811743 -3.35792817 -3.35773752 -3.35758611 -3.35745269 -3.35734861 -3.35726296 -3.35718850 -3.35712053 -3.35705080 -3.35698657 -3.35692122 -3.35686150 -3.35684257 -3.35688726 -3.35699420
-3.35705647 -3.35727379 -3.35752890 -3.35777882 -3.35800698 -3.35820832 -3.35836485 -3.35847730 -3.35857209 -3.35863493 -3.35865315 -3.35863006 -3.35854891 -3.35841413 -3.35824432 -3.35804512 -3.35784542 -3.35766542 -3.35750188 -3.35736475 -3.35726179 -3.35719018 -3.35713676 -3.35709466 -3.35705501 -3.35700107 -3.35694038 -3.35685466 -3.35678554 -3.35675558 -3.35678198 -3.35689179
-3.35703576 -3.35725046 -3.35750455 -3.35774223 -3.35795337 -3.35812918 -3.35826295 -3.35835910 -3.35841748 -3.35844680 -3.35844780 -3.35839341 -3.35829372 -3.35815935 -3.35798304 -3.35778824 -3.35759103 -3.35742077 -3.35726869 -3.35714925 -3.35707271 -3.35703294 -3.35702176 -3.35701914 -3.35700811 -3.35696773 -3.35691726 -3.35684168 -3.35677736 -3.35673169 -3.35676279 -3.35686775
-3.35709193 -3.35732132 -3.35756889 -3.35779424 -3.35798790 -3.35814031 -3.35824178 -3.35830650 -3.35833694 -3.35833252 -3.35829509 -3.35822329 -3.35811000 -3.35795554 -3.35778078 -3.35757801 -3.35739101 -3.35721095 -3.35707697 -3.35697738 -3.35692837 -3.35692093 -3.35694039 -3.35697519 -3.35699705 -3.35698822 -3.35695293 -3.35689159 -3.35682152 -3.35679202 -3.35682217 -3.35692400
-3.35725303 -3.35747646 -3.35770975 -3.35792534 -3.35810501 -3.35823079 -3.35830762 -3.35834092 -3.35833486 -3.35829100 -3.35821693 -3.35810699 -3.35797090 -3.35781225 -3.35763363 -3.35743619 -3.35725826 -3.35708958 -3.35696019 -3.35687999 -3.35685162 -3.35686985 -3.35692600 -3.35699402 -3.35704704 -3.35706515 -3.35704775 -3.35699893 -3.35694206 -3.35692924 -3.35696557 -3.35707774
-3.35748111 -3.35769850 -3.35791905 -3.35812188 -3.35828874 -3.35838722 -3.35843608 -3.35843244 -3.35838211 -3.35831118 -3.35820363 -3.35806742 -3.35791237 -3.35773693 -3.35756563 -3.35737664 -3.35719734 -3.35704646 -3.35692480 -3.35685371 -3.35685391 -3.35689905 -3.35698265 -3.35707983 -3.35716791 -3.35721618 -3.35721384 -3.35717655 -3.35715259 -3.35714782 -3.35718758 -3.35731086
-3.35775854 -3.35796758 -3.35817411 -3.35835947 -3.35850324 -3.35857718 -3.35858986 -3.35855400 -3.35846708 -3.35836872 -3.35822362 -3.35807129 -3.35791397 -3.35773140 -3.35755658 -3.35737603 -3.35721116 -3.35708102 -3.35697833 -3.35692519 -3.35693673 -3.35700441 -3.35711931 -3.35724019 -3.35735297 -3.35742826 -3.35745100 -3.35742938 -3.35740557 -3.35741812 -3.35747245 -3.35759297
-3.35805919 -3.35825288 -3.35843305 -3.35858686 -3.35870614 -3.35875414 -3.35873886 -3.35867870 -3.35857004 -3.35843419 -3.35828115 -3.35811478 -3.35794828 -3.35777421 -3.35760161 -3.35743181 -3.35729170 -3.35717544 -3.35709027 -3.35705162 -3.35708403 -3.35717884 -3.35731241 -3.35746612 -3.35758178 -3.35766983 -3.35771613 -3.35771639 -3.35770502 -3.35772186 -3.35778286 -3.35789600
-3.35834436 -3.35850579 -3.35866135 -3.35879477 -3.35886812 -3.35888905 -3.35885626 -3.35877632 -3.35865540 -3.35850871 -3.35834173 -3.35816868 -3.35799797 -3.35782757 -3.35767406 -3.35752849 -3.35740406 -3.35729792 -3.35724015 -3.35722839 -3.35728060 -3.35739294 -3.35754617 -3.35769992 -3.35783446 -3.35794301 -3.35799655 -3.35801889 -3.35802217 -3.35803177 -3.35808708 -3.35819842
-3.35860292 -3.35873471 -3.35884944 -3.35893410 -3.35897813 -3.35896224 -3.35890884 -3.35882336 -3.35869863 -3.35855379 -3.35838462 -3.35821593 -3.35804623 -3.35789457 -3.35775095 -3.35762443 -3.35751148 -3.35743812 -3.35740232 -3.35741502 -3.35748657 -3.35761453 -3.35776644 -3.35793270 -3.35808361 -3.35819493 -3.35826702 -3.35828737 -3.35830083 -3.35832800 -3.35838499 -3.35847333
-3.35880640 -3.35889707 -3.35896913 -3.35900717 -3.35902026 -3.35898245 -3.35891249 -3.35881836 -3.35869798 -3.35855918 -3.35840495 -3.35824401 -3.35808740 -3.35795094 -3.35782286 -3.35771044 -3.35762662 -3.35756772 -3.35754841 -3.35757878 -3.35767195 -3.35780789 -3.35796590 -3.35813972 -3.35829572 -3.35841958 -3.35849101 -3.35852969 -3.35855571 -3.35858079 -3.35863338 -3.35871435
-3.35893258 -3.35899022 -3.35901584 -3.35901340 -3.35899382 -3.35893827 -3.35885526 -3.35875537 -3.35864802 -3.35853601 -3.35838875 -3.35825255 -3.35812150 -3.35799066 -3.35788006 -3.35779194 -3.35771254 -3.35768980 -3.35767686 -3.35772319 -3.35781668 -3.35795030 -3.35811686 -3.35828942 -3.35845143 -3.35858117 -3.35866113 -3.35871272 -3.35874690 -3.35877524 -3.35882340 -3.35888053
-3.35899965 -3.35901051 -3.35899781 -3.35896700 -3.35891453 -3.35884120 -3.35876888 -3.35867511 -3.35858338 -3.35848849 -3.35837957 -3.35826874 -3.35815126 -3.35805051 -3.35794220 -3.35785285 -3.35779691 -3.35776384 -3.35778431 -3.35782404 -3.35791746 -3.35804981 -3.35821131 -3.35838340 -3.35853536 -3.35867436 -3.35876750 -3.35882305 -3.35886349 -3.35889670 -3.35892823 -3.35896227
-3.35899613 -3.35897557 -3.35893536 -3.35888347 -3.35881537 -3.35873673 -3.35866867 -3.35859418 -3.35853091 -3.35846508 -3.35839179 -3.35830770 -3.35822203 -3.35812506 -3.35802980 -3.35794018 -3.35788568 -3.35784839 -3.35784982 -3.35788735 -3.35797249 -3.35810264 -3.35824561 -3.35840433 -3.35856147 -3.35868924 -3.35879140 -3.35885807 -3.35890624 -3.35893646 -3.35895581 -3.35898401
-3.35893539 -3.35890728 -3.35884657 -3.35878417 -3.35870758 -3.35864544 -3.35859813 -3.35855395 -3.35852305 -3.35849238 -3.35844820 -3.35839314 -3.35833067 -3.35823646 -3.35815073 -3.35805336 -3.35798294 -3.35793298 -3.35790813 -3.35792470 -3.35798960 -3.35809436 -3.35822151 -3.35836127 -3.35850931 -3.35863984 -3.35873751 -3.35881369 -3.35887477 -3.35890459 -3.35892507 -3.35894004
-3.35882895 -3.35879877 -3.35875442 -3.35869540 -3.35863818 -3.35859531 -3.35856691 -3.35856071 -3.35856164 -3.35856784 -3.35856495 -3.35853877 -3.35849560 -3.35841435 -3.35830671 -3.35820642 -3.35810587 -3.35802578 -3.35796228 -3.35794764 -3.35797054 -3.35804259 -3.35814849 -3.35826334 -3.35840217 -3.35852153 -3.35862305 -3.35869993 -3.35876266 -3.35881100 -3.35882500 -3.35883386
-3.35871829 -3.35870761 -3.35867957 -3.35864595 -3.35861869 -3.35860831 -3.35861904 -3.35863842 -3.35868059 -3.35872097 -3.35874560 -3.35874543 -3.35872165 -3.35864603 -3.35852884 -3.35838890 -3.35826099 -3.35813113 -3.35802620 -3.35796006 -3.35793991 -3.35796520 -3.35803248 -3.35812555 -3.35825203 -3.35835542 -3.35845715 -3.35853142 -3.35859798 -3.35865755 -3.35868809 -3.35870805
-3.35862328 -3.35864637 -3.35865522 -3.35865824 -3.35867039 -3.35868555 -3.35872950 -3.35878971 -3.35885777 -3.35893571 -3.35898531 -3.35901054 -3.35898512 -3.35891260 -3.35879221 -3.35862389 -3.35843281 -3.35826074 -3.35809596 -3.35797263 -3.35790309 -3.35787812 -3.35790332 -3.35797374 -3.35806061 -3.35815352 -3.35824920 -3.35833733 -3.35841691 -3.35848406 -3.35854395 -3.35859558
