32 32 0 1
-3.36061385 -3.36060136 -3.36055600 -3.36049763 -3.36042826 -3.36035874 -3.36029614 -3.36026760 -3.36026538 -3.36028279 -3.36031042 -3.36033700 -3.36032635 -3.36028597 -3.36021381 -3.36007931 -3.35992161 -3.35975540 -3.35960135 -3.35948447 -3.35941984 -3.35941522 -3.35946933 -3.35957237 -3.35971482 -3.35988510 -3.36005447 -3.36020282 -3.36034320 -3.36045466 -3.36053697 -3.36059502
-3.36062494 -3.36065300 -3.36066693 -3.36064676 -3.36060750 -3.36055457 -3.36051134 -3.36050626 -3.36050714 -3.36054409 -3.36057950 -3.36061551 -3.36062042 -3.36057703 -3.36048514 -3.36033319 -3.36014387 -3.35993709 -3.35973380 -3.35956940 -3.35947127 -3.35941432 -3.35942971 -3.35948825 -3.35960874 -3.35974998 -3.35990928 -3.36006405 -3.36021285 -3.36034899 -3.36045527 -3.36055530
-3.36059307 -3.36067567 -3.36072529 -3.36075430 -3.36075350 -3.36072450 -3.36069822 -3.36068701 -3.36070216 -3.36074597 -3.36079062 -3.36082541 -3.36083065 -3.36078527 -3.36068582 -3.36051157 -3.36030601 -3.36007478 -3.35984214 -3.35964174 -3.35949209 -3.35939939 -3.35936506 -3.35939695 -3.35946083 -3.35958583 -3.35972523 -3.35989048 -3.36004546 -3.36020612 -3.36034144 -3.36047647
-3.36051543 -3.36063817 -3.36072925 -3.36079981 -3.36082712 -3.36082210 -3.36081800 -3.36082644 -3.36083507 -3.36087380 -3.36092392 -3.36095322 -3.36095388 -3.36089714 -3.36078367 -3.36060487 -3.36039262 -3.36013680 -3.35989561 -3.35966697 -3.35948331 -3.35935353 -3.35928281 -3.35927540 -3.35930938 -3.35940281 -3.35952873 -3.35967768 -3.35985155 -3.36001986 -3.36018957 -3.36036056
-3.36036275 -3.36052164 -3.36065044 -3.36074961 -3.36081043 -3.36084037 -3.36084371 -3.36086158 -3.36087744 -3.36091550 -3.36094680 -3.36097220 -3.36096605 -3.36089781 -3.36078060 -3.36060174 -3.36037778 -3.36012655 -3.35987495 -3.35963499 -3.35943196 -3.35927499 -3.35916568 -3.35911788 -3.35912733 -3.35918046 -3.35928586 -3.35943323 -3.35960655 -3.35979127 -3.35998185 -3.36018126
-3.36013076 -3.36031493 -3.36047617 -3.36061718 -3.36070849 -3.36074897 -3.36077501 -3.36078752 -3.36080974 -3.36083490 -3.36086348 -3.36086807 -3.36085478 -3.36079538 -3.36065904 -3.36048793 -3.36026394 -3.36001535 -3.35976269 -3.35951867 -3.35929990 -3.35912989 -3.35899852 -3.35891382 -3.35889441 -3.35892460 -3.35901134 -3.35914403 -3.35931101 -3.35950737 -3.35971599 -3.35992552
-3.35979055 -3.36000174 -3.36019219 -3.36035417 -3.36046120 -3.36054295 -3.36059174 -3.36061216 -3.36064231 -3.36066385 -3.36067241 -3.36067199 -3.36063286 -3.36056706 -3.36043314 -3.36025414 -3.36003440 -3.35979229 -3.35954267 -3.35930282 -3.35907916 -3.35889588 -3.35874546 -3.35863896 -3.35858915 -3.35860662 -3.35867675 -3.35880049 -3.35896006 -3.35915225 -3.35935504 -3.35956935
-3.35932529 -3.35955078 -3.35977874 -3.35996629 -3.36010209 -3.36021027 -3.36028339 -3.36032359 -3.36035199 -3.36036209 -3.36036466 -3.36034764 -3.36029137 -3.36020764 -3.36008672 -3.35990071 -3.35968303 -3.35944996 -3.35921654 -3.35897368 -3.35875239 -3.35856497 -3.35840373 -3.35827541 -3.35821807 -3.35822342 -3.35827122 -3.35837544 -3.35853625 -3.35870821 -3.35889426 -3.35909854
-3.35874816 -3.35899069 -3.35922997 -3.35944069 -3.35961786 -3.35975413 -3.35984397 -3.35989438 -3.35992414 -3.35993332 -3.35992531 -3.35989846 -3.35983313 -3.35973094 -3.35958988 -3.35940997 -3.35920016 -3.35897935 -3.35874761 -3.35851956 -3.35831413 -3.35813144 -3.35796107 -3.35784293 -3.35777095 -3.35775456 -3.35779524 -3.35788318 -3.35801273 -3.35815700 -3.35833067 -3.35852750
-3.35807103 -3.35830765 -3.35855488 -3.35878854 -3.35898114 -3.35914616 -3.35925720 -3.35932773 -3.35936084 -3.35936589 -3.35934854 -3.35931689 -3.35924354 -3.35913247 -3.35898158 -3.35879690 -3.35859297 -3.35837858 -3.35816568 -3.35794748 -3.35774603 -3.35756359 -3.35740778 -3.35729586 -3.35722277 -3.35720936 -3.35723481 -3.35730051 -3.35739578 -3.35752528 -3.35767265 -3.35785643
-3.35727298 -3.35750624 -3.35775648 -3.35800162 -3.35820317 -3.35837972 -3.35850469 -3.35858524 -3.35863635 -3.35864458 -3.35863427 -3.35859125 -3.35851520 -3.35839188 -3.35824032 -3.35805289 -3.35786290 -3.35764613 -3.35744529 -3.35724894 -3.35705670 -3.35689749 -3.35675793 -3.35665575 -3.35659489 -3.35656533 -3.35658546 -3.35662700 -3.35670175 -3.35679684 -3.35691625 -3.35707464
-3.35638784 -3.35660570 -3.35684620 -3.35708229 -3.35730005 -3.35747820 -3.35760547 -3.35770041 -3.35775496 -3.35777699 -3.35777402 -3.35773666 -3.35766870 -3.35754424 -3.35738992 -3.35719884 -3.35700942 -3.35680730 -3.35661298 -3.35642506 -3.35626162 -3.35611926 -3.35600970 -3.35592209 -3.35586705 -3.35584583 -3.35585146 -3.35587698 -3.35592120 -3.35598545 -3.35607455 -3.35620823
-3.35543472 -3.35562415 -3.35585128 -3.35607877 -3.35628292 -3.35645535 -3.35659358 -3.35669851 -3.35676432 -3.35680333 -3.35681203 -3.35677866 -3.35671799 -3.35661110 -3.35645602 -3.35627518 -3.35608993 -3.35589802 -3.35570229 -3.35553621 -3.35539201 -3.35528038 -3.35518989 -3.35512496 -3.35508950 -3.35506848 -3.35506594 -3.35506728 -3.35508198 -3.35512450 -3.35518563 -3.35528649
-3.35446084 -3.35462265 -3.35482000 -3.35502399 -3.35522547 -3.35539896 -3.35552566 -3.35564008 -3.35573185 -3.35579016 -3.35581708 -3.35579753 -3.35572998 -3.35564068 -3.35549857 -3.35532882 -3.35514589 -3.35495861 -3.35477577 -3.35462684 -3.35450300 -3.35441626 -3.35434576 -3.35430522 -3.35429376 -3.35427237 -3.35426290 -3.35424525 -3.35424235 -3.35425298 -3.35427711 -3.35435190
-3.35355291 -3.35367419 -3.35385131 -3.35403759 -3.35421430 -3.35438460 -3.35452062 -3.35463839 -3.35473897 -3.35481934 -3.35486469 -3.35487383 -3.35483367 -3.35474625 -3.35461310 -3.35445063 -3.35426617 -3.35409071 -3.35391473 -3.35377694 -3.35366884 -3.35360539 -3.35356253 -3.35353970 -3.35353788 -3.35352455 -3.35351514 -3.35348579 -3.35345095 -3.35342448 -3.35342555 -3.35346573
-3.35277130 -3.35287289 -3.35302862 -3.35319664 -3.35336547 -3.35353843 -3.35368018 -3.35380154 -3.35391793 -3.35401174 -3.35407003 -3.35410294 -3.35408369 -3.35400540 -3.35388997 -3.35373288 -3.35355246 -3.35337823 -3.35320952 -3.35306690 -3.35297392 -3.35291850 -3.35289903 -3.35290058 -3.35291451 -3.35291206 -3.35289704 -3.35283960 -3.35278299 -3.35272390 -3.35268999 -3.35271096
-3.35223067 -3.35231700 -3.35245883 -3.35261817 -3.35278617 -3.35295540 -3.35310574 -3.35324263 -3.35336464 -3.35346700 -3.35355012 -3.35358303 -3.35356590 -3.35350896 -3.35339962 -3.35324977 -3.35307121 -3.35290043 -3.35273087 -3.35259292 -3.35249984 -3.35245712 -3.35245701 -3.35247460 -3.35249784 -3.35249058 -3.35247083 -3.35240500 -3.35233216 -3.35223496 -3.35218706 -3.35218167
-3.35198314 -3.35207784 -3.35221976 -3.35238227 -3.35254978 -3.35271789 -3.35287289 -3.35302012 -3.35315678 -3.35325970 -3.35333530 -3.35337620 -3.35337065 -3.35330653 -3.35321299 -3.35306128 -3.35289249 -3.35270297 -3.35254289 -3.35240740 -3.35232616 -3.35229194 -3.35229173 -3.35231928 -3.35235120 -3.35235015 -3.35231596 -3.35224051 -3.35213797 -3.35203775 -3.35196792 -3.35194533
-3.35209568 -3.35219136 -3.35232420 -3.35249941 -3.35268290 -3.35285365 -3.35301901 -3.35317012 -3.35329840 -3.35339374 -3.35345502 -3.35348278 -3.35346894 -3.35341442 -3.35331680 -3.35317611 -3.35301438 -3.35283532 -3.35267450 -3.35254532 -3.35246545 -3.35243611 -3.35244896 -3.35248005 -3.35251321 -3.35251123 -3.35245900 -3.35236772 -3.35225476 -3.35215244 -3.35207244 -3.35205091
-3.35253846 -3.35263762 -3.35278459 -3.35296644 -3.35315780 -3.35333439 -3.35350059 -3.35364207 -3.35375123 -3.35383598 -3.35388090 -3.35388854 -3.35386270 -3.35379597 -3.35370867 -3.35357699 -3.35341436 -3.35325121 -3.35309249 -3.35296561 -3.35289858 -3.35287901 -3.35289527 -3.35293167 -3.35297046 -3.35296609 -3.35290416 -3.35279978 -3.35268767 -3.35258511 -3.35250266 -3.35249141
-3.35326502 -3.35337656 -3.35352937 -3.35371210 -3.35390533 -3.35407373 -3.35422493 -3.35435335 -3.35443997 -3.35450175 -3.35451184 -3.35450652 -3.35447117 -3.35439660 -3.35429747 -3.35416719 -3.35402549 -3.35388276 -3.35374115 -3.35362579 -3.35356931 -3.35356278 -3.35359181 -3.35363003 -3.35366935 -3.35367472 -3.35361176 -3.35349900 -3.35337811 -3.35328296 -3.35321207 -3.35320860
-3.35419254 -3.35431323 -3.35445849 -3.35462910 -3.35481667 -3.35496711 -3.35509710 -3.35520186 -3.35526171 -3.35528219 -3.35527966 -3.35525146 -3.35519446 -3.35511279 -3.35501049 -3.35488759 -3.35476862 -3.35464210 -3.35452331 -3.35442347 -3.35438679 -3.35439750 -3.35444086 -3.35450034 -3.35453083 -3.35453250 -3.35448559 -3.35438151 -3.35427548 -3.35417975 -3.35412498 -3.35412779
-3.35522955 -3.35533656 -3.35546831 -3.35562857 -3.35577155 -3.35589998 -3.35600245 -3.35607443 -3.35610936 -3.35610301 -3.35606882 -3.35601425 -3.35594298 -3.35584808 -3.35575368 -3.35565087 -3.35554893 -3.35543983 -3.35534700 -3.35528561 -3.35527050 -3.35529957 -3.35536730 -3.35542910 -3.35546927 -3.35548689 -3.35544912 -3.35537372 -3.35528260 -3.35519277 -3.35515235 -3.35516351
-3.35628723 -3.35637962 -3.35648433 -3.35659304 -3.35669697 -3.35677979 -3.35684648 -3.35688745 -3.35689066 -3.35686635 -3.35680457 -3.35673310 -3.35664357 -3.35655150 -3.35645832 -3.35637103 -3.35627897 -3.35620621 -3.35614978 -3.35612108 -3.35613476 -3.35618788 -3.35626450 -3.35634763 -3.35641109 -3.35644020 -3.35642825 -3.35636654 -3.35629633 -3.35624329 -3.35621526 -3.35622081
-3.35728858 -3.35734363 -3.35740839 -3.35746549 -3.35752488 -3.35755839 -3.35758159 -3.35758576 -3.35756075 -3.35751441 -3.35744093 -3.35735057 -3.35725741 -3.35716931 -3.35708472 -3.35700304 -3.35694184 -3.35688943 -3.35686578 -3.35686397 -3.35690720 -3.35698637 -3.35708401 -3.35719145 -3.35728382 -3.35733204 -3.35734296 -3.35731520 -3.35728146 -3.35724023 -3.35722819 -3.35724259
-3.35816436 -3.35819188 -3.35820689 -3.35820519 -3.35820973 -3.35819789 -3.35816985 -3.35813577 -3.35809343 -3.35803419 -3.35794712 -3.35786176 -3.35777088 -3.35768208 -3.35760743 -3.35754969 -3.35749636 -3.35748282 -3.35747690 -3.35750665 -3.35757115 -3.35766666 -3.35779110 -3.35791653 -3.35803019 -3.35811662 -3.35815536 -3.35816516 -3.35815829 -3.35814482 -3.35814441 -3.35815167
-3.35891244 -3.35889387 -3.35885228 -3.35880595 -3.35874999 -3.35868893 -3.35863614 -3.35856797 -3.35850890 -3.35844762 -3.35836219 -3.35827860 -3.35819730 -3.35812456 -3.35805085 -3.35799784 -3.35797033 -3.35795597 -3.35798784 -3.35802952 -3.35811375 -3.35822894 -3.35836531 -3.35850975 -3.35864224 -3.35876489 -3.35884092 -3.35887929 -3.35890503 -3.35891161 -3.35891713 -3.35891214
-3.35950527 -3.35944671 -3.35936742 -3.35927572 -3.35918240 -3.35907925 -3.35899602 -3.35891451 -3.35884656 -3.35878599 -3.35871467 -3.35864972 -3.35858417 -3.35851336 -3.35845071 -3.35840001 -3.35837864 -3.35836829 -3.35839008 -3.35844103 -3.35853593 -3.35866402 -3.35880857 -3.35896623 -3.35913116 -3.35926488 -3.35938124 -3.35945471 -3.35950509 -3.35952673 -3.35953581 -3.35953026
-3.35994401 -3.35986494 -3.35975918 -3.35963495 -3.35950173 -3.35938782 -3.35929645 -3.35921072 -3.35914479 -3.35908928 -3.35903615 -3.35898825 -3.35894497 -3.35887433 -3.35881847 -3.35876724 -3.35873926 -3.35871883 -3.35872455 -3.35877310 -3.35885529 -3.35898107 -3.35913390 -3.35929782 -3.35947454 -3.35963389 -3.35977045 -3.35987704 -3.35995566 -3.35998979 -3.36000007 -3.35999141
-3.36024388 -3.36015578 -3.36004585 -3.35991070 -3.35977618 -3.35965430 -3.35954882 -3.35946964 -3.35941442 -3.35937936 -3.35935189 -3.35931938 -3.35928492 -3.35923217 -3.35916817 -3.35911774 -3.35906489 -3.35902348 -3.35900542 -3.35902541 -3.35908291 -3.35918864 -3.35933832 -3.35949533 -3.35968616 -3.35986310 -3.36002095 -3.36014649 -3.36024061 -3.36030054 -3.36030819 -3.36029089
-3.36044174 -3.36036406 -3.36025712 -3.36013803 -3.36001403 -3.35989863 -3.35980790 -3.35973268 -3.35969302 -3.35967227 -3.35966537 -3.35965793 -3.35964535 -3.35959686 -3.35953114 -3.35944711 -3.35936856 -3.35929435 -3.35923868 -3.35922056 -3.35924590 -3.35931928 -3.35944640 -3.35960307 -3.35979578 -3.35997302 -3.36013952 -3.36027173 -3.36037360 -3.36045566 -3.36048191 -3.36047706
-3.36054957 -3.36050613 -3.36042793 -3.36032997 -3.36022845 -3.36012425 -3.36005169 -3.36000192 -3.35997795 -3.35998371 -3.35999295 -3.36000424 -3.35999148 -3.35995697 -3.35989008 -3.35978222 -3.35965543 -3.35954294 -3.35943562 -3.35937059 -3.35935801 -3.35938894 -3.35947823 -3.35962423 -3.35979005 -3.35996082 -3.36013144 -3.36028176 -3.36040629 -3.36049467 -3.36055357 -3.36057626
