32 32 0 1
-3.36036009 -3.36032577 -3.36026385 -3.36019342 -3.36011756 -3.36004697 -3.35998602 -3.35995745 -3.35995868 -3.35997985 -3.36002173 -3.36006986 -3.36009847 -3.36010938 -3.36009821 -3.36003994 -3.35995237 -3.35984960 -3.35973975 -3.35964397 -3.35957303 -3.35953996 -3.35955019 -3.35960104 -3.35968913 -3.35981347 -3.35994327 -3.36006315 -3.36017661 -3.36026816 -3.36033053 -3.36036433
-3.36034494 -3.36035111 -3.36035103 -3.36032514 -3.36029187 -3.36025767 -3.36023014 -3.36024445 -3.36026209 -3.36031357 -3.36036827 -3.36042581 -3.36046898 -3.36046726 -3.36042836 -3.36033581 -3.36020445 -3.36004830 -3.35987981 -3.35973284 -3.35962776 -3.35954376 -3.35951776 -3.35952773 -3.35959437 -3.35968735 -3.35980408 -3.35992514 -3.36004286 -3.36015294 -3.36023489 -3.36030395
-3.36031368 -3.36037635 -3.36041530 -3.36044699 -3.36046645 -3.36046444 -3.36047294 -3.36049938 -3.36054473 -3.36061740 -3.36068307 -3.36074215 -3.36077247 -3.36076115 -3.36069814 -3.36056752 -3.36040618 -3.36021167 -3.36000337 -3.35981188 -3.35965399 -3.35953637 -3.35946407 -3.35945193 -3.35946481 -3.35954245 -3.35963613 -3.35976321 -3.35988869 -3.36001522 -3.36012082 -3.36022741
-3.36025713 -3.36035898 -3.36044787 -3.36052919 -3.36058569 -3.36062187 -3.36066478 -3.36072480 -3.36077570 -3.36085020 -3.36092799 -3.36097926 -3.36099979 -3.36096161 -3.36087097 -3.36072281 -3.36053430 -3.36030634 -3.36007443 -3.35984426 -3.35965163 -3.35949648 -3.35938994 -3.35934304 -3.35933087 -3.35937929 -3.35946498 -3.35957109 -3.35971358 -3.35984543 -3.35998480 -3.36012808
-3.36013515 -3.36027899 -3.36040687 -3.36052516 -3.36062485 -3.36070727 -3.36077089 -3.36084921 -3.36092138 -3.36100442 -3.36106252 -3.36110443 -3.36111299 -3.36105698 -3.36094732 -3.36078269 -3.36056900 -3.36032649 -3.36007538 -3.35982743 -3.35960599 -3.35942576 -3.35928882 -3.35920215 -3.35917239 -3.35918689 -3.35925210 -3.35935894 -3.35949766 -3.35964851 -3.35980544 -3.35997636
-3.35994844 -3.36012150 -3.36028598 -3.36044604 -3.36057825 -3.36067823 -3.36077263 -3.36085634 -3.36094030 -3.36101697 -3.36107399 -3.36110169 -3.36109656 -3.36104019 -3.36090344 -3.36073240 -3.36050305 -3.36025300 -3.35999197 -3.35973373 -3.35950108 -3.35930665 -3.35914403 -3.35902635 -3.35897173 -3.35896044 -3.35901564 -3.35911394 -3.35924474 -3.35940700 -3.35958456 -3.35976883
-3.35966928 -3.35986863 -3.36006025 -3.36023882 -3.36039119 -3.36052828 -3.36065133 -3.36074242 -3.36083748 -3.36091373 -3.36095767 -3.36098124 -3.36095065 -3.36088301 -3.36074790 -3.36056059 -3.36033495 -3.36007857 -3.35982209 -3.35956767 -3.35932391 -3.35912288 -3.35894390 -3.35880908 -3.35872076 -3.35870507 -3.35874150 -3.35883133 -3.35895661 -3.35911519 -3.35928803 -3.35947201
-3.35927649 -3.35948359 -3.35970679 -3.35990724 -3.36007788 -3.36024095 -3.36038034 -3.36049367 -3.36059093 -3.36065819 -3.36069835 -3.36071173 -3.36066603 -3.36058694 -3.36045473 -3.36026822 -3.36004731 -3.35980334 -3.35955008 -3.35929372 -3.35906306 -3.35885242 -3.35866530 -3.35851676 -3.35842708 -3.35839453 -3.35840909 -3.35847502 -3.35860727 -3.35874695 -3.35890189 -3.35907213
-3.35877664 -3.35898898 -3.35921196 -3.35942673 -3.35962209 -3.35980323 -3.35995566 -3.36007774 -3.36017561 -3.36024303 -3.36029017 -3.36029425 -3.36025284 -3.36016219 -3.36002548 -3.35984463 -3.35963620 -3.35941102 -3.35916559 -3.35891977 -3.35869580 -3.35849484 -3.35830123 -3.35816025 -3.35805985 -3.35801212 -3.35801859 -3.35807743 -3.35817409 -3.35828473 -3.35842696 -3.35858867
-3.35819367 -3.35838826 -3.35860058 -3.35882014 -3.35901336 -3.35920773 -3.35936635 -3.35949289 -3.35959643 -3.35966392 -3.35970076 -3.35971860 -3.35968280 -3.35960605 -3.35947792 -3.35930261 -3.35910817 -3.35889199 -3.35867418 -3.35844559 -3.35822042 -3.35802262 -3.35784109 -3.35771271 -3.35761674 -3.35757300 -3.35757453 -3.35761067 -3.35767167 -3.35776264 -3.35787700 -3.35802094
-3.35751039 -3.35768644 -3.35788499 -3.35809011 -3.35827307 -3.35845434 -3.35859716 -3.35872235 -3.35883066 -3.35890533 -3.35895867 -3.35897651 -3.35896066 -3.35889435 -3.35878799 -3.35863066 -3.35845678 -3.35825838 -3.35805653 -3.35784868 -3.35764413 -3.35746587 -3.35730699 -3.35718225 -3.35711149 -3.35706397 -3.35705898 -3.35707489 -3.35711806 -3.35717646 -3.35725692 -3.35736788
-3.35677592 -3.35691327 -3.35707759 -3.35724661 -3.35741301 -3.35756123 -3.35768347 -3.35779956 -3.35789701 -3.35797879 -3.35804875 -3.35808987 -3.35810025 -3.35805659 -3.35797534 -3.35783800 -3.35768709 -3.35751266 -3.35733187 -3.35714538 -3.35697449 -3.35681929 -3.35668817 -3.35658851 -3.35653085 -3.35649445 -3.35648198 -3.35649014 -3.35650703 -3.35653789 -3.35658289 -3.35666054
-3.35599573 -3.35608807 -3.35621009 -3.35634403 -3.35646185 -3.35656857 -3.35667118 -3.35676643 -3.35685462 -3.35694628 -3.35702705 -3.35708826 -3.35712488 -3.35711653 -3.35705695 -3.35696337 -3.35683888 -3.35669257 -3.35653013 -3.35637687 -3.35623702 -3.35611813 -3.35601656 -3.35594682 -3.35591222 -3.35588966 -3.35588080 -3.35587171 -3.35586081 -3.35587238 -3.35588985 -3.35592269
-3.35522047 -3.35527075 -3.35533882 -3.35541205 -3.35549422 -3.35556517 -3.35562302 -3.35569356 -3.35578412 -3.35588137 -3.35597512 -3.35605504 -3.35610439 -3.35612591 -3.35610030 -3.35604231 -3.35595151 -3.35582941 -3.35570457 -3.35558149 -3.35547786 -3.35539270 -3.35533027 -3.35529760 -3.35529158 -3.35528358 -3.35527929 -3.35526082 -3.35524416 -3.35522322 -3.35520105 -3.35520055
-3.35452251 -3.35451864 -3.35454775 -3.35457633 -3.35460323 -3.35463389 -3.35466239 -3.35470903 -3.35478114 -3.35486952 -3.35497782 -3.35508113 -3.35516182 -3.35519945 -3.35520446 -3.35517220 -3.35510216 -3.35501815 -3.35492171 -3.35483567 -3.35476321 -3.35472185 -3.35470165 -3.35470047 -3.35471301 -3.35472578 -3.35473463 -3.35471242 -3.35467139 -3.35462121 -3.35457799 -3.35454014
-3.35394769 -3.35391794 -3.35390569 -3.35390030 -3.35389086 -3.35389552 -3.35390072 -3.35391894 -3.35397921 -3.35405885 -3.35416340 -3.35427692 -3.35437287 -3.35443372 -3.35445599 -3.35444213 -3.35439394 -3.35433542 -3.35426547 -3.35420207 -3.35416119 -3.35415079 -3.35416726 -3.35420472 -3.35424438 -3.35428042 -3.35429911 -3.35425926 -3.35420605 -3.35413503 -3.35405498 -3.35400023
-3.35358965 -3.35353712 -3.35350594 -3.35348081 -3.35345199 -3.35343482 -3.35342163 -3.35343353 -3.35347322 -3.35354213 -3.35364701 -3.35374379 -3.35382946 -3.35389991 -3.35392924 -3.35392692 -3.35389368 -3.35385475 -3.35380067 -3.35376468 -3.35374395 -3.35376153 -3.35381521 -3.35388141 -3.35394668 -3.35399085 -3.35401130 -3.35397505 -3.35391837 -3.35381464 -3.35372905 -3.35365058
-3.35348159 -3.35344157 -3.35341140 -3.35338289 -3.35334687 -3.35331998 -3.35330097 -3.35330252 -3.35333435 -3.35338357 -3.35345931 -3.35354212 -3.35362097 -3.35366759 -3.35369984 -3.35369189 -3.35366939 -3.35361720 -3.35358553 -3.35356944 -3.35357427 -3.35361560 -3.35368271 -3.35377118 -3.35385515 -3.35391147 -3.35393243 -3.35389687 -3.35382220 -3.35372695 -3.35363113 -3.35354294
-3.35366867 -3.35363958 -3.35361476 -3.35360355 -3.35359188 -3.35356479 -3.35354811 -3.35354492 -3.35355482 -3.35357585 -3.35361986 -3.35366542 -3.35371275 -3.35374594 -3.35375887 -3.35374787 -3.35372409 -3.35368217 -3.35365343 -3.35364346 -3.35366289 -3.35371911 -3.35380680 -3.35390806 -3.35399367 -3.35406023 -3.35406957 -3.35403550 -3.35396120 -3.35388034 -3.35378533 -3.35371382
-3.35411740 -3.35411092 -3.35411208 -3.35412596 -3.35413230 -3.35412011 -3.35410841 -3.35409335 -3.35407872 -3.35407744 -3.35408409 -3.35408941 -3.35410167 -3.35409934 -3.35410553 -3.35408104 -3.35403936 -3.35400315 -3.35397329 -3.35396121 -3.35399040 -3.35406226 -3.35415509 -3.35426345 -3.35436165 -3.35442487 -3.35443492 -3.35439620 -3.35433955 -3.35426951 -3.35418848 -3.35414335
-3.35478402 -3.35481041 -3.35484204 -3.35486944 -3.35489773 -3.35489378 -3.35488004 -3.35485581 -3.35481456 -3.35478903 -3.35474475 -3.35472126 -3.35470359 -3.35467181 -3.35464297 -3.35460086 -3.35455665 -3.35452302 -3.35449636 -3.35448733 -3.35452033 -3.35460038 -3.35469929 -3.35481028 -3.35491034 -3.35497699 -3.35499473 -3.35495882 -3.35490583 -3.35485834 -3.35480352 -3.35478412
-3.35559960 -3.35565193 -3.35569915 -3.35573182 -3.35577394 -3.35576929 -3.35574428 -3.35570887 -3.35564749 -3.35558466 -3.35551758 -3.35546314 -3.35540844 -3.35535347 -3.35529956 -3.35524786 -3.35520982 -3.35516868 -3.35514403 -3.35513634 -3.35518195 -3.35526644 -3.35537124 -3.35549040 -3.35558202 -3.35564452 -3.35567211 -3.35565620 -3.35562119 -3.35559073 -3.35556539 -3.35557015
-3.35647828 -3.35653502 -3.35658761 -3.35663593 -3.35664674 -3.35663947 -3.35660059 -3.35654638 -3.35646968 -3.35638440 -3.35628992 -3.35620629 -3.35612284 -3.35604572 -3.35599156 -3.35593802 -3.35589971 -3.35586357 -3.35584240 -3.35585558 -3.35590912 -3.35599466 -3.35610681 -3.35622090 -3.35631181 -3.35638988 -3.35642402 -3.35643626 -3.35641920 -3.35639982 -3.35640392 -3.35643262
-3.35734475 -3.35740199 -3.35744247 -3.35746039 -3.35745110 -3.35741323 -3.35736182 -3.35728359 -3.35718711 -3.35708631 -3.35697915 -3.35687373 -3.35677122 -3.35669649 -3.35663644 -3.35658991 -3.35655143 -3.35653151 -3.35653546 -3.35656835 -3.35662894 -3.35672517 -3.35683377 -3.35694754 -3.35705334 -3.35713390 -3.35718931 -3.35720165 -3.35721439 -3.35723190 -3.35725874 -3.35728973
-3.35814278 -3.35817404 -3.35819140 -3.35817409 -3.35813435 -3.35806291 -3.35797985 -3.35787314 -3.35776138 -3.35764706 -3.35753223 -3.35742082 -3.35732225 -3.35725366 -3.35719870 -3.35716330 -3.35714644 -3.35714483 -3.35716717 -3.35721126 -3.35728693 -3.35739100 -3.35750343 -3.35762445 -3.35774426 -3.35783527 -3.35790147 -3.35794069 -3.35798551 -3.35801179 -3.35805844 -3.35810328
-3.35882084 -3.35882694 -3.35880331 -3.35873945 -3.35865813 -3.35855665 -3.35843383 -3.35830582 -3.35818569 -3.35806837 -3.35794278 -3.35784404 -3.35776136 -3.35770030 -3.35766250 -3.35764854 -3.35764863 -3.35768708 -3.35771502 -3.35777780 -3.35786255 -3.35796922 -3.35808957 -3.35821566 -3.35833788 -3.35845319 -3.35853416 -3.35860543 -3.35866288 -3.35871211 -3.35876121 -3.35879974
-3.35937416 -3.35933791 -3.35925766 -3.35915991 -3.35903882 -3.35890094 -3.35876261 -3.35861885 -3.35848863 -3.35837734 -3.35825891 -3.35817412 -3.35810853 -3.35807683 -3.35804970 -3.35805151 -3.35808166 -3.35811286 -3.35818542 -3.35825662 -3.35834416 -3.35845493 -3.35857566 -3.35871036 -3.35883424 -3.35896709 -3.35907471 -3.35916058 -3.35923672 -3.35929170 -3.35933785 -3.35936408
-3.35978541 -3.35971103 -3.35960353 -3.35946472 -3.35930596 -3.35914735 -3.35899843 -3.35884707 -3.35871989 -3.35861215 -3.35852103 -3.35845679 -3.35841697 -3.35839787 -3.35839382 -3.35840947 -3.35845162 -3.35849688 -3.35856032 -3.35863482 -3.35872904 -3.35884459 -3.35896252 -3.35909145 -3.35923688 -3.35936333 -3.35949528 -3.35959734 -3.35968387 -3.35974722 -3.35978749 -3.35980411
-3.36005989 -3.35996788 -3.35983574 -3.35967336 -3.35949645 -3.35932696 -3.35918059 -3.35903649 -3.35892606 -3.35883604 -3.35876480 -3.35872860 -3.35870976 -3.35869916 -3.35871408 -3.35873402 -3.35877801 -3.35882689 -3.35887492 -3.35894363 -3.35902479 -3.35913039 -3.35924911 -3.35937090 -3.35951977 -3.35965556 -3.35978624 -3.35990317 -3.36000916 -3.36007030 -3.36010449 -3.36010805
-3.36021806 -3.36011938 -3.35998290 -3.35981945 -3.35964866 -3.35948672 -3.35934179 -3.35922170 -3.35912859 -3.35907007 -3.35903241 -3.35901249 -3.35901421 -3.35901882 -3.35902958 -3.35905744 -3.35908157 -3.35911160 -3.35914011 -3.35918430 -3.35923862 -3.35931422 -3.35942389 -3.35953544 -3.35968512 -3.35983124 -3.35997352 -3.36009515 -3.36019431 -3.36026741 -3.36029143 -3.36027539
-3.36031382 -3.36021786 -3.36008617 -3.35994352 -3.35979377 -3.35964919 -3.35953237 -3.35942817 -3.35936672 -3.35933193 -3.35932389 -3.35933002 -3.35935647 -3.35936809 -3.35937791 -3.35937948 -3.35938169 -3.35937738 -3.35937420 -3.35937506 -3.35939948 -3.35944257 -3.35952000 -3.35962677 -3.35976811 -3.35990715 -3.36004975 -3.36016940 -3.36027280 -3.36034969 -3.36037548 -3.36036355
-3.36034665 -3.36028103 -3.36018289 -3.36006685 -3.35994915 -3.35982779 -3.35974224 -3.35967881 -3.35964383 -3.35964266 -3.35966240 -3.35969179 -3.35971681 -3.35973886 -3.35974487 -3.35971665 -3.35967053 -3.35962876 -3.35957239 -3.35952789 -3.35951271 -3.35951550 -3.35955824 -3.35965006 -3.35976342 -3.35989109 -3.36002851 -3.36015453 -3.36026484 -3.36034042 -3.36038406 -3.36039183
