32 32 0 1
-3.36056880 -3.36048560 -3.36036414 -3.36022401 -3.36007431 -3.35992888 -3.35980693 -3.35972687 -3.35968662 -3.35969168 -3.35972145 -3.35976090 -3.35978041 -3.35978562 -3.35977965 -3.35974451 -3.35969773 -3.35966031 -3.35962823 -3.35961256 -3.35962631 -3.35966727 -3.35973407 -3.35982854 -3.35994451 -3.36008554 -3.36022951 -3.36035116 -3.36046266 -3.36054607 -3.36059344 -3.36060430
-3.36060999 -3.36056437 -3.36049177 -3.36037785 -3.36025443 -3.36012169 -3.36000811 -3.35994009 -3.35989211 -3.35989917 -3.35991782 -3.35996176 -3.35998895 -3.35998997 -3.35996930 -3.35991436 -3.35985127 -3.35978305 -3.35970783 -3.35966049 -3.35965319 -3.35965225 -3.35969410 -3.35975565 -3.35985830 -3.35997670 -3.36011645 -3.36025132 -3.36037692 -3.36048563 -3.36055807 -3.36060478
-3.36061292 -3.36061254 -3.36057278 -3.36050424 -3.36040906 -3.36029399 -3.36018598 -3.36010590 -3.36006520 -3.36006348 -3.36008504 -3.36011765 -3.36013930 -3.36014275 -3.36011808 -3.36005022 -3.35997858 -3.35988659 -3.35979878 -3.35972281 -3.35967537 -3.35965439 -3.35965469 -3.35969909 -3.35975664 -3.35987046 -3.35999244 -3.36014028 -3.36027220 -3.36039663 -3.36049051 -3.36056843
-3.36058503 -3.36061657 -3.36061102 -3.36058582 -3.36050927 -3.36040246 -3.36030743 -3.36024307 -3.36018731 -3.36017368 -3.36019133 -3.36021668 -3.36023586 -3.36022835 -3.36020283 -3.36013841 -3.36005795 -3.35995343 -3.35986326 -3.35976877 -3.35969355 -3.35964339 -3.35962229 -3.35963817 -3.35967631 -3.35975879 -3.35987411 -3.36000686 -3.36015503 -3.36028409 -3.36040973 -3.36051164
-3.36052345 -3.36058110 -3.36059805 -3.36058625 -3.36054072 -3.36046561 -3.36037209 -3.36030377 -3.36025063 -3.36023690 -3.36022982 -3.36025157 -3.36026621 -3.36025205 -3.36022275 -3.36016560 -3.36008794 -3.35998323 -3.35988429 -3.35978578 -3.35969736 -3.35963121 -3.35958906 -3.35957570 -3.35960254 -3.35965788 -3.35975563 -3.35988829 -3.36002825 -3.36017228 -3.36030319 -3.36042776
-3.36043265 -3.36050448 -3.36054347 -3.36055696 -3.36052976 -3.36046397 -3.36038994 -3.36030972 -3.36025752 -3.36022711 -3.36021867 -3.36021952 -3.36022713 -3.36022730 -3.36019102 -3.36015082 -3.36006968 -3.35997781 -3.35987818 -3.35977138 -3.35967585 -3.35960556 -3.35955269 -3.35952224 -3.35953682 -3.35957438 -3.35966208 -3.35978154 -3.35991019 -3.36005596 -3.36020466 -3.36033126
-3.36031343 -3.36039659 -3.36045536 -3.36048538 -3.36046511 -3.36041909 -3.36035836 -3.36028628 -3.36023196 -3.36019376 -3.36017051 -3.36017041 -3.36015650 -3.36015759 -3.36013109 -3.36008554 -3.36001892 -3.35992967 -3.35983903 -3.35974240 -3.35964557 -3.35957813 -3.35951831 -3.35947690 -3.35947052 -3.35951310 -3.35958421 -3.35968987 -3.35981596 -3.35995101 -3.36008016 -3.36020145
-3.36016318 -3.36025791 -3.36033987 -3.36037668 -3.36036685 -3.36034491 -3.36029231 -3.36023045 -3.36017202 -3.36012465 -3.36009546 -3.36008025 -3.36006228 -3.36005828 -3.36004080 -3.35999207 -3.35992786 -3.35985380 -3.35977837 -3.35968911 -3.35961007 -3.35954257 -3.35948659 -3.35944269 -3.35943886 -3.35947101 -3.35953103 -3.35961933 -3.35974202 -3.35985397 -3.35996224 -3.36005768
-3.36001223 -3.36010326 -3.36018572 -3.36023546 -3.36025503 -3.36024157 -3.36020363 -3.36014827 -3.36008976 -3.36004078 -3.36000797 -3.35998474 -3.35995911 -3.35994149 -3.35991830 -3.35987741 -3.35982206 -3.35976851 -3.35970097 -3.35962974 -3.35956612 -3.35951812 -3.35946388 -3.35944125 -3.35943083 -3.35945816 -3.35951379 -3.35958953 -3.35967575 -3.35975375 -3.35984212 -3.35992538
-3.35987819 -3.35996006 -3.36003103 -3.36009342 -3.36011344 -3.36011766 -3.36009335 -3.36004923 -3.35999710 -3.35993616 -3.35989692 -3.35987526 -3.35985062 -3.35982226 -3.35979536 -3.35975288 -3.35971627 -3.35967420 -3.35963251 -3.35958896 -3.35954142 -3.35949808 -3.35946184 -3.35944896 -3.35945521 -3.35948673 -3.35953331 -3.35958416 -3.35962744 -3.35968509 -3.35973865 -3.35980189
-3.35974612 -3.35981296 -3.35988685 -3.35994657 -3.35997132 -3.35998266 -3.35995993 -3.35991441 -3.35986996 -3.35981311 -3.35977683 -3.35974650 -3.35971747 -3.35968992 -3.35966317 -3.35962837 -3.35961169 -3.35958530 -3.35956872 -3.35955187 -3.35952889 -3.35951665 -3.35950291 -3.35950087 -3.35952330 -3.35954281 -3.35957222 -3.35959611 -3.35961699 -3.35963710 -3.35965575 -3.35969204
-3.35963576 -3.35968529 -3.35974922 -3.35979546 -3.35982655 -3.35982682 -3.35979829 -3.35975887 -3.35970608 -3.35966446 -3.35962391 -3.35959638 -3.35957723 -3.35954721 -3.35952891 -3.35950562 -3.35950538 -3.35950780 -3.35951117 -3.35951916 -3.35953108 -3.35954822 -3.35956688 -3.35957980 -3.35960161 -3.35961920 -3.35963248 -3.35963906 -3.35962441 -3.35961104 -3.35959424 -3.35960141
-3.35953936 -3.35956285 -3.35961029 -3.35964649 -3.35966433 -3.35965084 -3.35961688 -3.35956944 -3.35951988 -3.35948141 -3.35944486 -3.35941519 -3.35940233 -3.35939007 -3.35938698 -3.35938696 -3.35940355 -3.35943227 -3.35946566 -3.35950538 -3.35955264 -3.35959952 -3.35964266 -3.35967341 -3.35970583 -3.35971768 -3.35971831 -3.35968712 -3.35963905 -3.35959578 -3.35955372 -3.35953343
-3.35944285 -3.35944805 -3.35946838 -3.35947917 -3.35948964 -3.35946621 -3.35941544 -3.35936459 -3.35931964 -3.35928258 -3.35924887 -3.35922589 -3.35920813 -3.35921861 -3.35922873 -3.35925806 -3.35930121 -3.35935660 -3.35942317 -3.35950045 -3.35957895 -3.35965284 -3.35971687 -3.35977079 -3.35981144 -3.35981227 -3.35979106 -3.35973374 -3.35966106 -3.35958473 -3.35951080 -3.35946831
-3.35935183 -3.35933057 -3.35933249 -3.35933370 -3.35931454 -3.35928029 -3.35922853 -3.35915594 -3.35910568 -3.35906882 -3.35904409 -3.35903479 -3.35903597 -3.35905356 -3.35909154 -3.35913795 -3.35920508 -3.35929716 -3.35938912 -3.35950223 -3.35959913 -3.35970647 -3.35979112 -3.35985533 -3.35989351 -3.35989300 -3.35985992 -3.35978506 -3.35967705 -3.35956340 -3.35947026 -3.35939930
-3.35924596 -3.35921081 -3.35920370 -3.35918535 -3.35915762 -3.35911585 -3.35905178 -3.35897316 -3.35891317 -3.35887563 -3.35884938 -3.35885242 -3.35887115 -3.35891395 -3.35896929 -3.35904050 -3.35913118 -3.35924140 -3.35936441 -3.35948651 -3.35960861 -3.35972804 -3.35982982 -3.35991206 -3.35995921 -3.35995355 -3.35990701 -3.35980333 -3.35967090 -3.35952879 -3.35940023 -3.35931441
-3.35914910 -3.35910335 -3.35908919 -3.35906944 -3.35903331 -3.35898043 -3.35891084 -3.35883436 -3.35876435 -3.35872272 -3.35870788 -3.35871026 -3.35873337 -3.35879499 -3.35886775 -3.35895400 -3.35906338 -3.35919293 -3.35932321 -3.35946729 -3.35959664 -3.35972754 -3.35985031 -3.35994284 -3.35999339 -3.35997527 -3.35991520 -3.35979578 -3.35965003 -3.35947446 -3.35933504 -3.35922355
-3.35905421 -3.35901770 -3.35900462 -3.35899138 -3.35894931 -3.35889146 -3.35882244 -3.35874383 -3.35868017 -3.35863180 -3.35860524 -3.35861386 -3.35865685 -3.35871359 -3.35880510 -3.35889825 -3.35902193 -3.35914019 -3.35928506 -3.35943192 -3.35957542 -3.35971641 -3.35983606 -3.35993780 -3.35998810 -3.35997181 -3.35989865 -3.35976338 -3.35959381 -3.35941609 -3.35925831 -3.35913339
-3.35899105 -3.35895952 -3.35894237 -3.35893302 -3.35891080 -3.35885885 -3.35879768 -3.35872072 -3.35865163 -3.35859351 -3.35856196 -3.35856818 -3.35860317 -3.35866984 -3.35876294 -3.35886968 -3.35899774 -3.35911485 -3.35925763 -3.35939853 -3.35954387 -3.35968735 -3.35981544 -3.35991124 -3.35996052 -3.35994183 -3.35985029 -3.35970905 -3.35952889 -3.35934931 -3.35918548 -3.35906479
-3.35895359 -3.35893092 -3.35892509 -3.35892543 -3.35891844 -3.35887288 -3.35881819 -3.35874750 -3.35867208 -3.35861579 -3.35857986 -3.35857490 -3.35860571 -3.35866202 -3.35876207 -3.35886725 -3.35898442 -3.35910454 -3.35922576 -3.35936110 -3.35950553 -3.35964777 -3.35977705 -3.35987713 -3.35992685 -3.35990474 -3.35980318 -3.35965002 -3.35947708 -3.35929621 -3.35912927 -3.35902029
-3.35894301 -3.35893010 -3.35893660 -3.35894852 -3.35895176 -3.35892314 -3.35886599 -3.35880131 -3.35872569 -3.35866946 -3.35861970 -3.35861344 -3.35863965 -3.35869218 -3.35877555 -3.35886763 -3.35897892 -3.35909766 -3.35921566 -3.35933237 -3.35947227 -3.35961843 -3.35974802 -3.35984241 -3.35989123 -3.35987077 -3.35976622 -3.35961305 -3.35943286 -3.35926067 -3.35910297 -3.35899974
-3.35896815 -3.35896715 -3.35897994 -3.35898896 -3.35900109 -3.35897982 -3.35892875 -3.35887003 -3.35879632 -3.35872639 -3.35868562 -3.35868042 -3.35869907 -3.35873643 -3.35880244 -3.35888357 -3.35898651 -3.35909643 -3.35920820 -3.35932212 -3.35945809 -3.35960215 -3.35973325 -3.35983143 -3.35986510 -3.35983715 -3.35974610 -3.35959622 -3.35942036 -3.35925498 -3.35911384 -3.35901502
-3.35903690 -3.35902668 -3.35903051 -3.35905316 -3.35904571 -3.35901906 -3.35897538 -3.35892295 -3.35886011 -3.35880011 -3.35876029 -3.35874894 -3.35874817 -3.35877196 -3.35883628 -3.35891305 -3.35900831 -3.35910064 -3.35921318 -3.35933460 -3.35946940 -3.35960636 -3.35974334 -3.35983068 -3.35986365 -3.35984319 -3.35975573 -3.35962007 -3.35946063 -3.35929894 -3.35916915 -3.35908291
-3.35915258 -3.35913021 -3.35911590 -3.35910407 -3.35908668 -3.35904454 -3.35899903 -3.35895026 -3.35890002 -3.35885073 -3.35881744 -3.35879795 -3.35879389 -3.35881707 -3.35886591 -3.35893651 -3.35900889 -3.35911647 -3.35923578 -3.35936421 -3.35949762 -3.35964156 -3.35976289 -3.35985318 -3.35989228 -3.35986951 -3.35979834 -3.35967210 -3.35953506 -3.35939532 -3.35928270 -3.35918990
-3.35930694 -3.35925648 -3.35921041 -3.35915963 -3.35911973 -3.35906656 -3.35900656 -3.35895815 -3.35891195 -3.35887335 -3.35884599 -3.35882739 -3.35882602 -3.35885065 -3.35889238 -3.35895178 -3.35903537 -3.35913419 -3.35925889 -3.35938555 -3.35953030 -3.35967332 -3.35979386 -3.35988902 -3.35993311 -3.35992856 -3.35987053 -3.35977550 -3.35966266 -3.35953906 -3.35943741 -3.35936032
-3.35947771 -3.35940441 -3.35932083 -3.35923256 -3.35915243 -3.35907602 -3.35899517 -3.35893567 -3.35889690 -3.35887552 -3.35884707 -3.35884660 -3.35885499 -3.35887758 -3.35891705 -3.35897549 -3.35905260 -3.35916998 -3.35928136 -3.35942023 -3.35956583 -3.35969903 -3.35982557 -3.35992088 -3.35998202 -3.36000385 -3.35997196 -3.35990148 -3.35981772 -3.35972309 -3.35963461 -3.35955176
-3.35967795 -3.35956493 -3.35943874 -3.35931648 -3.35919397 -3.35907756 -3.35899441 -3.35891913 -3.35888701 -3.35887039 -3.35886608 -3.35887506 -3.35889290 -3.35891939 -3.35894918 -3.35900273 -3.35908322 -3.35918273 -3.35931568 -3.35945182 -3.35959257 -3.35973342 -3.35985442 -3.35995454 -3.36002480 -3.36007720 -3.36007981 -3.36004114 -3.35999525 -3.35992925 -3.35984816 -3.35976162
-3.35987347 -3.35974022 -3.35958060 -3.35942313 -3.35926582 -3.35912019 -3.35901213 -3.35893472 -3.35890033 -3.35889030 -3.35889969 -3.35891944 -3.35895066 -3.35897771 -3.35900621 -3.35905592 -3.35912945 -3.35922014 -3.35933841 -3.35947187 -3.35960317 -3.35974534 -3.35986656 -3.35997874 -3.36007881 -3.36014149 -3.36018567 -3.36019237 -3.36017167 -3.36012914 -3.36006709 -3.35998463
-3.36006359 -3.35991589 -3.35973784 -3.35954888 -3.35935807 -3.35919707 -3.35908516 -3.35899927 -3.35896724 -3.35896338 -3.35897693 -3.35900656 -3.35904056 -3.35905961 -3.35909307 -3.35912953 -3.35919423 -3.35927170 -3.35936608 -3.35948153 -3.35960922 -3.35973949 -3.35986865 -3.35998880 -3.36010029 -3.36020036 -3.36026825 -3.36031274 -3.36033628 -3.36031019 -3.36026235 -3.36018442
-3.36022714 -3.36007665 -3.35989925 -3.35970067 -3.35949791 -3.35933012 -3.35919571 -3.35911071 -3.35907202 -3.35907538 -3.35910493 -3.35913875 -3.35917534 -3.35919599 -3.35921117 -3.35923955 -3.35927891 -3.35933711 -3.35940843 -3.35950065 -3.35960327 -3.35971992 -3.35984801 -3.35997048 -3.36010237 -3.36022085 -3.36032209 -3.36039875 -3.36044340 -3.36045946 -3.36041962 -3.36034452
-3.36037152 -3.36023051 -3.36005826 -3.35986526 -3.35967625 -3.35950863 -3.35937974 -3.35928522 -3.35924483 -3.35924781 -3.35927698 -3.35931959 -3.35936039 -3.35937786 -3.35938028 -3.35938203 -3.35939598 -3.35942304 -3.35946776 -3.35953111 -3.35961222 -3.35970206 -3.35981757 -3.35994129 -3.36008723 -3.36021428 -3.36034074 -3.36043587 -3.36050391 -3.36054176 -3.36052824 -3.36046920
-3.36048419 -3.36036903 -3.36022209 -3.36004755 -3.35987559 -3.35970928 -3.35958468 -3.35949903 -3.35945619 -3.35946331 -3.35949220 -3.35952887 -3.35956155 -3.35957811 -3.35958060 -3.35956408 -3.35954021 -3.35953887 -3.35954191 -3.35956753 -3.35962573 -3.35968412 -3.35977320 -3.35989835 -3.36002829 -3.36016068 -3.36029614 -3.36041701 -3.36051315 -3.36056607 -3.36058848 -3.36056115
