32 32 0 1
-3.36029515 -3.36030878 -3.36028137 -3.36023475 -3.36017352 -3.36011222 -3.36006190 -3.36004588 -3.36006289 -3.36009992 -3.36014553 -3.36018557 -3.36018021 -3.36013905 -3.36005225 -3.35990935 -3.35973911 -3.35956599 -3.35940155 -3.35927655 -3.35920064 -3.35917868 -3.35920987 -3.35928264 -3.35939259 -3.35953065 -3.35967234 -3.35980291 -3.35993406 -3.36005726 -3.36016288 -3.36025019
-3.36029148 -3.36033720 -3.36036561 -3.36035025 -3.36031722 -3.36027551 -3.36024470 -3.36025597 -3.36027913 -3.36033926 -3.36039495 -3.36044511 -3.36046273 -3.36041514 -3.36031489 -3.36014749 -3.35994354 -3.35971931 -3.35950496 -3.35933442 -3.35922740 -3.35916173 -3.35916290 -3.35920496 -3.35930001 -3.35941449 -3.35954789 -3.35968727 -3.35982750 -3.35996630 -3.36008749 -3.36020550
-3.36027329 -3.36036523 -3.36042268 -3.36045291 -3.36045738 -3.36043324 -3.36042147 -3.36042806 -3.36046822 -3.36053717 -3.36060634 -3.36066204 -3.36067790 -3.36063399 -3.36052378 -3.36033541 -3.36010880 -3.35985722 -3.35960913 -3.35939953 -3.35924405 -3.35915339 -3.35911820 -3.35914380 -3.35919030 -3.35929853 -3.35941668 -3.35956595 -3.35971076 -3.35986841 -3.36000759 -3.36014996
-3.36023521 -3.36035652 -3.36044685 -3.36051527 -3.36054265 -3.36054149 -3.36054864 -3.36057467 -3.36061036 -3.36067606 -3.36075159 -3.36080420 -3.36081900 -3.36076682 -3.36064758 -3.36045576 -3.36021945 -3.35994299 -3.35968072 -3.35943939 -3.35925839 -3.35913312 -3.35906921 -3.35906468 -3.35909555 -3.35917890 -3.35929118 -3.35942617 -3.35958807 -3.35974583 -3.35991235 -3.36008206
-3.36013675 -3.36028660 -3.36040727 -3.36049702 -3.36055482 -3.36058539 -3.36059719 -3.36062928 -3.36066920 -3.36073567 -3.36079321 -3.36084971 -3.36086270 -3.36080571 -3.36068395 -3.36049380 -3.36024790 -3.35997226 -3.35969892 -3.35944940 -3.35924442 -3.35909826 -3.35900571 -3.35897228 -3.35898540 -3.35903656 -3.35913618 -3.35927044 -3.35942726 -3.35959838 -3.35977740 -3.35996513
-3.35997243 -3.36014407 -3.36028640 -3.36041178 -3.36049527 -3.36053509 -3.36056578 -3.36058758 -3.36062895 -3.36068331 -3.36073913 -3.36077641 -3.36078961 -3.36074485 -3.36061132 -3.36043366 -3.36019180 -3.35991737 -3.35964708 -3.35939054 -3.35917449 -3.35902009 -3.35890628 -3.35884092 -3.35883532 -3.35886862 -3.35895635 -3.35907839 -3.35922943 -3.35940762 -3.35959633 -3.35978794
-3.35971441 -3.35990073 -3.36006568 -3.36020890 -3.36030334 -3.36037208 -3.36042719 -3.36045636 -3.36050028 -3.36054673 -3.36058202 -3.36061416 -3.36060873 -3.36056968 -3.36044698 -3.36026291 -3.36003378 -3.35977278 -3.35950827 -3.35926226 -3.35904431 -3.35887181 -3.35873813 -3.35865153 -3.35861723 -3.35864574 -3.35871419 -3.35882478 -3.35897117 -3.35914494 -3.35932495 -3.35951577
-3.35932651 -3.35952380 -3.35972499 -3.35988556 -3.35999756 -3.36009206 -3.36016097 -3.36020968 -3.36025105 -3.36028854 -3.36032136 -3.36034421 -3.36032740 -3.36027212 -3.36016842 -3.35998886 -3.35977289 -3.35952809 -3.35928004 -3.35903167 -3.35881222 -3.35863043 -3.35848624 -3.35837956 -3.35833515 -3.35834556 -3.35839659 -3.35849029 -3.35863592 -3.35878688 -3.35895015 -3.35913055
-3.35882238 -3.35902851 -3.35923522 -3.35941778 -3.35956862 -3.35968598 -3.35977387 -3.35982944 -3.35987972 -3.35991870 -3.35994976 -3.35996189 -3.35994098 -3.35988138 -3.35976553 -3.35960309 -3.35939913 -3.35917318 -3.35892900 -3.35869322 -3.35848184 -3.35830538 -3.35814761 -3.35803821 -3.35797715 -3.35796225 -3.35800065 -3.35807873 -3.35819068 -3.35831639 -3.35846363 -3.35863035
-3.35820588 -3.35840829 -3.35861816 -3.35881981 -3.35898862 -3.35913830 -3.35924195 -3.35932517 -3.35938172 -3.35942313 -3.35944873 -3.35946668 -3.35944175 -3.35937893 -3.35926449 -3.35910218 -3.35891373 -3.35869684 -3.35847477 -3.35825262 -3.35804528 -3.35786272 -3.35770754 -3.35759776 -3.35752558 -3.35750759 -3.35752347 -3.35757062 -3.35764425 -3.35774865 -3.35787105 -3.35802450
-3.35745582 -3.35765117 -3.35786643 -3.35808570 -3.35826471 -3.35842971 -3.35855328 -3.35865279 -3.35873613 -3.35878467 -3.35882319 -3.35883419 -3.35881628 -3.35874766 -3.35864044 -3.35848073 -3.35830431 -3.35810099 -3.35789451 -3.35768939 -3.35749617 -3.35733026 -3.35718215 -3.35707064 -3.35700213 -3.35695887 -3.35695388 -3.35696584 -3.35701482 -3.35707873 -3.35716852 -3.35729534
-3.35660647 -3.35678700 -3.35699676 -3.35720805 -3.35740728 -3.35758598 -3.35772180 -3.35783913 -3.35792802 -3.35799952 -3.35805211 -3.35807710 -3.35806756 -3.35800113 -3.35789831 -3.35774635 -3.35757768 -3.35738991 -3.35719651 -3.35700561 -3.35684225 -3.35669052 -3.35656773 -3.35646501 -3.35638459 -3.35633245 -3.35630046 -3.35628937 -3.35629192 -3.35631699 -3.35637042 -3.35646588
-3.35567323 -3.35583069 -3.35602750 -3.35623794 -3.35643611 -3.35661413 -3.35677018 -3.35689996 -3.35700845 -3.35709921 -3.35716390 -3.35719842 -3.35719959 -3.35715186 -3.35705369 -3.35692019 -3.35676407 -3.35659405 -3.35640938 -3.35624958 -3.35610743 -3.35598426 -3.35588138 -3.35579169 -3.35572482 -3.35565662 -3.35560447 -3.35555108 -3.35550562 -3.35549531 -3.35550984 -3.35556779
-3.35471901 -3.35484647 -3.35501781 -3.35521111 -3.35541654 -3.35560168 -3.35575172 -3.35589653 -3.35602828 -3.35613944 -3.35622399 -3.35626597 -3.35626403 -3.35623939 -3.35615317 -3.35603898 -3.35589567 -3.35573931 -3.35557947 -3.35544543 -3.35532621 -3.35523998 -3.35515831 -3.35509180 -3.35503949 -3.35496342 -3.35488683 -3.35479934 -3.35472269 -3.35466278 -3.35462981 -3.35465345
-3.35381838 -3.35390734 -3.35406449 -3.35424748 -3.35443318 -3.35461979 -3.35478471 -3.35493508 -3.35507121 -3.35519752 -3.35529538 -3.35536049 -3.35538699 -3.35536025 -3.35529050 -3.35518231 -3.35504755 -3.35491209 -3.35477185 -3.35466287 -3.35457201 -3.35451575 -3.35446558 -3.35442065 -3.35437441 -3.35430276 -3.35421718 -3.35410057 -3.35397915 -3.35386962 -3.35380129 -3.35378454
-3.35304674 -3.35311450 -3.35325478 -3.35342386 -3.35360706 -3.35379595 -3.35396943 -3.35411993 -3.35426444 -3.35439220 -3.35449653 -3.35458074 -3.35461989 -3.35460522 -3.35454587 -3.35444792 -3.35432371 -3.35419802 -3.35407646 -3.35397334 -3.35390619 -3.35387047 -3.35385213 -3.35384159 -3.35381291 -3.35375235 -3.35365571 -3.35350764 -3.35335635 -3.35320317 -3.35308617 -3.35303957
-3.35252254 -3.35257380 -3.35269812 -3.35286264 -3.35304687 -3.35323345 -3.35340731 -3.35357014 -3.35370896 -3.35383524 -3.35395026 -3.35402457 -3.35405886 -3.35405672 -3.35400313 -3.35390928 -3.35379205 -3.35367510 -3.35355973 -3.35347058 -3.35341490 -3.35340179 -3.35341653 -3.35342918 -3.35342449 -3.35336309 -3.35326313 -3.35310747 -3.35293649 -3.35274413 -3.35260886 -3.35253004
-3.35230348 -3.35236437 -3.35248593 -3.35265002 -3.35283077 -3.35301370 -3.35318576 -3.35334832 -3.35349098 -3.35360603 -3.35370357 -3.35377435 -3.35381082 -3.35379075 -3.35374373 -3.35364500 -3.35353510 -3.35340079 -3.35329437 -3.35321566 -3.35317725 -3.35318341 -3.35321011 -3.35324769 -3.35325998 -3.35321893 -3.35311795 -3.35295889 -3.35276464 -3.35257485 -3.35241698 -3.35232166
-3.35245334 -3.35251489 -3.35263082 -3.35279957 -3.35299099 -3.35317193 -3.35334358 -3.35349995 -3.35362567 -3.35372085 -3.35379515 -3.35384246 -3.35385775 -3.35383642 -3.35378148 -3.35368178 -3.35356657 -3.35343638 -3.35332301 -3.35324769 -3.35321827 -3.35323355 -3.35328354 -3.35334041 -3.35336754 -3.35333984 -3.35324045 -3.35308371 -3.35289212 -3.35271092 -3.35255210 -3.35246414
-3.35294071 -3.35300789 -3.35313409 -3.35330985 -3.35350030 -3.35367745 -3.35384269 -3.35398024 -3.35408255 -3.35415908 -3.35420511 -3.35422326 -3.35421563 -3.35417216 -3.35411559 -3.35401156 -3.35388104 -3.35375344 -3.35363327 -3.35355170 -3.35353528 -3.35356348 -3.35362267 -3.35369428 -3.35374263 -3.35372808 -3.35363795 -3.35349131 -3.35332458 -3.35315625 -3.35301086 -3.35294383
-3.35370914 -3.35379105 -3.35392715 -3.35409588 -3.35428486 -3.35444940 -3.35459256 -3.35471067 -3.35478234 -3.35483161 -3.35483842 -3.35483705 -3.35481013 -3.35474948 -3.35466423 -3.35454745 -3.35441747 -3.35429463 -3.35418446 -3.35410264 -3.35408892 -3.35413057 -3.35420322 -3.35428306 -3.35434426 -3.35435048 -3.35428073 -3.35414961 -3.35399332 -3.35385643 -3.35374286 -3.35369395
-3.35466867 -3.35476436 -3.35489330 -3.35504795 -3.35522720 -3.35536928 -3.35548433 -3.35557804 -3.35562511 -3.35563260 -3.35562651 -3.35559530 -3.35554038 -3.35546008 -3.35535774 -3.35523360 -3.35511002 -3.35498832 -3.35488412 -3.35481049 -3.35480504 -3.35485607 -3.35494155 -3.35503999 -3.35510028 -3.35511753 -3.35507482 -3.35497309 -3.35485044 -3.35473595 -3.35465709 -3.35463460
-3.35571249 -3.35580472 -3.35592219 -3.35606777 -3.35619884 -3.35631733 -3.35640814 -3.35646946 -3.35649188 -3.35647812 -3.35643820 -3.35638442 -3.35630531 -3.35620002 -3.35609706 -3.35597805 -3.35585635 -3.35573895 -3.35564750 -3.35559782 -3.35560910 -3.35566942 -3.35576838 -3.35586491 -3.35593584 -3.35597538 -3.35595135 -3.35588828 -3.35580131 -3.35570679 -3.35566200 -3.35565977
-3.35674393 -3.35682852 -3.35692690 -3.35702592 -3.35712190 -3.35719313 -3.35725144 -3.35728559 -3.35728018 -3.35725548 -3.35719127 -3.35711739 -3.35702062 -3.35691271 -3.35679815 -3.35668271 -3.35656593 -3.35646944 -3.35640627 -3.35638291 -3.35640769 -3.35648503 -3.35658545 -3.35669042 -3.35677824 -3.35682885 -3.35683409 -3.35678672 -3.35673213 -3.35668867 -3.35667025 -3.35668193
-3.35768622 -3.35774490 -3.35781019 -3.35786579 -3.35791883 -3.35794834 -3.35796476 -3.35796008 -3.35793744 -3.35789651 -3.35782087 -3.35772952 -3.35763030 -3.35752618 -3.35741518 -3.35729847 -3.35720919 -3.35713150 -3.35708935 -3.35708609 -3.35713621 -3.35722622 -3.35733525 -3.35745049 -3.35755540 -3.35761845 -3.35764141 -3.35762762 -3.35761580 -3.35759416 -3.35760076 -3.35763313
-3.35847688 -3.35851766 -3.35854203 -3.35854749 -3.35854987 -3.35853616 -3.35850467 -3.35847241 -3.35843533 -3.35838412 -3.35829993 -3.35821542 -3.35811574 -3.35801265 -3.35791006 -3.35781968 -3.35773688 -3.35769862 -3.35767372 -3.35769351 -3.35775490 -3.35785214 -3.35797245 -3.35809769 -3.35820475 -3.35829704 -3.35833891 -3.35836301 -3.35837376 -3.35838309 -3.35840878 -3.35844149
-3.35911839 -3.35912413 -3.35909997 -3.35906492 -3.35901359 -3.35895202 -3.35890101 -3.35884029 -3.35878606 -3.35873288 -3.35866160 -3.35857826 -3.35848921 -3.35839938 -3.35830122 -3.35822506 -3.35817029 -3.35813284 -3.35814839 -3.35817748 -3.35825075 -3.35835470 -3.35847894 -3.35860885 -3.35872252 -3.35883190 -3.35890779 -3.35895125 -3.35899036 -3.35902233 -3.35905688 -3.35908790
-3.35959328 -3.35957109 -3.35951958 -3.35944059 -3.35935305 -3.35925541 -3.35917743 -3.35910065 -3.35904333 -3.35899234 -3.35893027 -3.35886887 -3.35879869 -3.35871404 -3.35863515 -3.35856117 -3.35851955 -3.35849156 -3.35850028 -3.35853972 -3.35861736 -3.35872697 -3.35884671 -3.35897732 -3.35911258 -3.35922829 -3.35932947 -3.35939816 -3.35945813 -3.35950572 -3.35954661 -3.35958110
-3.35991885 -3.35987598 -3.35979837 -3.35969726 -3.35957396 -3.35946462 -3.35937888 -3.35930060 -3.35924529 -3.35920487 -3.35915846 -3.35911427 -3.35906159 -3.35898944 -3.35892009 -3.35885145 -3.35880948 -3.35877894 -3.35877424 -3.35881386 -3.35887555 -3.35897369 -3.35909449 -3.35922144 -3.35936287 -3.35948768 -3.35960047 -3.35969651 -3.35978878 -3.35984405 -3.35989076 -3.35992316
-3.36011133 -3.36006437 -3.35998336 -3.35986939 -3.35974543 -3.35962927 -3.35953554 -3.35946500 -3.35942169 -3.35939776 -3.35938012 -3.35935302 -3.35931575 -3.35926038 -3.35918635 -3.35912600 -3.35906030 -3.35901208 -3.35898176 -3.35899353 -3.35903228 -3.35910541 -3.35922269 -3.35933937 -3.35948869 -3.35962259 -3.35975285 -3.35986563 -3.35996873 -3.36005443 -3.36009726 -3.36012034
-3.36022637 -3.36018755 -3.36010880 -3.36000603 -3.35989277 -3.35978428 -3.35970432 -3.35964060 -3.35961400 -3.35960866 -3.35961332 -3.35960950 -3.35959772 -3.35954769 -3.35947194 -3.35937955 -3.35929488 -3.35921390 -3.35914998 -3.35912054 -3.35912894 -3.35917534 -3.35926403 -3.35938010 -3.35952866 -3.35966611 -3.35980676 -3.35992351 -3.36002800 -3.36012634 -3.36018515 -3.36021967
-3.36027070 -3.36025802 -3.36020367 -3.36012231 -3.36003198 -3.35993380 -3.35987240 -3.35983380 -3.35982554 -3.35984834 -3.35987219 -3.35989364 -3.35988370 -3.35984360 -3.35976811 -3.35965241 -3.35951823 -3.35939812 -3.35928423 -3.35920838 -3.35918138 -3.35919071 -3.35924913 -3.35935948 -3.35948258 -3.35961674 -3.35975814 -3.35989278 -3.36001273 -3.36011622 -3.36020066 -3.36026048
