32 32 0 1
-3.36084427 -3.36075071 -3.36063388 -3.36052482 -3.36042913 -3.36035724 -3.36030154 -3.36027980 -3.36027429 -3.36027746 -3.36027845 -3.36026568 -3.36021964 -3.36015796 -3.36008409 -3.35998835 -3.35989024 -3.35980438 -3.35973692 -3.35969300 -3.35968864 -3.35971687 -3.35979566 -3.35991221 -3.36006046 -3.36024194 -3.36043056 -3.36059850 -3.36074401 -3.36084320 -3.36089688 -3.36089956
-3.36082459 -3.36078202 -3.36073294 -3.36066706 -3.36060892 -3.36055597 -3.36051456 -3.36051170 -3.36050240 -3.36051275 -3.36050385 -3.36049218 -3.36045314 -3.36037886 -3.36028750 -3.36016533 -3.36003809 -3.35991273 -3.35979477 -3.35971113 -3.35967573 -3.35966441 -3.35971137 -3.35978967 -3.35991671 -3.36006885 -3.36024541 -3.36041938 -3.36057174 -3.36069831 -3.36078144 -3.36082524
-3.36078843 -3.36080715 -3.36080429 -3.36079480 -3.36077433 -3.36073982 -3.36071370 -3.36069741 -3.36069700 -3.36070551 -3.36070200 -3.36067791 -3.36063111 -3.36055319 -3.36044956 -3.36030061 -3.36015288 -3.36000098 -3.35985120 -3.35972736 -3.35964724 -3.35960840 -3.35961080 -3.35966655 -3.35975010 -3.35989347 -3.36004568 -3.36022685 -3.36038695 -3.36053466 -3.36064454 -3.36073356
-3.36073494 -3.36080167 -3.36084810 -3.36088544 -3.36089332 -3.36087583 -3.36086270 -3.36085602 -3.36084335 -3.36084042 -3.36083292 -3.36080300 -3.36074561 -3.36065255 -3.36053700 -3.36038305 -3.36021683 -3.36003245 -3.35986754 -3.35971977 -3.35960440 -3.35952891 -3.35950391 -3.35953032 -3.35959191 -3.35970870 -3.35985609 -3.36001661 -3.36019845 -3.36036195 -3.36050969 -3.36063583
-3.36065603 -3.36076715 -3.36085243 -3.36091070 -3.36095116 -3.36096359 -3.36094818 -3.36094243 -3.36092474 -3.36091771 -3.36088562 -3.36085170 -3.36079198 -3.36069022 -3.36056281 -3.36040363 -3.36022777 -3.36003315 -3.35985385 -3.35968853 -3.35955059 -3.35945513 -3.35940385 -3.35939730 -3.35944321 -3.35952952 -3.35966261 -3.35982665 -3.36000414 -3.36018747 -3.36035674 -3.36051633
-3.36055794 -3.36070155 -3.36081399 -3.36091041 -3.36096908 -3.36098580 -3.36098358 -3.36096289 -3.36094090 -3.36091719 -3.36088119 -3.36082697 -3.36076286 -3.36067235 -3.36053312 -3.36038200 -3.36019888 -3.36000850 -3.35982046 -3.35964629 -3.35949287 -3.35938659 -3.35931254 -3.35928761 -3.35931322 -3.35938010 -3.35949904 -3.35965373 -3.35982765 -3.36001832 -3.36021889 -3.36039325
-3.36043666 -3.36060030 -3.36074527 -3.36086053 -3.36092428 -3.36096112 -3.36096931 -3.36094246 -3.36091641 -3.36088077 -3.36082866 -3.36077686 -3.36069333 -3.36060373 -3.36047607 -3.36032201 -3.36014945 -3.35995764 -3.35977596 -3.35959996 -3.35944316 -3.35933250 -3.35924882 -3.35920100 -3.35920562 -3.35926985 -3.35936929 -3.35951178 -3.35968379 -3.35987323 -3.36006042 -3.36024615
-3.36028327 -3.36046922 -3.36064054 -3.36076699 -3.36083593 -3.36089015 -3.36090259 -3.36088263 -3.36084706 -3.36079842 -3.36074175 -3.36068034 -3.36059492 -3.36050673 -3.36039171 -3.36024146 -3.36007716 -3.35990555 -3.35973613 -3.35956451 -3.35941871 -3.35929774 -3.35921019 -3.35915067 -3.35914670 -3.35918864 -3.35927617 -3.35940344 -3.35957300 -3.35974236 -3.35991778 -3.36009257
-3.36013693 -3.36032418 -3.36050423 -3.36064287 -3.36073682 -3.36079108 -3.36080777 -3.36078863 -3.36075008 -3.36069658 -3.36064029 -3.36057779 -3.36049611 -3.36040566 -3.36029419 -3.36016262 -3.36001345 -3.35986590 -3.35970656 -3.35955074 -3.35941511 -3.35930735 -3.35920908 -3.35915588 -3.35913639 -3.35916990 -3.35924339 -3.35935358 -3.35949040 -3.35963058 -3.35978997 -3.35995850
-3.36002824 -3.36020285 -3.36036815 -3.36051447 -3.36060928 -3.36067175 -3.36069144 -3.36067332 -3.36063583 -3.36057834 -3.36052374 -3.36047260 -3.36039786 -3.36031401 -3.36021678 -3.36009420 -3.35997048 -3.35983997 -3.35970887 -3.35957872 -3.35945416 -3.35934764 -3.35925948 -3.35920798 -3.35919159 -3.35921774 -3.35927545 -3.35935520 -3.35945031 -3.35956739 -3.35970181 -3.35985474
-3.35992761 -3.36008884 -3.36024977 -3.36039290 -3.36047902 -3.36053940 -3.36054871 -3.36052715 -3.36050026 -3.36044715 -3.36040486 -3.36035507 -3.36029583 -3.36022346 -3.36014403 -3.36004155 -3.35994857 -3.35984425 -3.35973821 -3.35963182 -3.35953005 -3.35944791 -3.35937480 -3.35932754 -3.35931569 -3.35932322 -3.35935931 -3.35940784 -3.35947808 -3.35955807 -3.35965528 -3.35978250
-3.35988287 -3.36002150 -3.36016176 -3.36027438 -3.36035713 -3.36039596 -3.36039578 -3.36037054 -3.36033484 -3.36029808 -3.36026077 -3.36022934 -3.36019506 -3.36013837 -3.36008130 -3.36000021 -3.35993184 -3.35985703 -3.35978203 -3.35970289 -3.35963312 -3.35957585 -3.35953456 -3.35950013 -3.35948409 -3.35948757 -3.35950048 -3.35952573 -3.35955195 -3.35959821 -3.35966179 -3.35975746
-3.35987232 -3.35997547 -3.36008968 -3.36017948 -3.36023601 -3.36025019 -3.36023171 -3.36019378 -3.36015435 -3.36012921 -3.36010454 -3.36008501 -3.36007120 -3.36004635 -3.36001175 -3.35996845 -3.35993061 -3.35988801 -3.35984030 -3.35979727 -3.35976379 -3.35973777 -3.35971787 -3.35970090 -3.35969874 -3.35969037 -3.35969139 -3.35967594 -3.35966929 -3.35968496 -3.35971448 -3.35977866
-3.35988122 -3.35995895 -3.36003697 -3.36008726 -3.36012232 -3.36011179 -3.36006087 -3.36001636 -3.35997873 -3.35995714 -3.35994776 -3.35993849 -3.35992894 -3.35993782 -3.35992985 -3.35992083 -3.35991521 -3.35990352 -3.35989493 -3.35989289 -3.35989704 -3.35990605 -3.35991149 -3.35992005 -3.35993341 -3.35991639 -3.35989441 -3.35985889 -3.35982368 -3.35980423 -3.35979820 -3.35983332
-3.35992140 -3.35995532 -3.36000603 -3.36003056 -3.36001934 -3.35998414 -3.35992210 -3.35984872 -3.35980033 -3.35978159 -3.35978289 -3.35979451 -3.35981295 -3.35983027 -3.35985141 -3.35986329 -3.35988024 -3.35991084 -3.35993529 -3.35997654 -3.36001358 -3.36005877 -3.36009845 -3.36012930 -3.36014571 -3.36013720 -3.36010890 -3.36005410 -3.35998627 -3.35992795 -3.35989781 -3.35989853
-3.35994791 -3.35996238 -3.35998594 -3.35998346 -3.35994946 -3.35988746 -3.35980715 -3.35971625 -3.35966042 -3.35963310 -3.35963314 -3.35965980 -3.35969241 -3.35973328 -3.35977165 -3.35980717 -3.35985003 -3.35990188 -3.35996153 -3.36002311 -3.36009211 -3.36016478 -3.36023221 -3.36029462 -3.36033222 -3.36032861 -3.36029312 -3.36021299 -3.36012390 -3.36003813 -3.35997074 -3.35995253
-3.35998591 -3.35997809 -3.35998791 -3.35996814 -3.35991618 -3.35983309 -3.35973620 -3.35964158 -3.35956784 -3.35953368 -3.35953681 -3.35955493 -3.35958389 -3.35964086 -3.35968744 -3.35974065 -3.35979841 -3.35987374 -3.35995289 -3.36003998 -3.36013130 -3.36022835 -3.36032932 -3.36041589 -3.36046389 -3.36046149 -3.36042404 -3.36033930 -3.36023819 -3.36011890 -3.36004402 -3.35999879
-3.36000790 -3.36001029 -3.36000922 -3.35998201 -3.35991218 -3.35982214 -3.35971663 -3.35961666 -3.35954236 -3.35949631 -3.35947827 -3.35949201 -3.35953164 -3.35957057 -3.35962730 -3.35968042 -3.35975105 -3.35982074 -3.35991872 -3.36002247 -3.36013487 -3.36025569 -3.36036969 -3.36046922 -3.36053694 -3.36054212 -3.36050270 -3.36041681 -3.36029833 -3.36018279 -3.36009370 -3.36003297
-3.36005022 -3.36004882 -3.36003790 -3.36000595 -3.35995028 -3.35985321 -3.35975278 -3.35965123 -3.35956547 -3.35950311 -3.35946988 -3.35946569 -3.35948464 -3.35951924 -3.35956978 -3.35962533 -3.35970003 -3.35977498 -3.35987385 -3.35998119 -3.36010109 -3.36023790 -3.36036786 -3.36047934 -3.36055227 -3.36056652 -3.36052495 -3.36044044 -3.36032909 -3.36021826 -3.36012603 -3.36007265
-3.36009597 -3.36009570 -3.36008587 -3.36006025 -3.36000701 -3.35991724 -3.35981910 -3.35971726 -3.35962487 -3.35955343 -3.35950473 -3.35948053 -3.35947710 -3.35948995 -3.35953675 -3.35958168 -3.35964556 -3.35972151 -3.35980696 -3.35991078 -3.36004412 -3.36018434 -3.36032330 -3.36044364 -3.36053060 -3.36055770 -3.36051961 -3.36044137 -3.36034907 -3.36025037 -3.36016102 -3.36011915
-3.36014712 -3.36014773 -3.36014010 -3.36011068 -3.36006598 -3.35998545 -3.35989129 -3.35979254 -3.35969140 -3.35961803 -3.35954352 -3.35950699 -3.35949032 -3.35948540 -3.35950883 -3.35953438 -3.35958767 -3.35966064 -3.35974426 -3.35984088 -3.35997181 -3.36011753 -3.36026257 -3.36038794 -3.36048656 -3.36053224 -3.36051040 -3.36044389 -3.36035663 -3.36027895 -3.36020447 -3.36016370
-3.36021035 -3.36020851 -3.36019062 -3.36015414 -3.36011215 -3.36003530 -3.35994132 -3.35985137 -3.35975432 -3.35966617 -3.35959577 -3.35954397 -3.35950783 -3.35948359 -3.35948178 -3.35949224 -3.35953546 -3.35959829 -3.35967688 -3.35976666 -3.35989252 -3.36004380 -3.36019842 -3.36033825 -3.36043643 -3.36049206 -3.36049904 -3.36045388 -3.36039052 -3.36031991 -3.36026352 -3.36022697
-3.36028497 -3.36026026 -3.36022421 -3.36018841 -3.36012008 -3.36003934 -3.35995696 -3.35987133 -3.35978534 -3.35970174 -3.35962841 -3.35956103 -3.35949867 -3.35945961 -3.35944954 -3.35945725 -3.35948876 -3.35953276 -3.35961021 -3.35970622 -3.35983291 -3.35998063 -3.36014367 -3.36028162 -3.36039492 -3.36047695 -3.36050490 -3.36049281 -3.36045069 -3.36038655 -3.36033779 -3.36030840
-3.36037480 -3.36032721 -3.36026065 -3.36018211 -3.36010121 -3.35999988 -3.35991610 -3.35984332 -3.35976650 -3.35969309 -3.35961941 -3.35954811 -3.35947660 -3.35943259 -3.35941091 -3.35941280 -3.35942364 -3.35947673 -3.35955561 -3.35965641 -3.35978515 -3.35993904 -3.36009272 -3.36024658 -3.36037528 -3.36046883 -3.36052839 -3.36053565 -3.36052340 -3.36048656 -3.36045090 -3.36040493
-3.36046707 -3.36037838 -3.36027597 -3.36015697 -3.36005057 -3.35993994 -3.35985185 -3.35977843 -3.35971033 -3.35964414 -3.35957642 -3.35950399 -3.35943741 -3.35939499 -3.35936737 -3.35935888 -3.35938014 -3.35942528 -3.35950166 -3.35960399 -3.35973883 -3.35989831 -3.36005790 -3.36022418 -3.36036968 -3.36048987 -3.36057088 -3.36061479 -3.36063029 -3.36060799 -3.36057622 -3.36052989
-3.36055274 -3.36043314 -3.36028561 -3.36012669 -3.35998714 -3.35986233 -3.35975735 -3.35967895 -3.35961933 -3.35957212 -3.35950264 -3.35944498 -3.35939054 -3.35934420 -3.35932041 -3.35931695 -3.35933174 -3.35939914 -3.35946777 -3.35957740 -3.35971171 -3.35986365 -3.36003392 -3.36020601 -3.36037248 -3.36052184 -3.36062812 -3.36070034 -3.36074299 -3.36073863 -3.36071186 -3.36064856
-3.36064328 -3.36047816 -3.36028564 -3.36009910 -3.35992692 -3.35977748 -3.35967706 -3.35959188 -3.35953833 -3.35949341 -3.35944931 -3.35940024 -3.35935427 -3.35932120 -3.35928933 -3.35928741 -3.35931320 -3.35936570 -3.35945698 -3.35956211 -3.35969741 -3.35985200 -3.36002088 -3.36020326 -3.36037630 -3.36055013 -3.36068730 -3.36078443 -3.36085163 -3.36086773 -3.36083488 -3.36075665
-3.36071723 -3.36052359 -3.36030561 -3.36009830 -3.35990247 -3.35974089 -3.35962756 -3.35954277 -3.35949504 -3.35946381 -3.35943398 -3.35939596 -3.35936491 -3.35932869 -3.35930463 -3.35929826 -3.35932385 -3.35937300 -3.35945152 -3.35955515 -3.35968612 -3.35984404 -3.36000974 -3.36019383 -3.36039295 -3.36056742 -3.36073190 -3.36085930 -3.36094198 -3.36097000 -3.36094455 -3.36086094
-3.36077437 -3.36057182 -3.36034055 -3.36011561 -3.35990818 -3.35975087 -3.35964481 -3.35956970 -3.35952690 -3.35950486 -3.35947978 -3.35945507 -3.35942832 -3.35938718 -3.35936906 -3.35935398 -3.35937349 -3.35941035 -3.35947165 -3.35956451 -3.35968665 -3.35982951 -3.35999577 -3.36017812 -3.36037451 -3.36057516 -3.36074885 -3.36089682 -3.36100942 -3.36104088 -3.36101884 -3.36093087
-3.36080631 -3.36061165 -3.36039113 -3.36017243 -3.35997536 -3.35982626 -3.35972143 -3.35965834 -3.35962066 -3.35960825 -3.35959887 -3.35957884 -3.35955622 -3.35951604 -3.35947739 -3.35946047 -3.35945730 -3.35947742 -3.35951753 -3.35958906 -3.35968169 -3.35980847 -3.35996427 -3.36014087 -3.36034252 -3.36054621 -3.36073773 -3.36089868 -3.36101895 -3.36107579 -3.36105103 -3.36096113
-3.36083261 -3.36065826 -3.36045580 -3.36026237 -3.36009192 -3.35996083 -3.35987838 -3.35982195 -3.35979373 -3.35978864 -3.35978435 -3.35976916 -3.35975009 -3.35970255 -3.35965292 -3.35960509 -3.35958304 -3.35957413 -3.35958866 -3.35962736 -3.35969482 -3.35979035 -3.35992724 -3.36009153 -3.36029404 -3.36049116 -3.36068608 -3.36084850 -3.36097039 -3.36104450 -3.36104059 -3.36096449
-3.36084124 -3.36070306 -3.36054653 -3.36038507 -3.36025228 -3.36014016 -3.36007519 -3.36003448 -3.36002016 -3.36001935 -3.36001847 -3.36000709 -3.35997081 -3.35992336 -3.35986600 -3.35979749 -3.35973104 -3.35969292 -3.35966171 -3.35966352 -3.35970254 -3.35976167 -3.35986713 -3.36001993 -3.36019384 -3.36038145 -3.36057410 -3.36074584 -3.36088316 -3.36096243 -3.36098536 -3.36094770
