32 32 0 1
-3.36039180 -3.36038459 -3.36034506 -3.36029458 -3.36023377 -3.36017413 -3.36012523 -3.36010594 -3.36011751 -3.36015328 -3.36020446 -3.36025710 -3.36027903 -3.36027615 -3.36023867 -3.36014398 -3.36001457 -3.35987066 -3.35971639 -3.35958126 -3.35948312 -3.35942928 -3.35942636 -3.35947140 -3.35956291 -3.35969588 -3.35984108 -3.35997603 -3.36010877 -3.36021918 -3.36030630 -3.36036745
-3.36038832 -3.36042387 -3.36044973 -3.36044542 -3.36042678 -3.36039745 -3.36037464 -3.36038842 -3.36040829 -3.36046736 -3.36052238 -3.36058338 -3.36061796 -3.36059913 -3.36053745 -3.36041603 -3.36024820 -3.36005205 -3.35984354 -3.35965631 -3.35952287 -3.35941483 -3.35937662 -3.35938010 -3.35944926 -3.35954947 -3.35968044 -3.35982343 -3.35996419 -3.36009909 -3.36020966 -3.36031385
-3.36037067 -3.36046544 -3.36053237 -3.36058404 -3.36061337 -3.36061230 -3.36061471 -3.36063060 -3.36066741 -3.36073337 -3.36079724 -3.36085231 -3.36087526 -3.36084970 -3.36076897 -3.36061360 -3.36041679 -3.36018881 -3.35994348 -3.35971980 -3.35953268 -3.35939299 -3.35930742 -3.35928737 -3.35930340 -3.35939194 -3.35950198 -3.35965175 -3.35980351 -3.35996236 -3.36010430 -3.36024658
-3.36032873 -3.36046649 -3.36058412 -3.36068443 -3.36074504 -3.36077055 -3.36079611 -3.36083403 -3.36086597 -3.36092129 -3.36098443 -3.36102503 -3.36103551 -3.36099026 -3.36088704 -3.36071721 -3.36050541 -3.36024787 -3.35998846 -3.35973090 -3.35951087 -3.35933751 -3.35922026 -3.35916773 -3.35916179 -3.35922277 -3.35932745 -3.35946242 -3.35963222 -3.35980316 -3.35998075 -3.36016182
-3.36022459 -3.36040584 -3.36056029 -3.36069093 -3.36078732 -3.36085172 -3.36088506 -3.36092663 -3.36096282 -3.36101646 -3.36105384 -3.36108379 -3.36108292 -3.36101851 -3.36090120 -3.36072311 -3.36049286 -3.36022768 -3.35995114 -3.35967978 -3.35944031 -3.35924435 -3.35910050 -3.35901622 -3.35899924 -3.35903020 -3.35911755 -3.35925352 -3.35942568 -3.35961549 -3.35981661 -3.36002566
-3.36004951 -3.36025726 -3.36044222 -3.36060677 -3.36073199 -3.36080697 -3.36086121 -3.36089665 -3.36093505 -3.36097140 -3.36100127 -3.36101150 -3.36100110 -3.36093612 -3.36079769 -3.36062200 -3.36037914 -3.36010409 -3.35982583 -3.35954708 -3.35929875 -3.35909852 -3.35894033 -3.35883227 -3.35879161 -3.35880182 -3.35888296 -3.35901419 -3.35918326 -3.35938877 -3.35960662 -3.35983063
-3.35977327 -3.36000076 -3.36020956 -3.36039041 -3.36052520 -3.36062552 -3.36070519 -3.36074129 -3.36078174 -3.36080822 -3.36081928 -3.36082698 -3.36079674 -3.36073027 -3.36059341 -3.36040068 -3.36016156 -3.35988730 -3.35961009 -3.35933761 -3.35908691 -3.35888335 -3.35871510 -3.35859450 -3.35853433 -3.35854933 -3.35861415 -3.35873875 -3.35890545 -3.35910139 -3.35931105 -3.35953763
-3.35936376 -3.35959650 -3.35982958 -3.36002728 -3.36017270 -3.36029726 -3.36038257 -3.36043638 -3.36047447 -3.36049631 -3.36051102 -3.36051049 -3.36046755 -3.36039359 -3.36026325 -3.36007005 -3.35983517 -3.35956547 -3.35929161 -3.35901458 -3.35877450 -3.35856509 -3.35839755 -3.35827594 -3.35822239 -3.35822276 -3.35828162 -3.35838982 -3.35855511 -3.35873376 -3.35892321 -3.35913079
-3.35882929 -3.35905911 -3.35928889 -3.35949503 -3.35966205 -3.35980075 -3.35989511 -3.35995940 -3.36000648 -3.36004033 -3.36005949 -3.36005681 -3.36002111 -3.35993812 -3.35980647 -3.35962040 -3.35938989 -3.35913285 -3.35885375 -3.35858584 -3.35835008 -3.35815336 -3.35798719 -3.35788243 -3.35782301 -3.35782653 -3.35788097 -3.35797614 -3.35810955 -3.35825428 -3.35842938 -3.35861811
-3.35818611 -3.35839453 -3.35861267 -3.35881928 -3.35898812 -3.35913540 -3.35924401 -3.35932135 -3.35937958 -3.35942338 -3.35944854 -3.35946485 -3.35943834 -3.35936683 -3.35924053 -3.35905199 -3.35882893 -3.35857163 -3.35830787 -3.35804974 -3.35781389 -3.35761800 -3.35747119 -3.35738023 -3.35733611 -3.35735111 -3.35740400 -3.35748108 -3.35757849 -3.35769918 -3.35783284 -3.35799796
-3.35742472 -3.35760865 -3.35780792 -3.35800717 -3.35816746 -3.35831571 -3.35842188 -3.35850712 -3.35859120 -3.35864569 -3.35869727 -3.35872140 -3.35871170 -3.35864979 -3.35853542 -3.35835713 -3.35814474 -3.35789004 -3.35763594 -3.35738274 -3.35716315 -3.35699197 -3.35686239 -3.35678593 -3.35677370 -3.35678520 -3.35683870 -3.35689626 -3.35696939 -3.35705154 -3.35714674 -3.35726660
-3.35658472 -3.35673660 -3.35690993 -3.35708326 -3.35723972 -3.35737461 -3.35747651 -3.35757181 -3.35765073 -3.35772274 -3.35779680 -3.35784224 -3.35785779 -3.35780780 -3.35770876 -3.35753465 -3.35732874 -3.35708793 -3.35683817 -3.35659961 -3.35640103 -3.35625393 -3.35615784 -3.35611196 -3.35611954 -3.35614951 -3.35619526 -3.35624348 -3.35628444 -3.35633074 -3.35638159 -3.35646306
-3.35570074 -3.35581138 -3.35595373 -3.35610732 -3.35623913 -3.35635649 -3.35645876 -3.35654754 -3.35662950 -3.35671797 -3.35679761 -3.35685815 -3.35688756 -3.35686165 -3.35677205 -3.35662319 -3.35642711 -3.35620135 -3.35595781 -3.35574262 -3.35557027 -3.35545761 -3.35539149 -3.35537950 -3.35541803 -3.35546791 -3.35552063 -3.35554742 -3.35556150 -3.35557763 -3.35558668 -3.35562481
-3.35483381 -3.35490985 -3.35501321 -3.35512965 -3.35525161 -3.35535706 -3.35543422 -3.35551709 -3.35560415 -3.35569757 -3.35578153 -3.35584706 -3.35587731 -3.35586747 -3.35579351 -3.35566137 -3.35547963 -3.35526372 -3.35504576 -3.35485595 -3.35471781 -3.35463425 -3.35460687 -3.35464139 -3.35471327 -3.35478407 -3.35483728 -3.35486166 -3.35486121 -3.35483367 -3.35480430 -3.35480472
-3.35406572 -3.35409846 -3.35418254 -3.35427771 -3.35436830 -3.35445773 -3.35452620 -3.35459484 -3.35466923 -3.35475059 -3.35483368 -3.35490739 -3.35495033 -3.35493632 -3.35487103 -3.35474644 -3.35457358 -3.35438320 -3.35418853 -3.35402267 -3.35391243 -3.35386936 -3.35388959 -3.35395913 -3.35406072 -3.35415790 -3.35423151 -3.35425063 -3.35422241 -3.35416558 -3.35410749 -3.35406931
-3.35345736 -3.35347140 -3.35353637 -3.35361843 -3.35370033 -3.35377969 -3.35384122 -3.35388593 -3.35394862 -3.35400882 -3.35407015 -3.35413884 -3.35417485 -3.35416517 -3.35410099 -3.35398334 -3.35382208 -3.35364633 -3.35347270 -3.35332318 -3.35324105 -3.35322992 -3.35329133 -3.35340880 -3.35354394 -3.35367237 -3.35375786 -3.35376379 -3.35371975 -3.35363863 -3.35354248 -3.35348670
-3.35310201 -3.35310544 -3.35316554 -3.35324746 -3.35332587 -3.35339688 -3.35344805 -3.35349071 -3.35352579 -3.35356008 -3.35360867 -3.35364012 -3.35364760 -3.35363597 -3.35356566 -3.35344996 -3.35329508 -3.35313776 -3.35297602 -3.35285369 -3.35279156 -3.35281174 -3.35291628 -3.35306665 -3.35323557 -3.35337597 -3.35346952 -3.35348131 -3.35343047 -3.35331945 -3.35321627 -3.35313809
-3.35303501 -3.35306014 -3.35312574 -3.35321701 -3.35329689 -3.35336292 -3.35340970 -3.35344160 -3.35346016 -3.35346498 -3.35346828 -3.35347103 -3.35346331 -3.35341776 -3.35334725 -3.35321975 -3.35307569 -3.35290901 -3.35277124 -3.35266782 -3.35263702 -3.35268543 -3.35280772 -3.35298582 -3.35317768 -3.35333651 -3.35342999 -3.35344261 -3.35337673 -3.35327013 -3.35315665 -3.35307080
-3.35329597 -3.35333176 -3.35340377 -3.35351162 -3.35361347 -3.35368260 -3.35372654 -3.35374404 -3.35373513 -3.35370151 -3.35366747 -3.35362943 -3.35358597 -3.35352079 -3.35343182 -3.35330933 -3.35317105 -3.35301966 -3.35288974 -3.35280218 -3.35278957 -3.35285997 -3.35300475 -3.35319607 -3.35339441 -3.35356037 -3.35364744 -3.35365709 -3.35358993 -3.35349644 -3.35338475 -3.35331348
-3.35383668 -3.35389299 -3.35398527 -3.35410700 -3.35421671 -3.35429358 -3.35433537 -3.35433343 -3.35429240 -3.35423492 -3.35416197 -3.35408395 -3.35400800 -3.35391209 -3.35382257 -3.35369845 -3.35355427 -3.35341713 -3.35329793 -3.35322068 -3.35323019 -3.35331127 -3.35346564 -3.35366580 -3.35387113 -3.35403492 -3.35411591 -3.35411960 -3.35406483 -3.35397853 -3.35388420 -3.35383732
-3.35460011 -3.35468248 -3.35478747 -3.35491162 -3.35503107 -3.35510137 -3.35512863 -3.35510842 -3.35504007 -3.35495610 -3.35484435 -3.35474248 -3.35464446 -3.35453050 -3.35441915 -3.35428966 -3.35416090 -3.35403904 -3.35393845 -3.35387735 -3.35389340 -3.35399273 -3.35414890 -3.35435201 -3.35455178 -3.35470986 -3.35478845 -3.35478668 -3.35473231 -3.35466736 -3.35459916 -3.35458018
-3.35550311 -3.35560134 -3.35570882 -3.35582180 -3.35593857 -3.35599341 -3.35599708 -3.35596122 -3.35587147 -3.35575433 -3.35562668 -3.35550776 -3.35538361 -3.35526047 -3.35514112 -3.35501598 -3.35490667 -3.35479913 -3.35471465 -3.35466998 -3.35470646 -3.35481256 -3.35497193 -3.35517509 -3.35535404 -3.35549712 -3.35557725 -3.35558252 -3.35554633 -3.35549290 -3.35545167 -3.35545665
-3.35645355 -3.35654039 -3.35664448 -3.35675590 -3.35682491 -3.35686406 -3.35684525 -3.35678691 -3.35668127 -3.35655209 -3.35640763 -3.35626907 -3.35612979 -3.35599878 -3.35589222 -3.35578303 -3.35568517 -3.35559713 -3.35553370 -3.35552079 -3.35557340 -3.35568697 -3.35585046 -3.35603636 -3.35620505 -3.35634620 -3.35641729 -3.35643845 -3.35641858 -3.35637662 -3.35636701 -3.35638753
-3.35736839 -3.35745051 -3.35753342 -3.35759631 -3.35763249 -3.35762514 -3.35758606 -3.35750383 -3.35738193 -3.35725023 -3.35709786 -3.35695097 -3.35680944 -3.35668992 -3.35658607 -3.35649719 -3.35641418 -3.35635308 -3.35632670 -3.35634463 -3.35640911 -3.35654005 -3.35669736 -3.35686952 -3.35703920 -3.35716816 -3.35724625 -3.35726298 -3.35726005 -3.35725607 -3.35726699 -3.35729938
-3.35819233 -3.35824541 -3.35829590 -3.35831027 -3.35830499 -3.35825755 -3.35818301 -3.35807445 -3.35794384 -3.35780647 -3.35765904 -3.35751122 -3.35738320 -3.35728273 -3.35719085 -3.35712110 -3.35706915 -3.35703493 -3.35703372 -3.35706806 -3.35715835 -3.35729256 -3.35745270 -3.35762856 -3.35779230 -3.35791364 -3.35798895 -3.35802840 -3.35805490 -3.35806267 -3.35809309 -3.35813624
-3.35887751 -3.35890558 -3.35890538 -3.35887246 -3.35881849 -3.35873177 -3.35861790 -3.35848784 -3.35835768 -3.35822374 -3.35807399 -3.35795134 -3.35784399 -3.35775655 -3.35769007 -3.35764163 -3.35761220 -3.35762064 -3.35763668 -3.35768704 -3.35778807 -3.35792321 -3.35808878 -3.35825869 -3.35841219 -3.35854557 -3.35863407 -3.35869557 -3.35873933 -3.35876849 -3.35880888 -3.35884282
-3.35942847 -3.35941066 -3.35935936 -3.35928374 -3.35918160 -3.35905431 -3.35892613 -3.35878486 -3.35864765 -3.35852686 -3.35840146 -3.35829828 -3.35821255 -3.35815268 -3.35810313 -3.35807520 -3.35807368 -3.35808258 -3.35813469 -3.35819936 -3.35829863 -3.35843521 -3.35859060 -3.35875910 -3.35890839 -3.35905256 -3.35915956 -3.35923880 -3.35929664 -3.35934233 -3.35938154 -3.35940982
-3.35983253 -3.35977961 -3.35969476 -3.35957373 -3.35943404 -3.35928129 -3.35914169 -3.35899763 -3.35887729 -3.35877053 -3.35867353 -3.35859663 -3.35854306 -3.35850111 -3.35847305 -3.35845660 -3.35846559 -3.35848478 -3.35852883 -3.35859466 -3.35869177 -3.35882419 -3.35896871 -3.35912484 -3.35929052 -3.35943015 -3.35956105 -3.35965107 -3.35972472 -3.35977619 -3.35981703 -3.35983771
-3.36010122 -3.36002837 -3.35991259 -3.35977050 -3.35960650 -3.35944966 -3.35931493 -3.35918385 -3.35907969 -3.35899326 -3.35892820 -3.35888316 -3.35885718 -3.35882673 -3.35881648 -3.35880424 -3.35881735 -3.35883246 -3.35885519 -3.35890938 -3.35898445 -3.35909360 -3.35922963 -3.35937755 -3.35953718 -3.35968724 -3.35981932 -3.35992898 -3.36002859 -3.36008133 -3.36011724 -3.36012941
-3.36025105 -3.36017088 -3.36005635 -3.35990825 -3.35975077 -3.35960286 -3.35946941 -3.35936202 -3.35928092 -3.35923279 -3.35920645 -3.35918701 -3.35918299 -3.35917321 -3.35915638 -3.35914905 -3.35913768 -3.35912937 -3.35912343 -3.35913975 -3.35918254 -3.35925670 -3.35937254 -3.35949958 -3.35966203 -3.35982029 -3.35996420 -3.36008839 -3.36019239 -3.36026532 -3.36029154 -3.36028888
-3.36034007 -3.36026623 -3.36015649 -3.36002932 -3.35989322 -3.35976621 -3.35966027 -3.35956957 -3.35952591 -3.35950726 -3.35950911 -3.35952032 -3.35954264 -3.35954161 -3.35952291 -3.35948744 -3.35945129 -3.35940091 -3.35935945 -3.35933015 -3.35933284 -3.35936684 -3.35944443 -3.35955548 -3.35970561 -3.35985386 -3.36000697 -3.36013339 -3.36024367 -3.36032857 -3.36036585 -3.36037057
-3.36037439 -3.36033184 -3.36025378 -3.36015716 -3.36005605 -3.35994948 -3.35987921 -3.35982679 -3.35980854 -3.35982108 -3.35985328 -3.35988737 -3.35991078 -3.35991930 -3.35989591 -3.35983286 -3.35974449 -3.35965756 -3.35955577 -3.35947542 -3.35943391 -3.35942112 -3.35945732 -3.35954957 -3.35966655 -3.35980327 -3.35995038 -3.36008771 -3.36021170 -3.36029956 -3.36036552 -3.36039515
