32 32 0 1
-3.36066263 -3.36060867 -3.36049708 -3.36036472 -3.36021736 -3.36007944 -3.35996765 -3.35990592 -3.35989060 -3.35991111 -3.35995668 -3.36000731 -3.36002865 -3.36002240 -3.35998160 -3.35988848 -3.35976508 -3.35963049 -3.35949879 -3.35939121 -3.35933120 -3.35931922 -3.35936255 -3.35945632 -3.35959247 -3.35977179 -3.35996280 -3.36014246 -3.36032233 -3.36047304 -3.36058939 -3.36065783
-3.36068294 -3.36066355 -3.36060791 -3.36050834 -3.36039397 -3.36028166 -3.36019118 -3.36015745 -3.36015140 -3.36019587 -3.36024897 -3.36031021 -3.36034826 -3.36033663 -3.36027919 -3.36015988 -3.35999789 -3.35981490 -3.35962277 -3.35946430 -3.35936324 -3.35930318 -3.35931432 -3.35936933 -3.35949326 -3.35964874 -3.35983411 -3.36002901 -3.36022001 -3.36039885 -3.36053482 -3.36063760
-3.36067485 -3.36070023 -3.36067313 -3.36061619 -3.36053886 -3.36044777 -3.36038179 -3.36035342 -3.36036867 -3.36043035 -3.36050309 -3.36056789 -3.36060120 -3.36058808 -3.36051976 -3.36037141 -3.36018658 -3.35996859 -3.35974139 -3.35954277 -3.35939239 -3.35930014 -3.35926809 -3.35930240 -3.35937627 -3.35952626 -3.35970102 -3.35990920 -3.36011047 -3.36030764 -3.36046423 -3.36059158
-3.36062175 -3.36067175 -3.36067526 -3.36065664 -3.36060872 -3.36054292 -3.36050139 -3.36050058 -3.36051926 -3.36058330 -3.36066359 -3.36072705 -3.36076341 -3.36073893 -3.36065660 -3.36049778 -3.36029421 -3.36005489 -3.35981195 -3.35958096 -3.35939833 -3.35927131 -3.35920610 -3.35921113 -3.35926758 -3.35939793 -3.35956678 -3.35976098 -3.35997987 -3.36018008 -3.36036451 -3.36051829
-3.36049482 -3.36056956 -3.36060234 -3.36060677 -3.36058927 -3.36055959 -3.36052974 -3.36053879 -3.36057411 -3.36064891 -3.36071441 -3.36077340 -3.36080456 -3.36076982 -3.36068108 -3.36052445 -3.36031300 -3.36006370 -3.35980757 -3.35956986 -3.35936556 -3.35921553 -3.35912495 -3.35910086 -3.35914759 -3.35924477 -3.35940146 -3.35959521 -3.35981000 -3.36001785 -3.36020616 -3.36037285
-3.36028505 -3.36037601 -3.36044012 -3.36047007 -3.36047732 -3.36046762 -3.36046094 -3.36047007 -3.36051121 -3.36057417 -3.36064058 -3.36069023 -3.36070946 -3.36068294 -3.36058236 -3.36042929 -3.36021940 -3.35997442 -3.35972322 -3.35947475 -3.35926345 -3.35910443 -3.35899983 -3.35895314 -3.35897531 -3.35905289 -3.35919594 -3.35938288 -3.35958386 -3.35979572 -3.35999522 -3.36016090
-3.35998079 -3.36008841 -3.36016457 -3.36022033 -3.36023931 -3.36025310 -3.36027433 -3.36028592 -3.36032774 -3.36037941 -3.36043073 -3.36047402 -3.36047707 -3.36044796 -3.36034901 -3.36019899 -3.36000177 -3.35976988 -3.35952907 -3.35929273 -3.35908200 -3.35891863 -3.35880171 -3.35873156 -3.35872917 -3.35879973 -3.35892434 -3.35909437 -3.35929156 -3.35949529 -3.35967645 -3.35983944
-3.35954179 -3.35966552 -3.35977150 -3.35984893 -3.35988201 -3.35992098 -3.35994407 -3.35996892 -3.36000566 -3.36004273 -3.36007796 -3.36010240 -3.36009404 -3.36005853 -3.35997111 -3.35982188 -3.35964315 -3.35943779 -3.35921384 -3.35899354 -3.35879357 -3.35862513 -3.35849517 -3.35840903 -3.35839553 -3.35844984 -3.35855168 -3.35870407 -3.35889478 -3.35907448 -3.35924288 -3.35939393
-3.35896889 -3.35910016 -3.35922518 -3.35932308 -3.35939245 -3.35944688 -3.35948407 -3.35950582 -3.35952803 -3.35955218 -3.35957248 -3.35957827 -3.35955890 -3.35950766 -3.35941435 -3.35928570 -3.35912615 -3.35894425 -3.35875268 -3.35854678 -3.35836253 -3.35820034 -3.35805960 -3.35797516 -3.35794100 -3.35797576 -3.35805967 -3.35819731 -3.35836364 -3.35851787 -3.35867550 -3.35882483
-3.35827112 -3.35841690 -3.35855518 -3.35867008 -3.35875451 -3.35882217 -3.35886991 -3.35889928 -3.35890703 -3.35890723 -3.35890699 -3.35889642 -3.35886081 -3.35880168 -3.35871001 -3.35858824 -3.35845079 -3.35829135 -3.35813080 -3.35795905 -3.35778774 -3.35762273 -3.35748673 -3.35739242 -3.35735610 -3.35737345 -3.35744307 -3.35755124 -3.35768496 -3.35783128 -3.35798056 -3.35812590
-3.35744288 -3.35760267 -3.35775743 -3.35789415 -3.35798972 -3.35806942 -3.35811073 -3.35812281 -3.35813319 -3.35811178 -3.35808877 -3.35805071 -3.35799957 -3.35793112 -3.35784538 -3.35773210 -3.35761773 -3.35749095 -3.35736197 -3.35721945 -3.35706790 -3.35692997 -3.35680035 -3.35670256 -3.35666108 -3.35665165 -3.35670415 -3.35678509 -3.35689587 -3.35702102 -3.35715402 -3.35729258
-3.35652961 -3.35669539 -3.35686222 -3.35699989 -3.35711656 -3.35719895 -3.35722343 -3.35723126 -3.35720935 -3.35717450 -3.35712537 -3.35706855 -3.35700960 -3.35692787 -3.35684358 -3.35674167 -3.35665711 -3.35656403 -3.35646874 -3.35635707 -3.35624203 -3.35612305 -3.35600839 -3.35591800 -3.35585366 -3.35583902 -3.35586329 -3.35592552 -3.35600420 -3.35611497 -3.35623531 -3.35637629
-3.35556250 -3.35572815 -3.35589765 -3.35604782 -3.35615954 -3.35623270 -3.35625748 -3.35623796 -3.35619858 -3.35614333 -3.35606991 -3.35598979 -3.35591326 -3.35583315 -3.35575404 -3.35568259 -3.35562038 -3.35557093 -3.35550285 -3.35543105 -3.35535054 -3.35526529 -3.35516129 -3.35506807 -3.35501048 -3.35497603 -3.35498342 -3.35501031 -3.35507062 -3.35516326 -3.35527727 -3.35541125
-3.35460448 -3.35477166 -3.35492963 -3.35506911 -3.35518553 -3.35525233 -3.35525730 -3.35522425 -3.35516461 -3.35509264 -3.35500391 -3.35489977 -3.35479966 -3.35472666 -3.35465742 -3.35460862 -3.35457995 -3.35456498 -3.35453305 -3.35450770 -3.35445837 -3.35439490 -3.35431356 -3.35423357 -3.35417445 -3.35413098 -3.35411901 -3.35412507 -3.35416864 -3.35423989 -3.35432991 -3.35446159
-3.35373811 -3.35388372 -3.35404465 -3.35417838 -3.35427738 -3.35433240 -3.35432726 -3.35427754 -3.35418849 -3.35409770 -3.35399835 -3.35389017 -3.35379517 -3.35371797 -3.35366713 -3.35363421 -3.35363150 -3.35364773 -3.35365601 -3.35366365 -3.35364688 -3.35360593 -3.35355147 -3.35348145 -3.35342641 -3.35338192 -3.35335631 -3.35334659 -3.35336221 -3.35340995 -3.35349045 -3.35359966
-3.35302622 -3.35316299 -3.35331493 -3.35343946 -3.35353142 -3.35357975 -3.35356667 -3.35349550 -3.35339579 -3.35328967 -3.35316864 -3.35306845 -3.35298212 -3.35291313 -3.35287492 -3.35286282 -3.35288100 -3.35291641 -3.35295619 -3.35297598 -3.35298892 -3.35296967 -3.35294106 -3.35289641 -3.35285035 -3.35280814 -3.35277794 -3.35274199 -3.35273829 -3.35276024 -3.35280505 -3.35290224
-3.35256789 -3.35269053 -3.35282982 -3.35294838 -3.35302646 -3.35306449 -3.35304171 -3.35297220 -3.35286380 -3.35275057 -3.35264003 -3.35252724 -3.35243687 -3.35238450 -3.35235974 -3.35236401 -3.35239041 -3.35244677 -3.35249601 -3.35253454 -3.35255755 -3.35255946 -3.35256068 -3.35254113 -3.35250814 -3.35246768 -3.35243379 -3.35239708 -3.35237129 -3.35235770 -3.35239315 -3.35246184
-3.35240284 -3.35252606 -3.35265283 -3.35276124 -3.35282808 -3.35285678 -3.35283147 -3.35276353 -3.35266377 -3.35254705 -3.35243110 -3.35232840 -3.35225886 -3.35220337 -3.35219112 -3.35219727 -3.35223141 -3.35227331 -3.35232979 -3.35237682 -3.35241497 -3.35243813 -3.35244854 -3.35245122 -3.35244735 -3.35241984 -3.35238615 -3.35234111 -3.35228988 -3.35226848 -3.35227268 -3.35231981
-3.35257708 -3.35267786 -3.35278660 -3.35288682 -3.35295993 -3.35298337 -3.35296076 -3.35289914 -3.35280642 -3.35268879 -3.35257351 -3.35247453 -3.35240697 -3.35236051 -3.35235373 -3.35236232 -3.35239258 -3.35243572 -3.35248105 -3.35252236 -3.35256489 -3.35260260 -3.35264059 -3.35266610 -3.35267559 -3.35266945 -3.35263145 -3.35258284 -3.35252402 -3.35249143 -3.35247598 -3.35250579
-3.35305131 -3.35313464 -3.35322963 -3.35332229 -3.35339239 -3.35341408 -3.35339907 -3.35334285 -3.35325389 -3.35315025 -3.35304467 -3.35294828 -3.35288338 -3.35283185 -3.35283551 -3.35283703 -3.35284691 -3.35288473 -3.35291097 -3.35293893 -3.35298835 -3.35304102 -3.35309774 -3.35314767 -3.35318734 -3.35319532 -3.35316546 -3.35311108 -3.35305841 -3.35301505 -3.35298474 -3.35299999
-3.35378131 -3.35385098 -3.35393209 -3.35400790 -3.35407226 -3.35408990 -3.35407612 -3.35402400 -3.35394345 -3.35385074 -3.35374459 -3.35366261 -3.35360456 -3.35355097 -3.35353704 -3.35352019 -3.35352258 -3.35354840 -3.35356711 -3.35358522 -3.35363473 -3.35370883 -3.35378668 -3.35386147 -3.35392579 -3.35395429 -3.35393856 -3.35388536 -3.35382304 -3.35377689 -3.35374138 -3.35374231
-3.35468281 -3.35474305 -3.35480351 -3.35485549 -3.35491070 -3.35492301 -3.35489502 -3.35485069 -3.35477953 -3.35468939 -3.35460075 -3.35452776 -3.35446057 -3.35440840 -3.35437536 -3.35435138 -3.35434284 -3.35435055 -3.35435954 -3.35437989 -3.35443490 -3.35452448 -3.35462458 -3.35473178 -3.35480875 -3.35484715 -3.35485390 -3.35481656 -3.35476200 -3.35470775 -3.35466819 -3.35465977
-3.35568116 -3.35571132 -3.35574362 -3.35579026 -3.35580393 -3.35580326 -3.35576886 -3.35572413 -3.35566319 -3.35558376 -3.35549877 -3.35542583 -3.35535422 -3.35529198 -3.35525506 -3.35522473 -3.35520872 -3.35519919 -3.35520424 -3.35524261 -3.35531669 -3.35541600 -3.35554345 -3.35565948 -3.35575600 -3.35582620 -3.35583701 -3.35582525 -3.35578607 -3.35572168 -3.35568479 -3.35566868
-3.35668886 -3.35669643 -3.35669595 -3.35669303 -3.35667895 -3.35664263 -3.35660243 -3.35655458 -3.35648940 -3.35642509 -3.35634758 -3.35626882 -3.35619461 -3.35613447 -3.35608204 -3.35605228 -3.35602676 -3.35601566 -3.35604461 -3.35610063 -3.35617984 -3.35630559 -3.35643986 -3.35657623 -3.35669823 -3.35677937 -3.35682274 -3.35681491 -3.35678564 -3.35674674 -3.35672017 -3.35668860
-3.35763543 -3.35760572 -3.35756888 -3.35752179 -3.35746710 -3.35739949 -3.35733926 -3.35727544 -3.35720291 -3.35714364 -3.35707319 -3.35698923 -3.35692043 -3.35686501 -3.35681613 -3.35677917 -3.35676266 -3.35676240 -3.35680086 -3.35686152 -3.35697270 -3.35710790 -3.35726149 -3.35741879 -3.35755625 -3.35765810 -3.35771875 -3.35773793 -3.35773142 -3.35770536 -3.35767754 -3.35765409
-3.35845776 -3.35839785 -3.35832185 -3.35822059 -3.35812090 -3.35802494 -3.35792852 -3.35784664 -3.35777537 -3.35771708 -3.35764474 -3.35758293 -3.35751409 -3.35745914 -3.35741818 -3.35738948 -3.35737930 -3.35740912 -3.35744522 -3.35753234 -3.35765198 -3.35779312 -3.35796065 -3.35812931 -3.35828118 -3.35841153 -3.35849214 -3.35853578 -3.35855768 -3.35854857 -3.35852848 -3.35849631
-3.35914307 -3.35904512 -3.35891792 -3.35878485 -3.35864166 -3.35850280 -3.35839523 -3.35828899 -3.35821230 -3.35815197 -3.35809116 -3.35803775 -3.35798484 -3.35794676 -3.35790545 -3.35788201 -3.35789483 -3.35791534 -3.35798504 -3.35807006 -3.35819326 -3.35835151 -3.35851594 -3.35869232 -3.35885714 -3.35900730 -3.35911651 -3.35918389 -3.35922956 -3.35924131 -3.35923176 -3.35919286
-3.35966871 -3.35954706 -3.35939770 -3.35922202 -3.35904226 -3.35887434 -3.35873442 -3.35861881 -3.35854365 -3.35848752 -3.35843687 -3.35839777 -3.35837043 -3.35833376 -3.35830773 -3.35829685 -3.35830916 -3.35833846 -3.35839601 -3.35848221 -3.35860719 -3.35875998 -3.35892511 -3.35910213 -3.35928348 -3.35943486 -3.35957354 -3.35966925 -3.35973751 -3.35976762 -3.35976743 -3.35974064
-3.36005692 -3.35992586 -3.35975013 -3.35954724 -3.35933882 -3.35915591 -3.35901359 -3.35889251 -3.35881616 -3.35876285 -3.35872892 -3.35870897 -3.35869560 -3.35867188 -3.35865594 -3.35864021 -3.35864758 -3.35867505 -3.35871946 -3.35879266 -3.35889739 -3.35903470 -3.35919519 -3.35936532 -3.35954611 -3.35971594 -3.35986950 -3.35999144 -3.36009106 -3.36014509 -3.36015619 -3.36013276
-3.36031188 -3.36017854 -3.36000764 -3.35980036 -3.35958722 -3.35939505 -3.35924336 -3.35913319 -3.35906168 -3.35902402 -3.35901462 -3.35900626 -3.35901241 -3.35899827 -3.35897356 -3.35896341 -3.35894905 -3.35894958 -3.35896531 -3.35901057 -3.35908359 -3.35919236 -3.35933500 -3.35949185 -3.35967997 -3.35986437 -3.36002863 -3.36017540 -3.36029339 -3.36037845 -3.36040747 -3.36038699
-3.36048533 -3.36037091 -3.36020375 -3.36001216 -3.35980925 -3.35962371 -3.35948485 -3.35937378 -3.35931897 -3.35930353 -3.35930775 -3.35932105 -3.35934143 -3.35933560 -3.35931202 -3.35927139 -3.35923297 -3.35919187 -3.35917149 -3.35917174 -3.35920667 -3.35927950 -3.35939306 -3.35953934 -3.35972418 -3.35990215 -3.36008220 -3.36024149 -3.36038333 -3.36049107 -3.36053797 -3.36053719
-3.36059075 -3.36050246 -3.36036628 -3.36019691 -3.36002078 -3.35984999 -3.35972443 -3.35963888 -3.35959590 -3.35960168 -3.35962680 -3.35965867 -3.35967869 -3.35968312 -3.35965562 -3.35958755 -3.35950308 -3.35942791 -3.35934722 -3.35929763 -3.35929047 -3.35931367 -3.35939261 -3.35952399 -3.35968077 -3.35985336 -3.36004539 -3.36022446 -3.36038378 -3.36050858 -3.36059654 -3.36062945
