32 32 0 1
-3.36018364 -3.36021322 -3.36021432 -3.36020533 -3.36018120 -3.36015719 -3.36013565 -3.36013069 -3.36014408 -3.36016708 -3.36019556 -3.36021499 -3.36019930 -3.36015011 -3.36006074 -3.35991430 -3.35973493 -3.35954220 -3.35934826 -3.35918380 -3.35906341 -3.35899933 -3.35899487 -3.35904691 -3.35914915 -3.35929773 -3.35946131 -3.35962152 -3.35977809 -3.35991873 -3.36003658 -3.36012949
-3.36017873 -3.36024337 -3.36030034 -3.36032335 -3.36033117 -3.36032733 -3.36032361 -3.36035090 -3.36037059 -3.36042108 -3.36046135 -3.36049809 -3.36050199 -3.36044554 -3.36034153 -3.36017159 -3.35995483 -3.35971112 -3.35946406 -3.35924916 -3.35909303 -3.35897654 -3.35893607 -3.35894815 -3.35903280 -3.35915384 -3.35930774 -3.35947540 -3.35964366 -3.35980860 -3.35994960 -3.36008010
-3.36016908 -3.36028153 -3.36036440 -3.36043336 -3.36047702 -3.36049175 -3.36050894 -3.36053231 -3.36057735 -3.36063970 -3.36069700 -3.36073690 -3.36074143 -3.36068772 -3.36057202 -3.36037499 -3.36013519 -3.35986187 -3.35958124 -3.35932740 -3.35911726 -3.35896997 -3.35888507 -3.35887529 -3.35890966 -3.35901849 -3.35915735 -3.35933471 -3.35951293 -3.35969787 -3.35986395 -3.36002906
-3.36014063 -3.36028178 -3.36040179 -3.36050640 -3.36057196 -3.36060838 -3.36064601 -3.36069368 -3.36073379 -3.36079854 -3.36086843 -3.36090538 -3.36090728 -3.36084374 -3.36071416 -3.36050931 -3.36025910 -3.35995840 -3.35966239 -3.35937638 -3.35913866 -3.35895694 -3.35884397 -3.35880305 -3.35881481 -3.35889993 -3.35903133 -3.35919596 -3.35938998 -3.35958164 -3.35977528 -3.35996767
-3.36005045 -3.36021882 -3.36036507 -3.36048881 -3.36058556 -3.36065369 -3.36069972 -3.36076235 -3.36081342 -3.36088282 -3.36093718 -3.36097474 -3.36097320 -3.36090051 -3.36076546 -3.36056331 -3.36029903 -3.35999522 -3.35968801 -3.35939614 -3.35913680 -3.35893275 -3.35878984 -3.35871868 -3.35871844 -3.35877461 -3.35889364 -3.35905716 -3.35924632 -3.35944966 -3.35965268 -3.35986296
-3.35989011 -3.36007031 -3.36023262 -3.36038492 -3.36050376 -3.36058480 -3.36065632 -3.36071802 -3.36078444 -3.36085196 -3.36090653 -3.36093241 -3.36092819 -3.36086737 -3.36071780 -3.36051811 -3.36025416 -3.35995594 -3.35964791 -3.35934556 -3.35907863 -3.35887071 -3.35871030 -3.35861523 -3.35859452 -3.35862433 -3.35873122 -3.35888662 -3.35907020 -3.35927908 -3.35949198 -3.35969544
-3.35962684 -3.35981617 -3.35999323 -3.36015242 -3.36027832 -3.36039125 -3.36049332 -3.36056191 -3.36064409 -3.36071283 -3.36075980 -3.36079460 -3.36077614 -3.36071297 -3.36057303 -3.36037043 -3.36011520 -3.35982098 -3.35952063 -3.35922913 -3.35896246 -3.35874610 -3.35857585 -3.35845915 -3.35841126 -3.35844332 -3.35852898 -3.35866653 -3.35884213 -3.35903788 -3.35923185 -3.35942717
-3.35922551 -3.35941227 -3.35961056 -3.35978195 -3.35991909 -3.36005932 -3.36017734 -3.36028002 -3.36037037 -3.36044069 -3.36049232 -3.36052118 -3.36049737 -3.36043448 -3.36030991 -3.36011384 -3.35986867 -3.35959219 -3.35930837 -3.35901622 -3.35875490 -3.35853457 -3.35835463 -3.35822569 -3.35817080 -3.35818461 -3.35825282 -3.35837008 -3.35853419 -3.35869689 -3.35886301 -3.35903437
-3.35869426 -3.35887659 -3.35907023 -3.35925506 -3.35942079 -3.35958464 -3.35972308 -3.35984060 -3.35994300 -3.36003019 -3.36009536 -3.36012630 -3.36010920 -3.36004019 -3.35991554 -3.35973130 -3.35950526 -3.35925403 -3.35897441 -3.35869640 -3.35844465 -3.35822857 -3.35803909 -3.35790755 -3.35784070 -3.35783867 -3.35789357 -3.35799213 -3.35811991 -3.35824381 -3.35838763 -3.35853256
-3.35805782 -3.35821754 -3.35839482 -3.35858771 -3.35876562 -3.35894892 -3.35911199 -3.35924951 -3.35937058 -3.35946690 -3.35954254 -3.35959032 -3.35958543 -3.35953257 -3.35940888 -3.35923780 -3.35903159 -3.35879080 -3.35853537 -3.35826478 -3.35800927 -3.35778791 -3.35759940 -3.35747625 -3.35740435 -3.35740444 -3.35744532 -3.35751733 -3.35760372 -3.35770288 -3.35780353 -3.35791928
-3.35729063 -3.35742416 -3.35759394 -3.35778352 -3.35796201 -3.35815399 -3.35832292 -3.35848374 -3.35863064 -3.35874681 -3.35884520 -3.35890203 -3.35891647 -3.35886879 -3.35877407 -3.35861601 -3.35842873 -3.35820225 -3.35795368 -3.35769856 -3.35744885 -3.35723388 -3.35705442 -3.35692887 -3.35687505 -3.35685848 -3.35689269 -3.35693999 -3.35700214 -3.35705883 -3.35711428 -3.35718856
-3.35643519 -3.35653849 -3.35668502 -3.35684889 -3.35702934 -3.35721649 -3.35738865 -3.35756391 -3.35772558 -3.35786705 -3.35799039 -3.35807430 -3.35811315 -3.35808458 -3.35801255 -3.35787331 -3.35769712 -3.35748576 -3.35725146 -3.35699870 -3.35676308 -3.35655177 -3.35639001 -3.35628151 -3.35622959 -3.35622229 -3.35624238 -3.35627751 -3.35630298 -3.35632445 -3.35633780 -3.35637260
-3.35551300 -3.35557479 -3.35568548 -3.35583207 -3.35599282 -3.35616621 -3.35634820 -3.35653074 -3.35670724 -3.35687136 -3.35701202 -3.35712148 -3.35718700 -3.35719477 -3.35713673 -3.35703258 -3.35687636 -3.35667915 -3.35644644 -3.35621145 -3.35598491 -3.35579348 -3.35564710 -3.35555111 -3.35551986 -3.35551511 -3.35553900 -3.35555089 -3.35554515 -3.35553273 -3.35550648 -3.35549594
-3.35457550 -3.35459687 -3.35466582 -3.35477437 -3.35492512 -3.35509065 -3.35525587 -3.35544215 -3.35563693 -3.35582674 -3.35599285 -3.35611772 -3.35619743 -3.35623973 -3.35621301 -3.35613338 -3.35600248 -3.35581235 -3.35560090 -3.35537942 -3.35516484 -3.35499147 -3.35486233 -3.35479716 -3.35478526 -3.35479323 -3.35481344 -3.35481147 -3.35478796 -3.35473310 -3.35466277 -3.35460926
-3.35370614 -3.35367459 -3.35371941 -3.35380074 -3.35391911 -3.35406825 -3.35423162 -3.35441612 -3.35460956 -3.35481148 -3.35499859 -3.35515372 -3.35526999 -3.35532471 -3.35532972 -3.35526764 -3.35515033 -3.35498671 -3.35478990 -3.35458349 -3.35438081 -3.35423223 -3.35412921 -3.35408634 -3.35408944 -3.35411983 -3.35414520 -3.35413045 -3.35407417 -3.35397953 -3.35387600 -3.35377500
-3.35296906 -3.35291322 -3.35292796 -3.35298721 -3.35309071 -3.35322870 -3.35338692 -3.35356258 -3.35375957 -3.35396206 -3.35414994 -3.35433007 -3.35446660 -3.35454570 -3.35457332 -3.35452975 -3.35443192 -3.35428511 -3.35410122 -3.35390174 -3.35372349 -3.35358690 -3.35351318 -3.35350322 -3.35353042 -3.35357703 -3.35360395 -3.35356210 -3.35348150 -3.35335292 -3.35320085 -3.35307210
-3.35248298 -3.35240671 -3.35240631 -3.35245445 -3.35254859 -3.35267453 -3.35282118 -3.35299796 -3.35318406 -3.35337887 -3.35357759 -3.35374596 -3.35388391 -3.35398159 -3.35401976 -3.35400136 -3.35391523 -3.35378774 -3.35361771 -3.35343675 -3.35327544 -3.35316308 -3.35312124 -3.35313497 -3.35318412 -3.35322961 -3.35324927 -3.35320079 -3.35309702 -3.35292769 -3.35275636 -3.35260194
-3.35229759 -3.35223749 -3.35223579 -3.35228179 -3.35236650 -3.35248375 -3.35262256 -3.35278685 -3.35296739 -3.35314410 -3.35332158 -3.35348229 -3.35362228 -3.35370940 -3.35375899 -3.35374382 -3.35367795 -3.35354823 -3.35340643 -3.35324879 -3.35311800 -3.35303296 -3.35300422 -3.35303829 -3.35309996 -3.35315309 -3.35315912 -3.35309668 -3.35296245 -3.35278858 -3.35259583 -3.35242433
-3.35247647 -3.35242606 -3.35242373 -3.35248148 -3.35257758 -3.35268950 -3.35282088 -3.35297243 -3.35312552 -3.35326847 -3.35341551 -3.35354876 -3.35366356 -3.35374646 -3.35379193 -3.35378591 -3.35373306 -3.35362551 -3.35349898 -3.35336733 -3.35326291 -3.35319925 -3.35320282 -3.35324922 -3.35331236 -3.35336276 -3.35334904 -3.35326669 -3.35311847 -3.35294620 -3.35274955 -3.35258582
-3.35298791 -3.35295428 -3.35297302 -3.35304971 -3.35314801 -3.35325772 -3.35337714 -3.35350091 -3.35361911 -3.35373320 -3.35383954 -3.35393282 -3.35401582 -3.35407076 -3.35411912 -3.35411075 -3.35405923 -3.35397596 -3.35386561 -3.35375379 -3.35368342 -3.35365166 -3.35367474 -3.35373101 -3.35380403 -3.35383855 -3.35381517 -3.35371502 -3.35357487 -3.35340116 -3.35321160 -3.35307650
-3.35377178 -3.35376995 -3.35381458 -3.35389342 -3.35399798 -3.35409690 -3.35419667 -3.35429232 -3.35437024 -3.35444538 -3.35449906 -3.35455677 -3.35460593 -3.35463462 -3.35465426 -3.35463561 -3.35459416 -3.35453590 -3.35445002 -3.35436855 -3.35432293 -3.35432190 -3.35436429 -3.35443290 -3.35450684 -3.35454045 -3.35451165 -3.35440245 -3.35425290 -3.35410027 -3.35393946 -3.35383261
-3.35474162 -3.35476853 -3.35482625 -3.35490141 -3.35500654 -3.35509334 -3.35516367 -3.35522698 -3.35526845 -3.35529563 -3.35531734 -3.35533174 -3.35533605 -3.35533665 -3.35532869 -3.35529890 -3.35526824 -3.35522002 -3.35515639 -3.35510331 -3.35509186 -3.35512079 -3.35518372 -3.35526933 -3.35533269 -3.35535932 -3.35533218 -3.35523916 -3.35510791 -3.35496695 -3.35484258 -3.35476656
-3.35579060 -3.35582865 -3.35589043 -3.35597414 -3.35604730 -3.35611645 -3.35616062 -3.35619218 -3.35619948 -3.35619114 -3.35616829 -3.35613980 -3.35610527 -3.35606660 -3.35604464 -3.35601110 -3.35597849 -3.35594001 -3.35590276 -3.35588534 -3.35590340 -3.35595952 -3.35604421 -3.35613243 -3.35619740 -3.35623943 -3.35621301 -3.35614671 -3.35604232 -3.35591823 -3.35583321 -3.35578831
-3.35682605 -3.35687605 -3.35692809 -3.35698328 -3.35703091 -3.35706250 -3.35707761 -3.35708320 -3.35705741 -3.35702346 -3.35696484 -3.35689951 -3.35682996 -3.35677241 -3.35672400 -3.35668401 -3.35664561 -3.35662300 -3.35661791 -3.35663190 -3.35667314 -3.35675712 -3.35684718 -3.35694739 -3.35703123 -3.35707822 -3.35707641 -3.35701918 -3.35694603 -3.35687634 -3.35682579 -3.35680205
-3.35776816 -3.35780051 -3.35783842 -3.35785946 -3.35788152 -3.35787809 -3.35786409 -3.35782965 -3.35778255 -3.35772100 -3.35763552 -3.35754482 -3.35745839 -3.35738640 -3.35732226 -3.35727112 -3.35724220 -3.35722871 -3.35723949 -3.35727006 -3.35734008 -3.35743945 -3.35754740 -3.35766267 -3.35776287 -3.35782681 -3.35784470 -3.35782317 -3.35779421 -3.35775244 -3.35773584 -3.35773881
-3.35855163 -3.35856756 -3.35857708 -3.35856429 -3.35854993 -3.35851405 -3.35846330 -3.35840895 -3.35834217 -3.35826650 -3.35816064 -3.35806271 -3.35797163 -3.35788575 -3.35781151 -3.35776403 -3.35773223 -3.35774399 -3.35775079 -3.35780071 -3.35787990 -3.35798633 -3.35811246 -3.35823960 -3.35835347 -3.35844184 -3.35848915 -3.35851345 -3.35851699 -3.35850922 -3.35851801 -3.35853341
-3.35916820 -3.35915900 -3.35912398 -3.35908947 -3.35903685 -3.35897096 -3.35890706 -3.35883012 -3.35875212 -3.35866741 -3.35856576 -3.35846905 -3.35837074 -3.35828757 -3.35821101 -3.35816088 -3.35813910 -3.35812853 -3.35816657 -3.35821464 -3.35829675 -3.35840817 -3.35853575 -3.35867483 -3.35879779 -3.35891799 -3.35900097 -3.35905392 -3.35909188 -3.35911719 -3.35914056 -3.35915235
-3.35961520 -3.35958149 -3.35953189 -3.35946151 -3.35938079 -3.35929097 -3.35921577 -3.35912925 -3.35905021 -3.35896965 -3.35888292 -3.35879630 -3.35871154 -3.35862577 -3.35855102 -3.35849334 -3.35846847 -3.35845719 -3.35847910 -3.35852165 -3.35859764 -3.35870434 -3.35883488 -3.35896994 -3.35911642 -3.35924510 -3.35936577 -3.35945240 -3.35952169 -3.35956410 -3.35959958 -3.35961771
-3.35990954 -3.35986532 -3.35979310 -3.35970749 -3.35960597 -3.35951339 -3.35943834 -3.35935515 -3.35928519 -3.35921151 -3.35913876 -3.35906913 -3.35900237 -3.35891853 -3.35885204 -3.35878892 -3.35874947 -3.35872559 -3.35871736 -3.35874695 -3.35880685 -3.35890041 -3.35901924 -3.35915057 -3.35930418 -3.35944824 -3.35958479 -3.35969828 -3.35980107 -3.35986059 -3.35989707 -3.35992233
-3.36006413 -3.36002100 -3.35995661 -3.35986710 -3.35977124 -3.35968209 -3.35960045 -3.35953341 -3.35947675 -3.35942884 -3.35938548 -3.35933387 -3.35928342 -3.35921066 -3.35913427 -3.35907019 -3.35900233 -3.35894847 -3.35890971 -3.35890481 -3.35892881 -3.35898846 -3.35909393 -3.35921321 -3.35937224 -3.35952892 -3.35968131 -3.35981720 -3.35993067 -3.36001812 -3.36005787 -3.36007748
-3.36015140 -3.36011537 -3.36005745 -3.35998600 -3.35990715 -3.35983014 -3.35976995 -3.35971203 -3.35967813 -3.35965501 -3.35963487 -3.35960912 -3.35958098 -3.35952070 -3.35944153 -3.35934318 -3.35925261 -3.35916017 -3.35907959 -3.35902134 -3.35900358 -3.35902180 -3.35909463 -3.35920801 -3.35936447 -3.35951975 -3.35968122 -3.35982271 -3.35994779 -3.36005399 -3.36011446 -3.36014772
-3.36017279 -3.36017150 -3.36014262 -3.36009400 -3.36004086 -3.35997958 -3.35994168 -3.35991321 -3.35990060 -3.35990603 -3.35991101 -3.35991014 -3.35988570 -3.35983897 -3.35975746 -3.35963796 -3.35949511 -3.35935856 -3.35921991 -3.35911129 -3.35904936 -3.35902273 -3.35905574 -3.35915165 -3.35927523 -3.35942235 -3.35958659 -3.35974688 -3.35989084 -3.36000639 -3.36009765 -3.36015825
