32 32 0 1
-3.36072613 -3.36064781 -3.36052850 -3.36039713 -3.36026412 -3.36014037 -3.36003818 -3.35998027 -3.35996290 -3.35997271 -3.36000233 -3.36004063 -3.36005981 -3.36006500 -3.36004520 -3.35998486 -3.35989898 -3.35980589 -3.35971242 -3.35963342 -3.35959636 -3.35960511 -3.35966108 -3.35976173 -3.35990492 -3.36008100 -3.36025795 -3.36041623 -3.36055862 -3.36066588 -3.36073478 -3.36076119
-3.36070547 -3.36066725 -3.36060841 -3.36051770 -3.36041954 -3.36032193 -3.36024068 -3.36021344 -3.36020193 -3.36023116 -3.36026676 -3.36031202 -3.36034595 -3.36034200 -3.36030268 -3.36021627 -3.36009700 -3.35995309 -3.35980444 -3.35968309 -3.35960669 -3.35956240 -3.35958172 -3.35964041 -3.35976278 -3.35990929 -3.36007405 -3.36024063 -3.36039532 -3.36053119 -3.36062274 -3.36068996
-3.36065619 -3.36067375 -3.36065491 -3.36061781 -3.36056188 -3.36048897 -3.36043052 -3.36040073 -3.36040412 -3.36044360 -3.36048757 -3.36053346 -3.36056109 -3.36055330 -3.36049929 -3.36038499 -3.36024272 -3.36007112 -3.35988877 -3.35972542 -3.35960242 -3.35952285 -3.35949536 -3.35953240 -3.35959635 -3.35972744 -3.35987316 -3.36004922 -3.36021236 -3.36036734 -3.36049018 -3.36059268
-3.36057026 -3.36062754 -3.36065559 -3.36066281 -3.36063859 -3.36058892 -3.36055716 -3.36054796 -3.36054583 -3.36057571 -3.36062829 -3.36066854 -3.36068854 -3.36066575 -3.36059567 -3.36047266 -3.36031943 -3.36012257 -3.35992526 -3.35973144 -3.35957665 -3.35946083 -3.35939827 -3.35939919 -3.35943773 -3.35954031 -3.35967558 -3.35983223 -3.36000975 -3.36017097 -3.36032824 -3.36046516
-3.36041265 -3.36051485 -3.36057945 -3.36061633 -3.36062342 -3.36061219 -3.36058795 -3.36058688 -3.36059314 -3.36063040 -3.36065782 -3.36069181 -3.36070673 -3.36067391 -3.36059946 -3.36047434 -3.36030395 -3.36010274 -3.35989198 -3.35969034 -3.35951318 -3.35937423 -3.35927770 -3.35924493 -3.35926174 -3.35932749 -3.35943839 -3.35958957 -3.35976044 -3.35994031 -3.36011631 -3.36027807
-3.36017710 -3.36030373 -3.36040356 -3.36047788 -3.36051589 -3.36052320 -3.36052318 -3.36051880 -3.36052849 -3.36055491 -3.36058075 -3.36060336 -3.36061176 -3.36058221 -3.36049501 -3.36037614 -3.36019772 -3.35999690 -3.35978279 -3.35957217 -3.35938436 -3.35923562 -3.35911854 -3.35905052 -3.35903940 -3.35907238 -3.35916547 -3.35930168 -3.35946857 -3.35965571 -3.35984556 -3.36002044
-3.35983485 -3.35998587 -3.36011002 -3.36020693 -3.36026570 -3.36030090 -3.36032498 -3.36033012 -3.36034559 -3.36037066 -3.36039078 -3.36041236 -3.36040609 -3.36037928 -3.36029252 -3.36016631 -3.35999292 -3.35979289 -3.35958210 -3.35937608 -3.35917905 -3.35902033 -3.35888692 -3.35879283 -3.35874936 -3.35877576 -3.35884307 -3.35896501 -3.35912123 -3.35930032 -3.35948009 -3.35965908
-3.35935263 -3.35951696 -3.35967951 -3.35980177 -3.35987963 -3.35994895 -3.35998806 -3.36001499 -3.36003733 -3.36005176 -3.36006891 -3.36008681 -3.36007499 -3.36003988 -3.35996470 -3.35983454 -3.35967405 -3.35947840 -3.35927340 -3.35906009 -3.35886717 -3.35869438 -3.35854909 -3.35843911 -3.35839130 -3.35839246 -3.35844318 -3.35854112 -3.35868552 -3.35884289 -3.35900570 -3.35916928
-3.35873577 -3.35891324 -3.35908915 -3.35923580 -3.35934910 -3.35943869 -3.35949753 -3.35953634 -3.35956958 -3.35959280 -3.35961542 -3.35962977 -3.35962056 -3.35958074 -3.35949519 -3.35937534 -3.35921935 -3.35903736 -3.35883013 -3.35861704 -3.35842371 -3.35825110 -3.35809293 -3.35798586 -3.35792567 -3.35791324 -3.35794955 -3.35802871 -3.35814124 -3.35826346 -3.35841331 -3.35856660
-3.35801065 -3.35818444 -3.35836269 -3.35852889 -3.35866097 -3.35877515 -3.35885602 -3.35891014 -3.35895104 -3.35898057 -3.35900572 -3.35902833 -3.35902192 -3.35898612 -3.35890840 -3.35878133 -3.35863344 -3.35845121 -3.35825474 -3.35804743 -3.35784185 -3.35766390 -3.35750936 -3.35739962 -3.35733995 -3.35733528 -3.35736113 -3.35741326 -3.35749579 -3.35759661 -3.35771240 -3.35785235
-3.35716859 -3.35733613 -3.35751556 -3.35769450 -3.35783041 -3.35795711 -3.35804004 -3.35810612 -3.35816459 -3.35819899 -3.35824031 -3.35826019 -3.35826537 -3.35823164 -3.35816370 -3.35804066 -3.35789911 -3.35772010 -3.35752980 -3.35732170 -3.35711980 -3.35694834 -3.35680549 -3.35669811 -3.35665240 -3.35663177 -3.35665755 -3.35669542 -3.35675633 -3.35682728 -3.35691035 -3.35702380
-3.35625102 -3.35640414 -3.35657753 -3.35674546 -3.35689334 -3.35701260 -3.35709529 -3.35716135 -3.35721834 -3.35726316 -3.35730986 -3.35734624 -3.35736057 -3.35733684 -3.35727407 -3.35715927 -3.35702341 -3.35685009 -3.35666036 -3.35645878 -3.35626905 -3.35610614 -3.35597843 -3.35589366 -3.35585164 -3.35584345 -3.35586367 -3.35589799 -3.35593796 -3.35598071 -3.35603561 -3.35612425
-3.35530028 -3.35542949 -3.35558523 -3.35574224 -3.35587528 -3.35597751 -3.35605941 -3.35611492 -3.35616649 -3.35621923 -3.35626671 -3.35630973 -3.35633284 -3.35632355 -3.35627072 -3.35618000 -3.35604990 -3.35589196 -3.35569446 -3.35550776 -3.35533298 -3.35519167 -3.35507746 -3.35500978 -3.35499432 -3.35500020 -3.35502666 -3.35505138 -3.35507186 -3.35510614 -3.35513694 -3.35520011
-3.35437087 -3.35448301 -3.35460807 -3.35473739 -3.35486056 -3.35494480 -3.35499653 -3.35504230 -3.35509127 -3.35514210 -3.35519351 -3.35523723 -3.35525468 -3.35526124 -3.35522627 -3.35514918 -3.35503348 -3.35488252 -3.35470529 -3.35453120 -3.35437896 -3.35425017 -3.35415923 -3.35412621 -3.35414023 -3.35416174 -3.35419401 -3.35422185 -3.35424266 -3.35425046 -3.35426062 -3.35430002
-3.35355715 -3.35363543 -3.35374654 -3.35385226 -3.35393861 -3.35400018 -3.35403342 -3.35406013 -3.35408843 -3.35412810 -3.35418100 -3.35422949 -3.35426606 -3.35427169 -3.35424736 -3.35418334 -3.35407521 -3.35394492 -3.35378550 -3.35362829 -3.35348804 -3.35338845 -3.35333344 -3.35332300 -3.35336130 -3.35340772 -3.35346140 -3.35349265 -3.35350035 -3.35349188 -3.35349072 -3.35350482
-3.35291998 -3.35298000 -3.35307089 -3.35315707 -3.35321946 -3.35326626 -3.35327988 -3.35327810 -3.35328899 -3.35331405 -3.35334724 -3.35340132 -3.35344378 -3.35345966 -3.35344323 -3.35338727 -3.35329243 -3.35317624 -3.35303193 -3.35288396 -3.35276492 -3.35269042 -3.35266244 -3.35269126 -3.35275329 -3.35283252 -3.35290479 -3.35292800 -3.35293277 -3.35291042 -3.35288062 -3.35288618
-3.35256203 -3.35260373 -3.35268131 -3.35275405 -3.35280222 -3.35282548 -3.35281852 -3.35280311 -3.35278830 -3.35279548 -3.35282630 -3.35285891 -3.35288974 -3.35291408 -3.35290241 -3.35285682 -3.35276737 -3.35266615 -3.35253013 -3.35240456 -3.35230041 -3.35225087 -3.35225911 -3.35231659 -3.35240802 -3.35250298 -3.35258132 -3.35261852 -3.35261989 -3.35257521 -3.35254514 -3.35253635
-3.35251102 -3.35256350 -3.35263277 -3.35270138 -3.35272967 -3.35273693 -3.35271454 -3.35268825 -3.35266254 -3.35264755 -3.35265013 -3.35267378 -3.35270445 -3.35271117 -3.35270636 -3.35265534 -3.35257817 -3.35246696 -3.35235319 -3.35224690 -3.35217064 -3.35214435 -3.35217361 -3.35225548 -3.35237061 -3.35248392 -3.35256709 -3.35260411 -3.35259174 -3.35255384 -3.35250939 -3.35249520
-3.35281000 -3.35285714 -3.35291378 -3.35298507 -3.35302245 -3.35302063 -3.35299177 -3.35295172 -3.35290564 -3.35286665 -3.35284435 -3.35284527 -3.35285427 -3.35285356 -3.35284539 -3.35279933 -3.35273091 -3.35263186 -3.35252810 -3.35243743 -3.35238139 -3.35237897 -3.35243744 -3.35253577 -3.35266245 -3.35278470 -3.35286145 -3.35289378 -3.35287903 -3.35284419 -3.35279671 -3.35278391
-3.35340261 -3.35345223 -3.35351470 -3.35358923 -3.35362465 -3.35362079 -3.35358943 -3.35353421 -3.35346947 -3.35341569 -3.35337204 -3.35334609 -3.35333496 -3.35331612 -3.35330865 -3.35326444 -3.35318932 -3.35310226 -3.35300822 -3.35293039 -3.35290305 -3.35292321 -3.35299645 -3.35311407 -3.35325662 -3.35337938 -3.35345029 -3.35347111 -3.35346289 -3.35342782 -3.35338180 -3.35337887
-3.35422824 -3.35428830 -3.35435797 -3.35442098 -3.35446308 -3.35445299 -3.35441128 -3.35434629 -3.35426099 -3.35419184 -3.35412016 -3.35408199 -3.35405695 -3.35402616 -3.35399490 -3.35394185 -3.35387883 -3.35380607 -3.35372997 -3.35367145 -3.35366254 -3.35371032 -3.35380329 -3.35393615 -3.35408137 -3.35420332 -3.35427385 -3.35428417 -3.35426170 -3.35423459 -3.35419738 -3.35419943
-3.35520392 -3.35526846 -3.35533377 -3.35537652 -3.35541908 -3.35540127 -3.35534477 -3.35526954 -3.35517425 -3.35508435 -3.35500565 -3.35494813 -3.35489852 -3.35485753 -3.35481489 -3.35475999 -3.35470830 -3.35464791 -3.35459102 -3.35455601 -3.35457276 -3.35463969 -3.35475175 -3.35490262 -3.35503937 -3.35515215 -3.35522435 -3.35523911 -3.35522063 -3.35519230 -3.35516300 -3.35516726
-3.35623615 -3.35628545 -3.35632782 -3.35637471 -3.35637654 -3.35634810 -3.35628130 -3.35619396 -3.35609421 -3.35599772 -3.35590271 -3.35582976 -3.35576230 -3.35570320 -3.35566607 -3.35561870 -3.35557158 -3.35552597 -3.35549273 -3.35549078 -3.35553371 -3.35562515 -3.35575218 -3.35590326 -3.35604433 -3.35616642 -3.35623070 -3.35625496 -3.35624381 -3.35620483 -3.35618970 -3.35619875
-3.35723385 -3.35727264 -3.35729144 -3.35729304 -3.35727004 -3.35720621 -3.35712601 -3.35703306 -3.35692168 -3.35682102 -3.35672112 -3.35663527 -3.35655394 -3.35650053 -3.35645505 -3.35641617 -3.35637946 -3.35635768 -3.35636330 -3.35639161 -3.35645150 -3.35657212 -3.35670902 -3.35686399 -3.35701597 -3.35713556 -3.35720942 -3.35722767 -3.35722344 -3.35721510 -3.35720535 -3.35720438
-3.35814723 -3.35814645 -3.35813494 -3.35808889 -3.35802877 -3.35794153 -3.35784025 -3.35772197 -3.35760852 -3.35749858 -3.35739794 -3.35730380 -3.35723142 -3.35718259 -3.35713943 -3.35710716 -3.35709847 -3.35710091 -3.35712476 -3.35717836 -3.35727469 -3.35740809 -3.35756359 -3.35772982 -3.35789020 -3.35801254 -3.35809296 -3.35812777 -3.35814370 -3.35813601 -3.35813925 -3.35814178
-3.35891979 -3.35888609 -3.35882403 -3.35873336 -3.35862872 -3.35850978 -3.35837716 -3.35824798 -3.35812788 -3.35802135 -3.35791174 -3.35783252 -3.35776934 -3.35772125 -3.35769350 -3.35768274 -3.35768534 -3.35772681 -3.35776905 -3.35784419 -3.35796311 -3.35810681 -3.35827868 -3.35845292 -3.35861338 -3.35875888 -3.35885050 -3.35891108 -3.35894150 -3.35894535 -3.35894857 -3.35893834
-3.35954760 -3.35946933 -3.35934959 -3.35922169 -3.35907711 -3.35891705 -3.35876991 -3.35862928 -3.35850811 -3.35840812 -3.35831371 -3.35824046 -3.35818643 -3.35815902 -3.35813624 -3.35814133 -3.35817205 -3.35820858 -3.35829430 -3.35839025 -3.35851112 -3.35866764 -3.35883938 -3.35902902 -3.35919399 -3.35935503 -3.35947111 -3.35954721 -3.35959041 -3.35961128 -3.35960855 -3.35958792
-3.36002571 -3.35990749 -3.35975516 -3.35957670 -3.35939080 -3.35920809 -3.35904604 -3.35890451 -3.35879253 -3.35870700 -3.35862483 -3.35857105 -3.35853795 -3.35851698 -3.35850779 -3.35851984 -3.35856556 -3.35861414 -3.35869405 -3.35879226 -3.35891835 -3.35908443 -3.35926110 -3.35944604 -3.35963650 -3.35979603 -3.35993460 -3.36002792 -3.36009386 -3.36012066 -3.36012029 -3.36009076
-3.36035232 -3.36021126 -3.36003289 -3.35982568 -3.35960936 -3.35941614 -3.35926054 -3.35911989 -3.35902034 -3.35894370 -3.35888673 -3.35885118 -3.35883931 -3.35881802 -3.35882791 -3.35884408 -3.35888590 -3.35894278 -3.35900268 -3.35909697 -3.35921512 -3.35936730 -3.35954111 -3.35972272 -3.35991678 -3.36008913 -3.36023772 -3.36035557 -3.36044887 -3.36048320 -3.36048355 -3.36044409
-3.36054908 -3.36039959 -3.36021626 -3.36000025 -3.35978750 -3.35959626 -3.35943408 -3.35931136 -3.35922308 -3.35917374 -3.35914660 -3.35913095 -3.35913307 -3.35912820 -3.35912742 -3.35914790 -3.35916746 -3.35920192 -3.35924170 -3.35930676 -3.35940090 -3.35952655 -3.35968899 -3.35985745 -3.36005748 -3.36024230 -3.36040602 -3.36054023 -3.36064327 -3.36070279 -3.36069545 -3.36064545
-3.36066525 -3.36052256 -3.36033990 -3.36014284 -3.35994590 -3.35976678 -3.35962671 -3.35951152 -3.35944827 -3.35941888 -3.35941412 -3.35942194 -3.35944271 -3.35944686 -3.35944527 -3.35943742 -3.35943324 -3.35942941 -3.35943717 -3.35946103 -3.35951810 -3.35960993 -3.35974117 -3.35990124 -3.36009534 -3.36028138 -3.36045624 -3.36059598 -3.36070792 -3.36078380 -3.36079255 -3.36075305
-3.36071388 -3.36060303 -3.36044871 -3.36027532 -3.36010560 -3.35994286 -3.35982430 -3.35974002 -3.35969760 -3.35969302 -3.35970721 -3.35973290 -3.35975337 -3.35976331 -3.35975922 -3.35972426 -3.35967459 -3.35963510 -3.35959044 -3.35956677 -3.35958485 -3.35962860 -3.35972208 -3.35986925 -3.36003518 -3.36020953 -3.36038890 -3.36054620 -3.36067512 -3.36075945 -3.36080049 -3.36079203
