32 32 0 1
-3.36035216 -3.36036731 -3.36035767 -3.36034351 -3.36032716 -3.36031474 -3.36031456 -3.36034333 -3.36039422 -3.36045060 -3.36051001 -3.36055317 -3.36054715 -3.36049601 -3.36040130 -3.36024733 -3.36006201 -3.35986884 -3.35968193 -3.35953000 -3.35942524 -3.35937281 -3.35937512 -3.35942562 -3.35951711 -3.35964345 -3.35978016 -3.35990872 -3.36003718 -3.36015205 -3.36024300 -3.36031400
-3.36039402 -3.36045139 -3.36050136 -3.36052030 -3.36053070 -3.36053799 -3.36055541 -3.36060878 -3.36066237 -3.36074464 -3.36081465 -3.36087164 -3.36088632 -3.36083268 -3.36072344 -3.36054165 -3.36031712 -3.36006813 -3.35982178 -3.35960887 -3.35945581 -3.35934157 -3.35930269 -3.35930771 -3.35937732 -3.35948181 -3.35961512 -3.35975832 -3.35990750 -3.36005637 -3.36018489 -3.36030384
-3.36040814 -3.36051950 -3.36060169 -3.36066794 -3.36071532 -3.36073876 -3.36077047 -3.36081860 -3.36088625 -3.36098273 -3.36106362 -3.36112153 -3.36114202 -3.36109333 -3.36097430 -3.36076868 -3.36051868 -3.36023665 -3.35994705 -3.35968241 -3.35947071 -3.35931713 -3.35922210 -3.35920416 -3.35922139 -3.35931461 -3.35943759 -3.35960007 -3.35976426 -3.35994452 -3.36010806 -3.36026916
-3.36038451 -3.36053286 -3.36065726 -3.36076124 -3.36082905 -3.36087149 -3.36091931 -3.36097957 -3.36104283 -3.36113117 -3.36121993 -3.36127969 -3.36129958 -3.36124324 -3.36111328 -3.36090536 -3.36064161 -3.36033029 -3.36001807 -3.35971655 -3.35946588 -3.35926945 -3.35913950 -3.35908279 -3.35907958 -3.35914860 -3.35926598 -3.35942145 -3.35961408 -3.35980493 -3.36000538 -3.36020516
-3.36028600 -3.36047019 -3.36062354 -3.36074968 -3.36084747 -3.36091924 -3.36096733 -3.36103230 -3.36109788 -3.36118552 -3.36125545 -3.36131601 -3.36133450 -3.36127440 -3.36114213 -3.36093375 -3.36066113 -3.36034289 -3.36001544 -3.35969907 -3.35942055 -3.35919664 -3.35903615 -3.35894709 -3.35892540 -3.35896558 -3.35907173 -3.35922863 -3.35942405 -3.35963545 -3.35985594 -3.36008094
-3.36011000 -3.36031478 -3.36049475 -3.36065174 -3.36077054 -3.36084811 -3.36091048 -3.36096666 -3.36103410 -3.36110989 -3.36117561 -3.36121844 -3.36123418 -3.36118421 -3.36104247 -3.36084041 -3.36056517 -3.36024947 -3.35992016 -3.35959555 -3.35930475 -3.35907172 -3.35889180 -3.35877754 -3.35873781 -3.35875937 -3.35885760 -3.35900904 -3.35920254 -3.35942489 -3.35966089 -3.35989207
-3.35983999 -3.36006035 -3.36025591 -3.36042860 -3.36055245 -3.36065431 -3.36073669 -3.36079088 -3.36085712 -3.36092285 -3.36097243 -3.36101344 -3.36100808 -3.36095785 -3.36082568 -3.36061929 -3.36035335 -3.36004189 -3.35971696 -3.35940081 -3.35910873 -3.35887317 -3.35868595 -3.35855222 -3.35849534 -3.35851987 -3.35860359 -3.35874913 -3.35893325 -3.35915165 -3.35937630 -3.35960867
-3.35944435 -3.35966672 -3.35988687 -3.36006694 -3.36020396 -3.36032731 -3.36041694 -3.36048689 -3.36054760 -3.36059775 -3.36064235 -3.36066613 -3.36064816 -3.36059266 -3.36047085 -3.36026773 -3.36000925 -3.35971226 -3.35940283 -3.35908905 -3.35881180 -3.35857519 -3.35838714 -3.35824943 -3.35820088 -3.35821848 -3.35828924 -3.35841772 -3.35860546 -3.35879798 -3.35900488 -3.35921766
-3.35893596 -3.35915533 -3.35937092 -3.35956085 -3.35972455 -3.35985324 -3.35995493 -3.36002867 -3.36009022 -3.36013611 -3.36017436 -3.36019187 -3.36017087 -3.36009817 -3.35996734 -3.35977230 -3.35953156 -3.35925711 -3.35895836 -3.35866348 -3.35840096 -3.35818700 -3.35799753 -3.35788015 -3.35782157 -3.35783482 -3.35790671 -3.35802416 -3.35818189 -3.35834853 -3.35853300 -3.35872761
-3.35833099 -3.35852905 -3.35872969 -3.35892043 -3.35908349 -3.35923019 -3.35933835 -3.35942240 -3.35948382 -3.35952829 -3.35955688 -3.35957769 -3.35955474 -3.35947925 -3.35934138 -3.35915080 -3.35892246 -3.35866118 -3.35839070 -3.35812099 -3.35787083 -3.35766488 -3.35750071 -3.35739985 -3.35735220 -3.35737624 -3.35744833 -3.35755366 -3.35767470 -3.35781749 -3.35797331 -3.35814342
-3.35761268 -3.35778738 -3.35797091 -3.35815310 -3.35830152 -3.35844674 -3.35855374 -3.35864201 -3.35871514 -3.35876161 -3.35880151 -3.35881084 -3.35879058 -3.35870825 -3.35858149 -3.35839222 -3.35817754 -3.35793036 -3.35767907 -3.35743508 -3.35721299 -3.35704018 -3.35690940 -3.35682471 -3.35680905 -3.35682887 -3.35689779 -3.35698618 -3.35709181 -3.35720353 -3.35732175 -3.35745766
-3.35681521 -3.35695710 -3.35711398 -3.35726438 -3.35740435 -3.35752990 -3.35763016 -3.35772192 -3.35778810 -3.35784820 -3.35789526 -3.35791556 -3.35789945 -3.35782163 -3.35769829 -3.35750897 -3.35730263 -3.35707375 -3.35684210 -3.35662218 -3.35644511 -3.35630354 -3.35621201 -3.35616375 -3.35616593 -3.35620267 -3.35626367 -3.35634178 -3.35642254 -3.35650527 -3.35659048 -3.35669257
-3.35595904 -3.35605792 -3.35618070 -3.35630526 -3.35641784 -3.35651735 -3.35661046 -3.35669182 -3.35676494 -3.35683433 -3.35688997 -3.35691209 -3.35690336 -3.35683994 -3.35671464 -3.35654011 -3.35634134 -3.35612829 -3.35590987 -3.35572847 -3.35558583 -3.35549615 -3.35544051 -3.35543132 -3.35546666 -3.35551856 -3.35558659 -3.35564074 -3.35569627 -3.35575955 -3.35581282 -3.35587560
-3.35509135 -3.35516018 -3.35523525 -3.35532189 -3.35541921 -3.35549752 -3.35556008 -3.35563417 -3.35572109 -3.35579931 -3.35586297 -3.35588939 -3.35587110 -3.35581816 -3.35569651 -3.35553178 -3.35534106 -3.35513775 -3.35494947 -3.35480133 -3.35469869 -3.35464985 -3.35464213 -3.35467874 -3.35475086 -3.35481677 -3.35488312 -3.35492773 -3.35497179 -3.35500507 -3.35502042 -3.35505409
-3.35429873 -3.35432209 -3.35437500 -3.35443573 -3.35449102 -3.35455148 -3.35460337 -3.35466457 -3.35474258 -3.35482164 -3.35489020 -3.35493462 -3.35492710 -3.35486511 -3.35475036 -3.35458488 -3.35439581 -3.35421123 -3.35404086 -3.35392386 -3.35385559 -3.35385477 -3.35389811 -3.35396966 -3.35406807 -3.35415676 -3.35423059 -3.35427213 -3.35428553 -3.35428333 -3.35428069 -3.35428224
-3.35362685 -3.35363674 -3.35367621 -3.35371193 -3.35375254 -3.35379943 -3.35384100 -3.35388919 -3.35395891 -3.35403414 -3.35409755 -3.35414547 -3.35414297 -3.35408268 -3.35396777 -3.35380659 -3.35361633 -3.35344214 -3.35328913 -3.35318109 -3.35314706 -3.35317655 -3.35326180 -3.35337966 -3.35350990 -3.35361930 -3.35369679 -3.35371282 -3.35370940 -3.35368008 -3.35364618 -3.35363242
-3.35318613 -3.35319038 -3.35322269 -3.35325767 -3.35329431 -3.35333158 -3.35336442 -3.35341309 -3.35347194 -3.35353458 -3.35360012 -3.35362834 -3.35361278 -3.35355368 -3.35343504 -3.35327347 -3.35308053 -3.35291296 -3.35276618 -3.35267753 -3.35266261 -3.35272327 -3.35284905 -3.35299405 -3.35314430 -3.35325520 -3.35332750 -3.35334080 -3.35332257 -3.35326092 -3.35322109 -3.35318950
-3.35301203 -3.35304178 -3.35308817 -3.35313359 -3.35317600 -3.35321292 -3.35324271 -3.35328673 -3.35334160 -3.35338638 -3.35342944 -3.35344746 -3.35342912 -3.35334717 -3.35322954 -3.35305477 -3.35287080 -3.35268466 -3.35255076 -3.35247762 -3.35248338 -3.35256704 -3.35270218 -3.35286898 -3.35302802 -3.35314574 -3.35320490 -3.35320567 -3.35315956 -3.35310059 -3.35304685 -3.35301367
-3.35315577 -3.35320781 -3.35326415 -3.35333883 -3.35340681 -3.35345462 -3.35349258 -3.35353470 -3.35357032 -3.35359186 -3.35361064 -3.35360214 -3.35355977 -3.35347452 -3.35334633 -3.35317394 -3.35299379 -3.35281507 -3.35268294 -3.35261487 -3.35263031 -3.35272203 -3.35287175 -3.35304204 -3.35319748 -3.35330779 -3.35334478 -3.35332665 -3.35326890 -3.35320772 -3.35315505 -3.35313353
-3.35358349 -3.35365673 -3.35374893 -3.35385177 -3.35394073 -3.35400640 -3.35405529 -3.35409102 -3.35410749 -3.35411346 -3.35410239 -3.35406643 -3.35400518 -3.35390019 -3.35377652 -3.35360924 -3.35342114 -3.35325417 -3.35312371 -3.35305535 -3.35307876 -3.35317909 -3.35332576 -3.35348982 -3.35364141 -3.35373510 -3.35375058 -3.35370984 -3.35365337 -3.35358851 -3.35353853 -3.35354259
-3.35424439 -3.35434556 -3.35446718 -3.35459054 -3.35470456 -3.35477661 -3.35482925 -3.35486166 -3.35486040 -3.35484920 -3.35480597 -3.35475447 -3.35467849 -3.35456083 -3.35442386 -3.35425518 -3.35408089 -3.35393189 -3.35381255 -3.35374821 -3.35377468 -3.35387823 -3.35402516 -3.35417699 -3.35431115 -3.35439029 -3.35439366 -3.35433311 -3.35425423 -3.35420058 -3.35416426 -3.35417934
-3.35506231 -3.35518797 -3.35532077 -3.35544900 -3.35557831 -3.35566194 -3.35570796 -3.35573262 -3.35572167 -3.35568576 -3.35563370 -3.35556187 -3.35546787 -3.35534317 -3.35520064 -3.35504111 -3.35488833 -3.35475198 -3.35464611 -3.35459489 -3.35462728 -3.35473093 -3.35487049 -3.35502069 -3.35512620 -3.35518453 -3.35517950 -3.35511659 -3.35503819 -3.35497753 -3.35495274 -3.35497968
-3.35595617 -3.35607807 -3.35620994 -3.35634908 -3.35645589 -3.35653819 -3.35658320 -3.35659925 -3.35657772 -3.35653286 -3.35646367 -3.35637771 -3.35626964 -3.35613902 -3.35600616 -3.35586798 -3.35573121 -3.35560855 -3.35552727 -3.35550159 -3.35555079 -3.35565055 -3.35578860 -3.35591781 -3.35601033 -3.35606161 -3.35604632 -3.35599315 -3.35591931 -3.35584884 -3.35583194 -3.35586941
-3.35685041 -3.35696242 -3.35707549 -3.35717932 -3.35726548 -3.35732187 -3.35736225 -3.35737037 -3.35733753 -3.35729051 -3.35721129 -3.35711544 -3.35699863 -3.35687983 -3.35675207 -3.35663023 -3.35651698 -3.35642529 -3.35637500 -3.35637910 -3.35643962 -3.35654765 -3.35667211 -3.35679889 -3.35689351 -3.35693136 -3.35692778 -3.35686397 -3.35679892 -3.35675026 -3.35674014 -3.35676684
-3.35768135 -3.35775191 -3.35783592 -3.35790007 -3.35795802 -3.35799191 -3.35800645 -3.35799729 -3.35795940 -3.35790686 -3.35782599 -3.35772155 -3.35761034 -3.35750737 -3.35739672 -3.35728774 -3.35720491 -3.35714282 -3.35712078 -3.35714584 -3.35722544 -3.35734264 -3.35747188 -3.35760178 -3.35769849 -3.35774286 -3.35773940 -3.35769716 -3.35765157 -3.35760096 -3.35759357 -3.35762215
-3.35839164 -3.35843022 -3.35846884 -3.35848699 -3.35850857 -3.35851060 -3.35849241 -3.35846490 -3.35842827 -3.35837560 -3.35828624 -3.35819770 -3.35810227 -3.35800142 -3.35791152 -3.35783153 -3.35775931 -3.35774401 -3.35774331 -3.35779179 -3.35788211 -3.35800360 -3.35814213 -3.35827277 -3.35837451 -3.35843908 -3.35845075 -3.35843478 -3.35839921 -3.35836755 -3.35835717 -3.35836897
-3.35899042 -3.35898159 -3.35896209 -3.35894421 -3.35891798 -3.35888573 -3.35885612 -3.35881422 -3.35877273 -3.35872210 -3.35864792 -3.35856794 -3.35848431 -3.35840461 -3.35832104 -3.35825493 -3.35821888 -3.35819895 -3.35824158 -3.35830256 -3.35840157 -3.35853062 -3.35866925 -3.35880468 -3.35891363 -3.35899997 -3.35903715 -3.35904011 -3.35902409 -3.35900370 -3.35899185 -3.35898308
-3.35945258 -3.35940892 -3.35935871 -3.35929546 -3.35923766 -3.35917314 -3.35912976 -3.35908073 -3.35904407 -3.35900462 -3.35894590 -3.35888592 -3.35881957 -3.35874568 -3.35867486 -3.35861458 -3.35859029 -3.35858086 -3.35861404 -3.35868319 -3.35878287 -3.35891752 -3.35905306 -3.35918975 -3.35931806 -3.35940877 -3.35947938 -3.35950609 -3.35951387 -3.35950316 -3.35948873 -3.35947642
-3.35979479 -3.35973041 -3.35965415 -3.35956920 -3.35947891 -3.35941051 -3.35936302 -3.35931621 -3.35928329 -3.35925326 -3.35921788 -3.35917993 -3.35913469 -3.35906060 -3.35899539 -3.35893980 -3.35890722 -3.35889625 -3.35890889 -3.35896700 -3.35905476 -3.35917286 -3.35930800 -3.35943813 -3.35957320 -3.35968139 -3.35976688 -3.35982374 -3.35986321 -3.35986109 -3.35985169 -3.35983104
-3.36001485 -3.35994645 -3.35986968 -3.35977809 -3.35969103 -3.35962518 -3.35957232 -3.35953822 -3.35952034 -3.35951565 -3.35950755 -3.35948179 -3.35945063 -3.35939337 -3.35931761 -3.35925883 -3.35919875 -3.35916187 -3.35914469 -3.35916800 -3.35922282 -3.35930870 -3.35943182 -3.35955182 -3.35969607 -3.35982068 -3.35992738 -3.36000504 -3.36006070 -3.36009314 -3.36008604 -3.36005847
-3.36017607 -3.36012129 -3.36004770 -3.35997299 -3.35989832 -3.35984330 -3.35980932 -3.35978861 -3.35979291 -3.35980661 -3.35981935 -3.35981903 -3.35980832 -3.35975418 -3.35967560 -3.35957830 -3.35948927 -3.35940977 -3.35935022 -3.35932308 -3.35933432 -3.35937869 -3.35946576 -3.35958064 -3.35972040 -3.35984576 -3.35996676 -3.36005979 -3.36013384 -3.36019057 -3.36020806 -3.36020076
-3.36027355 -3.36025594 -3.36021206 -3.36015973 -3.36011260 -3.36006656 -3.36005553 -3.36006041 -3.36008452 -3.36012622 -3.36016295 -3.36018521 -3.36017367 -3.36013177 -3.36004847 -3.35992139 -3.35977726 -3.35964822 -3.35952539 -3.35943726 -3.35939971 -3.35939434 -3.35943773 -3.35953351 -3.35964544 -3.35976837 -3.35989879 -3.36001868 -3.36012256 -3.36019944 -3.36025628 -3.36028430
