32 32 0 1
-3.36047694 -3.36043671 -3.36035748 -3.36026541 -3.36015763 -3.36005238 -3.35995133 -3.35988564 -3.35984650 -3.35982980 -3.35983565 -3.35984771 -3.35983623 -3.35980928 -3.35975569 -3.35965589 -3.35953195 -3.35940791 -3.35929133 -3.35920539 -3.35917463 -3.35920011 -3.35927779 -3.35940705 -3.35957065 -3.35976284 -3.35994993 -3.36011077 -3.36025424 -3.36036375 -3.36044079 -3.36048304
-3.36050971 -3.36050614 -3.36048567 -3.36042655 -3.36035386 -3.36027399 -3.36019668 -3.36015904 -3.36012849 -3.36014021 -3.36015146 -3.36017286 -3.36018052 -3.36014152 -3.36006749 -3.35994092 -3.35978331 -3.35960843 -3.35943890 -3.35930768 -3.35924024 -3.35920992 -3.35925349 -3.35933732 -3.35947657 -3.35963944 -3.35981752 -3.35998949 -3.36014483 -3.36028426 -3.36038855 -3.36046945
-3.36052164 -3.36056967 -3.36058169 -3.36057073 -3.36053590 -3.36047836 -3.36042676 -3.36039163 -3.36038340 -3.36041073 -3.36043861 -3.36046564 -3.36046724 -3.36042700 -3.36033756 -3.36018388 -3.36000056 -3.35979312 -3.35958817 -3.35941432 -3.35929297 -3.35922746 -3.35921830 -3.35927377 -3.35935553 -3.35950348 -3.35966239 -3.35984768 -3.36001669 -3.36018239 -3.36031593 -3.36043741
-3.36050193 -3.36058649 -3.36063598 -3.36066240 -3.36065602 -3.36062220 -3.36059399 -3.36058572 -3.36058008 -3.36060804 -3.36065064 -3.36067893 -3.36067814 -3.36062698 -3.36052502 -3.36036255 -3.36016368 -3.35992791 -3.35970411 -3.35949305 -3.35933185 -3.35922266 -3.35917159 -3.35918543 -3.35923680 -3.35935145 -3.35950294 -3.35967293 -3.35986368 -3.36004256 -3.36021786 -3.36037345
-3.36040945 -3.36053149 -3.36061385 -3.36066441 -3.36068742 -3.36068979 -3.36067282 -3.36067493 -3.36068604 -3.36072462 -3.36075558 -3.36078514 -3.36078671 -3.36073375 -3.36062473 -3.36045983 -3.36024718 -3.36000512 -3.35975784 -3.35952763 -3.35933527 -3.35918702 -3.35909489 -3.35906184 -3.35908815 -3.35916413 -3.35929327 -3.35946732 -3.35966222 -3.35986561 -3.36006375 -3.36024969
-3.36023704 -3.36038491 -3.36049811 -3.36058281 -3.36063171 -3.36064546 -3.36065000 -3.36065695 -3.36067934 -3.36071467 -3.36075058 -3.36077456 -3.36077828 -3.36073483 -3.36061642 -3.36045936 -3.36023711 -3.35999064 -3.35973656 -3.35948844 -3.35927348 -3.35910469 -3.35897943 -3.35890137 -3.35889251 -3.35893658 -3.35905206 -3.35921453 -3.35941080 -3.35963146 -3.35985142 -3.36005752
-3.35996362 -3.36013724 -3.36027505 -3.36037420 -3.36043596 -3.36047504 -3.36050547 -3.36052167 -3.36055274 -3.36059073 -3.36062347 -3.36065325 -3.36064963 -3.36060643 -3.36049710 -3.36033128 -3.36011630 -3.35987267 -3.35961858 -3.35936972 -3.35913378 -3.35894401 -3.35878636 -3.35867679 -3.35863312 -3.35866868 -3.35875637 -3.35891145 -3.35910805 -3.35932777 -3.35954993 -3.35976401
-3.35956283 -3.35974948 -3.35991934 -3.36004325 -3.36011508 -3.36018127 -3.36022083 -3.36025283 -3.36028819 -3.36032249 -3.36036699 -3.36039656 -3.36038498 -3.36034276 -3.36024032 -3.36007942 -3.35987751 -3.35963308 -3.35938223 -3.35911779 -3.35887841 -3.35867071 -3.35849552 -3.35836904 -3.35831199 -3.35832000 -3.35839251 -3.35852711 -3.35872075 -3.35892804 -3.35913983 -3.35934895
-3.35903281 -3.35923286 -3.35941759 -3.35955743 -3.35965827 -3.35973514 -3.35979035 -3.35983297 -3.35987582 -3.35991961 -3.35996557 -3.35999399 -3.35998938 -3.35993976 -3.35984089 -3.35968924 -3.35948834 -3.35926373 -3.35900394 -3.35874046 -3.35849770 -3.35828407 -3.35809396 -3.35796556 -3.35789060 -3.35788709 -3.35794697 -3.35806441 -3.35823140 -3.35841535 -3.35862666 -3.35883122
-3.35840472 -3.35860180 -3.35878674 -3.35893862 -3.35905187 -3.35914348 -3.35921455 -3.35926713 -3.35931449 -3.35936067 -3.35940289 -3.35943898 -3.35943851 -3.35939672 -3.35930283 -3.35914968 -3.35896038 -3.35873559 -3.35848959 -3.35823244 -3.35798673 -3.35776746 -3.35758227 -3.35745023 -3.35737489 -3.35737702 -3.35742645 -3.35751783 -3.35765565 -3.35782380 -3.35800624 -3.35820295
-3.35765780 -3.35784827 -3.35803171 -3.35819432 -3.35830370 -3.35840498 -3.35846909 -3.35852686 -3.35858784 -3.35863566 -3.35868764 -3.35871803 -3.35872518 -3.35868614 -3.35859773 -3.35845276 -3.35827578 -3.35805682 -3.35782739 -3.35758255 -3.35734358 -3.35714222 -3.35696909 -3.35683986 -3.35678307 -3.35676939 -3.35681381 -3.35689042 -3.35700406 -3.35714485 -3.35729528 -3.35746760
-3.35683194 -3.35700924 -3.35718644 -3.35733516 -3.35745367 -3.35753999 -3.35759830 -3.35765045 -3.35770384 -3.35775435 -3.35780957 -3.35784706 -3.35786206 -3.35782501 -3.35774676 -3.35760681 -3.35744219 -3.35724174 -3.35702487 -3.35680018 -3.35658471 -3.35640223 -3.35625440 -3.35615447 -3.35610456 -3.35610090 -3.35613676 -3.35620197 -3.35628753 -3.35639370 -3.35651664 -3.35665839
-3.35596123 -3.35611385 -3.35626869 -3.35640784 -3.35651402 -3.35658193 -3.35663503 -3.35667613 -3.35671404 -3.35676933 -3.35681923 -3.35685471 -3.35687214 -3.35684274 -3.35677394 -3.35665878 -3.35650574 -3.35632928 -3.35612456 -3.35593121 -3.35575240 -3.35560605 -3.35548720 -3.35541367 -3.35539625 -3.35540138 -3.35543627 -3.35548285 -3.35553999 -3.35561901 -3.35570425 -3.35582076
-3.35509617 -3.35522455 -3.35535159 -3.35546303 -3.35556036 -3.35561956 -3.35564062 -3.35566641 -3.35570081 -3.35574808 -3.35578929 -3.35581931 -3.35582441 -3.35580629 -3.35574598 -3.35564968 -3.35551813 -3.35536258 -3.35519544 -3.35503414 -3.35490067 -3.35478846 -3.35470925 -3.35468289 -3.35469740 -3.35471757 -3.35474870 -3.35478417 -3.35482581 -3.35486648 -3.35491379 -3.35499462
-3.35431940 -3.35440959 -3.35452130 -3.35461384 -3.35468027 -3.35472016 -3.35473111 -3.35473377 -3.35474624 -3.35477437 -3.35480956 -3.35483806 -3.35485051 -3.35482587 -3.35478025 -3.35469382 -3.35457645 -3.35445379 -3.35431743 -3.35419253 -3.35409676 -3.35403474 -3.35400883 -3.35401823 -3.35406295 -3.35411018 -3.35415432 -3.35418096 -3.35418689 -3.35419147 -3.35420480 -3.35424845
-3.35368907 -3.35375579 -3.35384788 -3.35392691 -3.35397790 -3.35400801 -3.35400874 -3.35398652 -3.35398141 -3.35398690 -3.35399893 -3.35402358 -3.35403003 -3.35401141 -3.35396614 -3.35388978 -3.35379206 -3.35369292 -3.35358557 -3.35348874 -3.35342620 -3.35340624 -3.35343103 -3.35349239 -3.35357018 -3.35364996 -3.35370712 -3.35370956 -3.35369562 -3.35366236 -3.35363314 -3.35364805
-3.35329825 -3.35334295 -3.35342308 -3.35349595 -3.35354339 -3.35356250 -3.35355081 -3.35352378 -3.35349283 -3.35347748 -3.35348231 -3.35347750 -3.35346183 -3.35344340 -3.35339576 -3.35332817 -3.35323853 -3.35316010 -3.35307186 -3.35300833 -3.35297477 -3.35299577 -3.35307289 -3.35317537 -3.35329091 -3.35338595 -3.35345130 -3.35345515 -3.35342084 -3.35334556 -3.35329470 -3.35327487
-3.35317788 -3.35323362 -3.35331110 -3.35338656 -3.35342870 -3.35344331 -3.35342695 -3.35339358 -3.35335322 -3.35331270 -3.35328422 -3.35326277 -3.35323849 -3.35319590 -3.35314972 -3.35307311 -3.35299682 -3.35290878 -3.35284494 -3.35280587 -3.35280992 -3.35286789 -3.35297119 -3.35310925 -3.35325754 -3.35337570 -3.35344079 -3.35344232 -3.35338144 -3.35329742 -3.35321739 -3.35317608
-3.35338034 -3.35343080 -3.35350077 -3.35358769 -3.35364752 -3.35366451 -3.35365156 -3.35361242 -3.35355479 -3.35348830 -3.35343104 -3.35337868 -3.35333247 -3.35327801 -3.35321798 -3.35314206 -3.35307013 -3.35299396 -3.35293619 -3.35290953 -3.35293779 -3.35302292 -3.35316031 -3.35332674 -3.35349004 -3.35362566 -3.35368218 -3.35367887 -3.35360902 -3.35351758 -3.35342147 -3.35337270
-3.35385694 -3.35391112 -3.35399109 -3.35408890 -3.35415646 -3.35418136 -3.35417022 -3.35412255 -3.35404696 -3.35396613 -3.35388486 -3.35380406 -3.35373680 -3.35365622 -3.35359530 -3.35351680 -3.35343114 -3.35336033 -3.35330747 -3.35329055 -3.35333911 -3.35344319 -3.35359692 -3.35378150 -3.35396956 -3.35410860 -3.35416881 -3.35414849 -3.35408941 -3.35399514 -3.35389502 -3.35385376
-3.35455835 -3.35462207 -3.35470810 -3.35480560 -3.35488331 -3.35490748 -3.35489308 -3.35483778 -3.35474181 -3.35465147 -3.35454077 -3.35444939 -3.35436376 -3.35427046 -3.35418545 -3.35409625 -3.35401551 -3.35395287 -3.35390661 -3.35390005 -3.35395665 -3.35407981 -3.35424754 -3.35444134 -3.35463515 -3.35478044 -3.35484404 -3.35482668 -3.35475703 -3.35467005 -3.35458464 -3.35454553
-3.35540636 -3.35547738 -3.35555991 -3.35564115 -3.35571937 -3.35573899 -3.35570755 -3.35564660 -3.35554528 -3.35543089 -3.35531318 -3.35520869 -3.35510375 -3.35500317 -3.35490695 -3.35481222 -3.35474045 -3.35467840 -3.35464166 -3.35464236 -3.35471525 -3.35484598 -3.35502237 -3.35523389 -3.35541492 -3.35555311 -3.35562868 -3.35562172 -3.35556480 -3.35548413 -3.35541263 -3.35538623
-3.35631877 -3.35637477 -3.35644205 -3.35652158 -3.35656035 -3.35656851 -3.35652320 -3.35644772 -3.35634278 -3.35622267 -3.35609590 -3.35597852 -3.35585625 -3.35574322 -3.35565548 -3.35556959 -3.35550107 -3.35544427 -3.35542107 -3.35544468 -3.35552957 -3.35567108 -3.35585598 -3.35605935 -3.35623836 -3.35638875 -3.35645997 -3.35647039 -3.35643213 -3.35636199 -3.35630945 -3.35629292
-3.35721263 -3.35725786 -3.35730206 -3.35733094 -3.35734195 -3.35731016 -3.35725108 -3.35716326 -3.35704612 -3.35692751 -3.35679775 -3.35667243 -3.35654754 -3.35644420 -3.35635551 -3.35627951 -3.35621507 -3.35617815 -3.35618051 -3.35622617 -3.35631700 -3.35647297 -3.35665503 -3.35685559 -3.35704600 -3.35718815 -3.35727528 -3.35728963 -3.35726912 -3.35723719 -3.35720500 -3.35718824
-3.35803289 -3.35804541 -3.35805579 -3.35804036 -3.35800980 -3.35794530 -3.35785503 -3.35774264 -3.35762302 -3.35749982 -3.35737312 -3.35724806 -3.35713462 -3.35704258 -3.35696308 -3.35689458 -3.35685145 -3.35683813 -3.35685289 -3.35691202 -3.35702412 -3.35718681 -3.35737204 -3.35757858 -3.35777204 -3.35792007 -3.35800825 -3.35804917 -3.35806271 -3.35804248 -3.35803143 -3.35802588
-3.35872910 -3.35871344 -3.35868017 -3.35861671 -3.35853509 -3.35843344 -3.35830792 -3.35817947 -3.35805271 -3.35793503 -3.35780273 -3.35769480 -3.35759897 -3.35751579 -3.35745025 -3.35740367 -3.35737722 -3.35739326 -3.35742316 -3.35749641 -3.35762275 -3.35778309 -3.35798137 -3.35818258 -3.35837449 -3.35854060 -3.35864934 -3.35871630 -3.35874978 -3.35874999 -3.35874960 -3.35874194
-3.35929770 -3.35924043 -3.35915233 -3.35905367 -3.35892925 -3.35878203 -3.35864468 -3.35850291 -3.35836771 -3.35825358 -3.35813763 -3.35804192 -3.35795787 -3.35790061 -3.35784589 -3.35781481 -3.35781071 -3.35782270 -3.35788974 -3.35797579 -3.35810047 -3.35826610 -3.35845809 -3.35866940 -3.35885691 -3.35904103 -3.35917443 -3.35926518 -3.35931215 -3.35933300 -3.35933321 -3.35932210
-3.35972655 -3.35963781 -3.35951859 -3.35937235 -3.35921149 -3.35904335 -3.35888945 -3.35874030 -3.35861511 -3.35850904 -3.35840909 -3.35833023 -3.35827089 -3.35822116 -3.35818216 -3.35816056 -3.35817013 -3.35819032 -3.35824623 -3.35833497 -3.35846266 -3.35863188 -3.35881994 -3.35902533 -3.35923840 -3.35941938 -3.35957391 -3.35968056 -3.35974886 -3.35978185 -3.35978976 -3.35977356
-3.36002861 -3.35991890 -3.35977349 -3.35960167 -3.35941828 -3.35924234 -3.35908991 -3.35894149 -3.35882722 -3.35873121 -3.35864930 -3.35859351 -3.35855372 -3.35850764 -3.35848326 -3.35846212 -3.35846779 -3.35849248 -3.35852848 -3.35860716 -3.35872475 -3.35887736 -3.35906842 -3.35927324 -3.35948544 -3.35967900 -3.35984082 -3.35996513 -3.36006566 -3.36010571 -3.36011493 -3.36009283
-3.36021156 -3.36009974 -3.35995577 -3.35978419 -3.35959926 -3.35942596 -3.35926953 -3.35913712 -3.35903152 -3.35895620 -3.35890879 -3.35886753 -3.35884083 -3.35881171 -3.35877506 -3.35876044 -3.35874260 -3.35874311 -3.35875691 -3.35880864 -3.35890036 -3.35903165 -3.35921017 -3.35939854 -3.35961985 -3.35982362 -3.36000091 -3.36014078 -3.36024580 -3.36030914 -3.36031294 -3.36028185
-3.36034071 -3.36023815 -3.36009967 -3.35994236 -3.35977558 -3.35961313 -3.35947627 -3.35935455 -3.35926989 -3.35921378 -3.35918181 -3.35916134 -3.35915854 -3.35913317 -3.35909513 -3.35905071 -3.35901167 -3.35897439 -3.35895746 -3.35897230 -3.35903035 -3.35912726 -3.35927716 -3.35945933 -3.35967613 -3.35987672 -3.36006477 -3.36020872 -3.36031992 -3.36039873 -3.36041678 -3.36039633
-3.36041606 -3.36034656 -3.36023610 -3.36010349 -3.35996349 -3.35981794 -3.35970225 -3.35960911 -3.35954434 -3.35951133 -3.35949997 -3.35949674 -3.35948884 -3.35946773 -3.35942785 -3.35935711 -3.35927312 -3.35920118 -3.35913257 -3.35910476 -3.35912329 -3.35917964 -3.35929557 -3.35946593 -3.35965105 -3.35984355 -3.36003330 -3.36019287 -3.36032278 -3.36040875 -3.36045811 -3.36046517
