32 32 0 1
-3.36083780 -3.36077710 -3.36066959 -3.36054606 -3.36041325 -3.36028599 -3.36018119 -3.36011419 -3.36008793 -3.36008707 -3.36010225 -3.36011514 -3.36010138 -3.36006018 -3.35999157 -3.35988232 -3.35975927 -3.35964675 -3.35955332 -3.35949889 -3.35949382 -3.35954198 -3.35963926 -3.35977374 -3.35993486 -3.36012041 -3.36030470 -3.36046556 -3.36061257 -3.36073034 -3.36081454 -3.36085628
-3.36086582 -3.36083545 -3.36077988 -3.36068811 -3.36058289 -3.36047780 -3.36038722 -3.36034452 -3.36031615 -3.36033023 -3.36034774 -3.36036747 -3.36036923 -3.36032674 -3.36024884 -3.36012334 -3.35997856 -3.35982711 -3.35968877 -3.35959710 -3.35956394 -3.35956766 -3.35963339 -3.35972775 -3.35986860 -3.36002592 -3.36019709 -3.36036733 -3.36052219 -3.36066311 -3.36076584 -3.36083999
-3.36086321 -3.36087768 -3.36085275 -3.36080346 -3.36073192 -3.36064220 -3.36056727 -3.36051632 -3.36050109 -3.36052176 -3.36054493 -3.36056840 -3.36056581 -3.36052494 -3.36044286 -3.36030430 -3.36014736 -3.35997735 -3.35982071 -3.35969872 -3.35962740 -3.35960293 -3.35962325 -3.35969782 -3.35978649 -3.35993119 -3.36008168 -3.36025728 -3.36042174 -3.36058022 -3.36070255 -3.36080166
-3.36082552 -3.36086703 -3.36087184 -3.36085899 -3.36081090 -3.36073812 -3.36068107 -3.36064429 -3.36061804 -3.36062670 -3.36065464 -3.36066961 -3.36066756 -3.36062011 -3.36053465 -3.36040162 -3.36024211 -3.36006082 -3.35990037 -3.35975564 -3.35965665 -3.35960185 -3.35958985 -3.35963011 -3.35970149 -3.35981780 -3.35996220 -3.36012162 -3.36029843 -3.36046049 -3.36060847 -3.36073400
-3.36071929 -3.36078774 -3.36082278 -3.36082734 -3.36080747 -3.36075702 -3.36070062 -3.36066826 -3.36064347 -3.36065117 -3.36065868 -3.36066613 -3.36066314 -3.36061418 -3.36053230 -3.36040283 -3.36024848 -3.36007577 -3.35990836 -3.35976103 -3.35964440 -3.35956821 -3.35953284 -3.35954108 -3.35959370 -3.35967872 -3.35980736 -3.35996175 -3.36013640 -3.36030781 -3.36046634 -3.36061025
-3.36053558 -3.36062834 -3.36068488 -3.36071794 -3.36070844 -3.36066958 -3.36062650 -3.36058030 -3.36055635 -3.36055045 -3.36055350 -3.36055417 -3.36054489 -3.36050743 -3.36041795 -3.36030631 -3.36015026 -3.35999125 -3.35983269 -3.35968458 -3.35956313 -3.35947252 -3.35941753 -3.35939909 -3.35942733 -3.35948924 -3.35960681 -3.35975530 -3.35992201 -3.36009729 -3.36027552 -3.36042033
-3.36026176 -3.36036331 -3.36043519 -3.36047894 -3.36047670 -3.36046247 -3.36043302 -3.36038204 -3.36035591 -3.36034309 -3.36033244 -3.36033007 -3.36031004 -3.36027529 -3.36019182 -3.36007906 -3.35994705 -3.35979673 -3.35964690 -3.35950952 -3.35938302 -3.35928956 -3.35921688 -3.35917778 -3.35917832 -3.35923803 -3.35933622 -3.35947679 -3.35964322 -3.35981955 -3.35998168 -3.36013020
-3.35985496 -3.35996855 -3.36006447 -3.36012170 -3.36013010 -3.36012811 -3.36010161 -3.36006225 -3.36003163 -3.36000135 -3.35998518 -3.35997443 -3.35994169 -3.35990669 -3.35983865 -3.35973160 -3.35961258 -3.35947709 -3.35934130 -3.35920190 -3.35908356 -3.35898431 -3.35889943 -3.35883969 -3.35883346 -3.35888168 -3.35896887 -3.35909373 -3.35926373 -3.35942385 -3.35957860 -3.35971798
-3.35931845 -3.35943672 -3.35954414 -3.35961600 -3.35964792 -3.35965193 -3.35962917 -3.35958621 -3.35954616 -3.35951905 -3.35949819 -3.35948335 -3.35945622 -3.35940998 -3.35934371 -3.35924638 -3.35913675 -3.35901678 -3.35888604 -3.35874883 -3.35863356 -3.35853017 -3.35843213 -3.35837223 -3.35835576 -3.35839317 -3.35847989 -3.35861046 -3.35876343 -3.35890084 -3.35905216 -3.35918725
-3.35867382 -3.35879166 -3.35889938 -3.35898173 -3.35901503 -3.35902704 -3.35900729 -3.35897139 -3.35892262 -3.35888399 -3.35886136 -3.35884476 -3.35881874 -3.35878602 -3.35872803 -3.35863349 -3.35853141 -3.35841285 -3.35828902 -3.35815452 -3.35802552 -3.35791125 -3.35781322 -3.35775589 -3.35774088 -3.35778761 -3.35787591 -3.35799284 -3.35812664 -3.35826873 -3.35840887 -3.35853859
-3.35790858 -3.35802632 -3.35813781 -3.35821943 -3.35825144 -3.35826114 -3.35823331 -3.35818586 -3.35814957 -3.35810765 -3.35808406 -3.35806099 -3.35804403 -3.35801232 -3.35796154 -3.35787952 -3.35778440 -3.35766597 -3.35754138 -3.35740696 -3.35727341 -3.35716128 -3.35706736 -3.35701104 -3.35701053 -3.35704754 -3.35713110 -3.35724590 -3.35738160 -3.35751816 -3.35764917 -3.35777685
-3.35705158 -3.35717255 -3.35727644 -3.35734194 -3.35737659 -3.35737135 -3.35732688 -3.35727723 -3.35722692 -3.35719171 -3.35716919 -3.35715439 -3.35715202 -3.35712383 -3.35708297 -3.35700329 -3.35691094 -3.35679291 -3.35666477 -3.35653075 -3.35640220 -3.35628752 -3.35620129 -3.35615934 -3.35615559 -3.35620301 -3.35628518 -3.35640598 -3.35653336 -3.35667003 -3.35679979 -3.35693077
-3.35614338 -3.35625063 -3.35634191 -3.35639701 -3.35640774 -3.35638249 -3.35633667 -3.35627405 -3.35621730 -3.35618378 -3.35616310 -3.35616055 -3.35616213 -3.35615147 -3.35611351 -3.35605412 -3.35596499 -3.35585639 -3.35571894 -3.35559005 -3.35546436 -3.35535904 -3.35527592 -3.35523385 -3.35525042 -3.35529905 -3.35539072 -3.35549994 -3.35562959 -3.35576967 -3.35590225 -3.35602667
-3.35522449 -3.35532394 -3.35538941 -3.35541672 -3.35541760 -3.35537846 -3.35530848 -3.35523934 -3.35518930 -3.35515854 -3.35514859 -3.35515005 -3.35515217 -3.35516130 -3.35513188 -3.35508278 -3.35500957 -3.35490355 -3.35477263 -3.35465205 -3.35453150 -3.35442837 -3.35435635 -3.35432698 -3.35435179 -3.35440369 -3.35449568 -3.35460878 -3.35474198 -3.35487624 -3.35499601 -3.35512282
-3.35437300 -3.35445016 -3.35450382 -3.35450977 -3.35448338 -3.35442963 -3.35435380 -3.35427573 -3.35421963 -3.35419299 -3.35419815 -3.35421673 -3.35424394 -3.35425467 -3.35424185 -3.35419946 -3.35412955 -3.35403538 -3.35392090 -3.35380443 -3.35368610 -3.35360068 -3.35354287 -3.35351628 -3.35354147 -3.35360095 -3.35369952 -3.35380628 -3.35392398 -3.35404483 -3.35416744 -3.35428008
-3.35365421 -3.35371729 -3.35375265 -3.35374481 -3.35370693 -3.35364396 -3.35356596 -3.35348107 -3.35343557 -3.35341146 -3.35341694 -3.35345721 -3.35350029 -3.35352667 -3.35352218 -3.35349359 -3.35343293 -3.35334639 -3.35324609 -3.35313004 -3.35302332 -3.35294662 -3.35290072 -3.35289228 -3.35291798 -3.35298076 -3.35307361 -3.35316172 -3.35326403 -3.35336922 -3.35346690 -3.35357055
-3.35316421 -3.35321269 -3.35323426 -3.35322052 -3.35317278 -3.35310411 -3.35302638 -3.35295529 -3.35291061 -3.35289571 -3.35292051 -3.35295942 -3.35300097 -3.35304344 -3.35305302 -3.35303288 -3.35297830 -3.35291100 -3.35281604 -3.35271490 -3.35261463 -3.35254930 -3.35252250 -3.35252759 -3.35255301 -3.35260721 -3.35268723 -3.35276171 -3.35284207 -3.35291298 -3.35300612 -3.35308963
-3.35295106 -3.35300403 -3.35302115 -3.35300436 -3.35294895 -3.35288351 -3.35281219 -3.35275114 -3.35271847 -3.35271215 -3.35273300 -3.35278003 -3.35283722 -3.35286949 -3.35289318 -3.35287233 -3.35283418 -3.35275616 -3.35267721 -3.35259339 -3.35251612 -3.35246691 -3.35244081 -3.35245798 -3.35248898 -3.35253893 -3.35259814 -3.35265448 -3.35270109 -3.35276029 -3.35282710 -3.35289312
-3.35306776 -3.35311235 -3.35312053 -3.35310552 -3.35307050 -3.35300699 -3.35294840 -3.35290043 -3.35287527 -3.35286278 -3.35287716 -3.35291898 -3.35296824 -3.35300119 -3.35302862 -3.35301827 -3.35298711 -3.35292220 -3.35285529 -3.35278392 -3.35272173 -3.35268799 -3.35268540 -3.35270703 -3.35273508 -3.35278248 -3.35281775 -3.35284663 -3.35287363 -3.35291683 -3.35295826 -3.35301319
-3.35349244 -3.35353084 -3.35354291 -3.35353461 -3.35350926 -3.35346092 -3.35341034 -3.35336475 -3.35333475 -3.35332069 -3.35333011 -3.35335960 -3.35339774 -3.35342081 -3.35345439 -3.35344711 -3.35340825 -3.35336047 -3.35329459 -3.35323309 -3.35319553 -3.35318535 -3.35319502 -3.35322865 -3.35327171 -3.35331161 -3.35332993 -3.35333471 -3.35335226 -3.35337572 -3.35339936 -3.35344668
-3.35417779 -3.35421524 -3.35423329 -3.35422382 -3.35420772 -3.35416652 -3.35411660 -3.35407145 -3.35402897 -3.35401557 -3.35400744 -3.35402540 -3.35405321 -3.35406596 -3.35408340 -3.35406355 -3.35403517 -3.35399704 -3.35394603 -3.35389662 -3.35387570 -3.35388930 -3.35392307 -3.35397084 -3.35402528 -3.35406981 -3.35408514 -3.35407785 -3.35407127 -3.35408297 -3.35410141 -3.35414051
-3.35505068 -3.35508830 -3.35509796 -3.35508417 -3.35507126 -3.35502945 -3.35497061 -3.35492411 -3.35487822 -3.35484449 -3.35483260 -3.35483593 -3.35483514 -3.35483619 -3.35483594 -3.35481233 -3.35478866 -3.35474902 -3.35470466 -3.35467552 -3.35467614 -3.35471563 -3.35477301 -3.35485055 -3.35491704 -3.35496383 -3.35498816 -3.35498186 -3.35497205 -3.35497037 -3.35497830 -3.35501549
-3.35601925 -3.35603824 -3.35603553 -3.35603006 -3.35598938 -3.35594092 -3.35587937 -3.35582240 -3.35577091 -3.35573387 -3.35570460 -3.35568229 -3.35565677 -3.35563800 -3.35562451 -3.35560160 -3.35557471 -3.35553353 -3.35550219 -3.35550462 -3.35553115 -3.35559529 -3.35568227 -3.35577389 -3.35585764 -3.35593187 -3.35595890 -3.35597065 -3.35596734 -3.35595301 -3.35596547 -3.35598928
-3.35699488 -3.35700590 -3.35698500 -3.35694599 -3.35688687 -3.35681375 -3.35674279 -3.35667651 -3.35661380 -3.35657045 -3.35652354 -3.35648018 -3.35643985 -3.35640771 -3.35637630 -3.35634713 -3.35631072 -3.35628384 -3.35628471 -3.35630596 -3.35635263 -3.35644493 -3.35654965 -3.35667106 -3.35678924 -3.35687234 -3.35693246 -3.35694494 -3.35694684 -3.35695565 -3.35696977 -3.35697695
-3.35791376 -3.35789163 -3.35784876 -3.35777569 -3.35769371 -3.35758847 -3.35750060 -3.35742202 -3.35734702 -3.35729405 -3.35723468 -3.35717411 -3.35712556 -3.35708544 -3.35704227 -3.35700065 -3.35697639 -3.35696236 -3.35697110 -3.35701218 -3.35709579 -3.35720894 -3.35734546 -3.35749362 -3.35763582 -3.35774594 -3.35781791 -3.35786196 -3.35789029 -3.35789867 -3.35791261 -3.35791869
-3.35871206 -3.35866076 -3.35858411 -3.35847403 -3.35835842 -3.35823344 -3.35811402 -3.35801828 -3.35793825 -3.35787512 -3.35780410 -3.35774823 -3.35769358 -3.35764379 -3.35759719 -3.35756081 -3.35753574 -3.35754787 -3.35756466 -3.35762492 -3.35772865 -3.35786194 -3.35802310 -3.35819203 -3.35834982 -3.35849495 -3.35859721 -3.35866576 -3.35871274 -3.35873387 -3.35874647 -3.35873371
-3.35937537 -3.35929042 -3.35916623 -3.35903232 -3.35887854 -3.35872607 -3.35859794 -3.35848073 -3.35839447 -3.35832820 -3.35826013 -3.35820733 -3.35815302 -3.35810586 -3.35805316 -3.35801330 -3.35800483 -3.35800691 -3.35806499 -3.35813232 -3.35824847 -3.35840463 -3.35857387 -3.35876554 -3.35893839 -3.35910843 -3.35923754 -3.35933201 -3.35939414 -3.35942462 -3.35943552 -3.35941535
-3.35989038 -3.35977636 -3.35962587 -3.35945520 -3.35927484 -3.35910389 -3.35895585 -3.35883076 -3.35874990 -3.35868610 -3.35862910 -3.35858095 -3.35853836 -3.35848146 -3.35842965 -3.35839529 -3.35838479 -3.35839505 -3.35844599 -3.35852708 -3.35864993 -3.35881877 -3.35900189 -3.35919585 -3.35939853 -3.35957031 -3.35972930 -3.35984101 -3.35992136 -3.35996206 -3.35997302 -3.35995240
-3.36026241 -3.36013789 -3.35996690 -3.35976482 -3.35956244 -3.35938224 -3.35924110 -3.35912135 -3.35904048 -3.35898390 -3.35893804 -3.35890435 -3.35886304 -3.35880822 -3.35875837 -3.35871529 -3.35870165 -3.35871560 -3.35874945 -3.35883465 -3.35895236 -3.35911290 -3.35930135 -3.35950033 -3.35970585 -3.35989488 -3.36005888 -3.36019631 -3.36030151 -3.36035141 -3.36036613 -3.36034051
-3.36051220 -3.36037791 -3.36021064 -3.36000704 -3.35980374 -3.35962713 -3.35947397 -3.35936950 -3.35930059 -3.35926021 -3.35923191 -3.35920102 -3.35917555 -3.35912438 -3.35906355 -3.35902515 -3.35898651 -3.35897713 -3.35899724 -3.35906161 -3.35916280 -3.35930698 -3.35948671 -3.35967788 -3.35988898 -3.36008971 -3.36026681 -3.36041421 -3.36052768 -3.36060398 -3.36061796 -3.36059189
-3.36067957 -3.36055862 -3.36039283 -3.36020594 -3.36001612 -3.35984404 -3.35971264 -3.35961019 -3.35955756 -3.35952837 -3.35951668 -3.35950253 -3.35948999 -3.35944383 -3.35938556 -3.35931616 -3.35926311 -3.35922258 -3.35921102 -3.35923868 -3.35931607 -3.35942815 -3.35958975 -3.35977305 -3.35998605 -3.36017974 -3.36036368 -3.36051253 -3.36063540 -3.36072837 -3.36076060 -3.36074570
-3.36077552 -3.36068428 -3.36054798 -3.36038768 -3.36022439 -3.36006470 -3.35994720 -3.35986090 -3.35981681 -3.35981001 -3.35981250 -3.35981413 -3.35979941 -3.35976117 -3.35970051 -3.35961303 -3.35951826 -3.35944951 -3.35939540 -3.35938612 -3.35942384 -3.35950303 -3.35963029 -3.35980253 -3.35998640 -3.36017268 -3.36035969 -3.36052394 -3.36066056 -3.36076009 -3.36082063 -3.36082955
