32 32 0 1
-3.36082921 -3.36074379 -3.36060168 -3.36043811 -3.36026303 -3.36009813 -3.35995860 -3.35987640 -3.35984488 -3.35985252 -3.35989502 -3.35995458 -3.35999124 -3.36000532 -3.35999089 -3.35992563 -3.35982726 -3.35971826 -3.35960735 -3.35951692 -3.35946486 -3.35946459 -3.35952125 -3.35962807 -3.35978003 -3.35997759 -3.36018776 -3.36038389 -3.36056706 -3.36071423 -3.36081390 -3.36085754
-3.36084450 -3.36079144 -3.36070720 -3.36057807 -3.36043834 -3.36029974 -3.36018745 -3.36013726 -3.36011806 -3.36015589 -3.36020958 -3.36027850 -3.36033440 -3.36034158 -3.36031105 -3.36021335 -3.36007436 -3.35991263 -3.35973951 -3.35959923 -3.35951206 -3.35946295 -3.35948790 -3.35955704 -3.35969417 -3.35986635 -3.36006689 -3.36027252 -3.36046705 -3.36063548 -3.36075351 -3.36082902
-3.36082043 -3.36081403 -3.36076108 -3.36068183 -3.36058328 -3.36047316 -3.36039008 -3.36034574 -3.36035070 -3.36041011 -3.36048343 -3.36055517 -3.36060419 -3.36061126 -3.36056152 -3.36043384 -3.36027105 -3.36007077 -3.35986817 -3.35968390 -3.35954831 -3.35946854 -3.35945064 -3.35950049 -3.35958715 -3.35974992 -3.35993305 -3.36014651 -3.36034509 -3.36052918 -3.36066572 -3.36076667
-3.36074393 -3.36077042 -3.36075449 -3.36071895 -3.36065628 -3.36057756 -3.36052673 -3.36051392 -3.36052521 -3.36058067 -3.36066513 -3.36073450 -3.36077929 -3.36076821 -3.36069921 -3.36056598 -3.36038341 -3.36016064 -3.35993622 -3.35972451 -3.35955706 -3.35944604 -3.35939559 -3.35941420 -3.35948333 -3.35961534 -3.35978807 -3.35997786 -3.36018528 -3.36037049 -3.36053348 -3.36066199
-3.36058703 -3.36064599 -3.36066602 -3.36066221 -3.36063916 -3.36059932 -3.36056794 -3.36057237 -3.36059959 -3.36066696 -3.36072967 -3.36079421 -3.36083007 -3.36080880 -3.36073231 -3.36059208 -3.36039545 -3.36016597 -3.35992875 -3.35970931 -3.35952306 -3.35938818 -3.35931290 -3.35929964 -3.35935009 -3.35944774 -3.35960073 -3.35978223 -3.35998099 -3.36016950 -3.36033863 -3.36048182
-3.36034334 -3.36042970 -3.36048593 -3.36051639 -3.36052928 -3.36051798 -3.36051409 -3.36052094 -3.36055652 -3.36061435 -3.36067622 -3.36072567 -3.36075062 -3.36072709 -3.36063318 -3.36049443 -3.36029595 -3.36007151 -3.35983902 -3.35960644 -3.35941267 -3.35927108 -3.35917708 -3.35913850 -3.35916208 -3.35923417 -3.35936686 -3.35953657 -3.35971734 -3.35990653 -3.36008535 -3.36022916
-3.35999569 -3.36010205 -3.36018331 -3.36024942 -3.36028109 -3.36030870 -3.36033700 -3.36034885 -3.36038763 -3.36043909 -3.36048837 -3.36052975 -3.36053167 -3.36050094 -3.36040588 -3.36025963 -3.36007118 -3.35985468 -3.35963263 -3.35941271 -3.35921725 -3.35907015 -3.35896329 -3.35889922 -3.35889340 -3.35895744 -3.35906372 -3.35920858 -3.35937972 -3.35955748 -3.35971927 -3.35986443
-3.35951048 -3.35963028 -3.35975108 -3.35984495 -3.35989618 -3.35995379 -3.36000003 -3.36003920 -3.36007664 -3.36011459 -3.36014833 -3.36016717 -3.36015386 -3.36011797 -3.36002578 -3.35988001 -3.35970505 -3.35950547 -3.35929254 -3.35908658 -3.35890086 -3.35875079 -3.35862983 -3.35855381 -3.35853682 -3.35857329 -3.35865362 -3.35877713 -3.35893708 -3.35908837 -3.35923231 -3.35936810
-3.35888335 -3.35901916 -3.35915562 -3.35927114 -3.35936366 -3.35944582 -3.35950698 -3.35955303 -3.35959154 -3.35961800 -3.35964088 -3.35964402 -3.35962278 -3.35956706 -3.35947202 -3.35933810 -3.35918095 -3.35900053 -3.35880647 -3.35860547 -3.35843668 -3.35829159 -3.35816405 -3.35808343 -3.35805037 -3.35806667 -3.35813111 -3.35823193 -3.35835815 -3.35848290 -3.35861497 -3.35874807
-3.35812515 -3.35827002 -3.35841971 -3.35855573 -3.35866841 -3.35876921 -3.35884739 -3.35889875 -3.35892919 -3.35894895 -3.35895084 -3.35894905 -3.35891249 -3.35885475 -3.35876541 -3.35863993 -3.35849534 -3.35833096 -3.35816578 -3.35798814 -3.35782046 -3.35767254 -3.35754530 -3.35746011 -3.35742277 -3.35743574 -3.35747902 -3.35754967 -3.35764389 -3.35774667 -3.35786458 -3.35798864
-3.35722210 -3.35737619 -3.35754044 -3.35769944 -3.35782034 -3.35793751 -3.35801174 -3.35805995 -3.35809464 -3.35809735 -3.35809173 -3.35806622 -3.35803004 -3.35797315 -3.35788916 -3.35777654 -3.35765279 -3.35751169 -3.35736211 -3.35721169 -3.35705645 -3.35692469 -3.35681053 -3.35672622 -3.35668692 -3.35666961 -3.35669697 -3.35674347 -3.35680614 -3.35688567 -3.35698024 -3.35708975
-3.35621964 -3.35637318 -3.35654512 -3.35670456 -3.35684988 -3.35696363 -3.35702996 -3.35707345 -3.35708841 -3.35708530 -3.35706987 -3.35703856 -3.35700438 -3.35694502 -3.35687337 -3.35677393 -3.35667460 -3.35655600 -3.35643365 -3.35630226 -3.35617469 -3.35605816 -3.35596169 -3.35588575 -3.35582960 -3.35581061 -3.35580957 -3.35583446 -3.35586308 -3.35591754 -3.35598853 -3.35608969
-3.35514808 -3.35529430 -3.35546512 -3.35563177 -3.35576999 -3.35587787 -3.35594798 -3.35597510 -3.35597617 -3.35596742 -3.35593887 -3.35590329 -3.35586426 -3.35581524 -3.35575574 -3.35568296 -3.35560603 -3.35552402 -3.35542446 -3.35532279 -3.35522383 -3.35513746 -3.35505182 -3.35496940 -3.35492480 -3.35489026 -3.35487297 -3.35485824 -3.35486100 -3.35489351 -3.35494350 -3.35503045
-3.35407608 -3.35421524 -3.35437014 -3.35452296 -3.35466327 -3.35476978 -3.35482147 -3.35484419 -3.35483632 -3.35482066 -3.35478941 -3.35474105 -3.35469402 -3.35466013 -3.35461882 -3.35456912 -3.35452222 -3.35447037 -3.35440212 -3.35433884 -3.35427110 -3.35420613 -3.35413043 -3.35406957 -3.35402627 -3.35397569 -3.35393581 -3.35389526 -3.35387679 -3.35387518 -3.35390090 -3.35397237
-3.35308405 -3.35320434 -3.35335460 -3.35349841 -3.35362419 -3.35371866 -3.35376468 -3.35378057 -3.35376219 -3.35373422 -3.35370743 -3.35366431 -3.35363210 -3.35360012 -3.35357594 -3.35354816 -3.35352316 -3.35350282 -3.35346931 -3.35343735 -3.35339560 -3.35335392 -3.35330561 -3.35325252 -3.35320475 -3.35315093 -3.35309226 -3.35303236 -3.35297213 -3.35294399 -3.35294910 -3.35299694
-3.35225321 -3.35236125 -3.35250312 -3.35263580 -3.35275301 -3.35284175 -3.35289226 -3.35289534 -3.35287639 -3.35284606 -3.35280649 -3.35277832 -3.35275814 -3.35274014 -3.35272817 -3.35272267 -3.35271481 -3.35271974 -3.35271674 -3.35270075 -3.35268436 -3.35266141 -3.35263306 -3.35260150 -3.35255385 -3.35249330 -3.35242257 -3.35233010 -3.35224069 -3.35218296 -3.35215292 -3.35218350
-3.35169419 -3.35178750 -3.35191417 -3.35203932 -3.35214507 -3.35223063 -3.35227869 -3.35228938 -3.35226675 -3.35224256 -3.35221969 -3.35218613 -3.35216499 -3.35216120 -3.35216038 -3.35216892 -3.35217822 -3.35220547 -3.35221313 -3.35221979 -3.35221887 -3.35221296 -3.35220900 -3.35218752 -3.35214625 -3.35207576 -3.35199019 -3.35188343 -3.35177439 -3.35167422 -3.35163281 -3.35163740
-3.35145357 -3.35154921 -3.35166553 -3.35178098 -3.35187657 -3.35195507 -3.35200464 -3.35202086 -3.35201787 -3.35199903 -3.35197154 -3.35195024 -3.35194526 -3.35193657 -3.35194923 -3.35195986 -3.35197776 -3.35199481 -3.35202061 -3.35204230 -3.35206224 -3.35207274 -3.35207330 -3.35206434 -3.35203004 -3.35196154 -3.35186019 -3.35173698 -3.35160229 -3.35149519 -3.35142572 -3.35141718
-3.35158640 -3.35166463 -3.35176708 -3.35187609 -3.35197637 -3.35204811 -3.35210526 -3.35213401 -3.35213708 -3.35212059 -3.35209703 -3.35207706 -3.35206855 -3.35206720 -3.35208086 -3.35209214 -3.35211709 -3.35214407 -3.35216759 -3.35219365 -3.35222098 -3.35224528 -3.35226757 -3.35226536 -3.35223032 -3.35216140 -3.35204688 -3.35191597 -3.35177046 -3.35165531 -3.35157602 -3.35155641
-3.35206671 -3.35213500 -3.35222845 -3.35232828 -3.35242384 -3.35249488 -3.35255416 -3.35258146 -3.35259008 -3.35258112 -3.35256395 -3.35254075 -3.35253165 -3.35252293 -3.35254494 -3.35255361 -3.35256251 -3.35259118 -3.35260956 -3.35263186 -3.35267290 -3.35271196 -3.35274076 -3.35275255 -3.35273373 -3.35266522 -3.35254984 -3.35240436 -3.35226910 -3.35215059 -3.35206848 -3.35204410
-3.35284298 -3.35290243 -3.35298837 -3.35307130 -3.35315908 -3.35322511 -3.35327315 -3.35330054 -3.35330238 -3.35330237 -3.35327707 -3.35326070 -3.35325498 -3.35323721 -3.35324153 -3.35323567 -3.35324600 -3.35327426 -3.35329751 -3.35331966 -3.35336442 -3.35341937 -3.35346442 -3.35348834 -3.35348146 -3.35342779 -3.35331940 -3.35317717 -3.35303182 -3.35292463 -3.35285281 -3.35282452
-3.35383377 -3.35389229 -3.35395890 -3.35401990 -3.35409485 -3.35414251 -3.35416928 -3.35419176 -3.35418991 -3.35418025 -3.35415905 -3.35414501 -3.35412089 -3.35410116 -3.35408716 -3.35407387 -3.35408668 -3.35410686 -3.35412839 -3.35415779 -3.35421427 -3.35428591 -3.35434503 -3.35439781 -3.35439614 -3.35435224 -3.35426605 -3.35414041 -3.35400989 -3.35390828 -3.35383990 -3.35381863
-3.35495417 -3.35498742 -3.35502610 -3.35507802 -3.35510837 -3.35513329 -3.35514302 -3.35514767 -3.35514396 -3.35512971 -3.35509726 -3.35506621 -3.35503250 -3.35499629 -3.35498093 -3.35497083 -3.35497680 -3.35499087 -3.35501747 -3.35507087 -3.35514696 -3.35522870 -3.35531687 -3.35537871 -3.35539723 -3.35538173 -3.35530886 -3.35521562 -3.35511436 -3.35501165 -3.35495844 -3.35493805
-3.35609670 -3.35611429 -3.35612391 -3.35612583 -3.35612393 -3.35610459 -3.35609153 -3.35607546 -3.35604876 -3.35603142 -3.35598979 -3.35594240 -3.35589537 -3.35585852 -3.35583305 -3.35582073 -3.35582451 -3.35584181 -3.35590036 -3.35597360 -3.35605635 -3.35616759 -3.35627087 -3.35635338 -3.35640560 -3.35640920 -3.35637396 -3.35629635 -3.35621954 -3.35615288 -3.35611719 -3.35608704
-3.35719030 -3.35717367 -3.35714529 -3.35710392 -3.35705544 -3.35699624 -3.35694572 -3.35689662 -3.35685067 -3.35680835 -3.35676182 -3.35670405 -3.35665420 -3.35661054 -3.35658865 -3.35657877 -3.35658880 -3.35662623 -3.35669251 -3.35678020 -3.35689646 -3.35702365 -3.35714685 -3.35725719 -3.35733885 -3.35737431 -3.35736878 -3.35733542 -3.35729078 -3.35724568 -3.35721695 -3.35719855
-3.35815569 -3.35810745 -3.35803708 -3.35794473 -3.35784539 -3.35774593 -3.35764862 -3.35756863 -3.35749846 -3.35744761 -3.35738183 -3.35732965 -3.35727601 -3.35723569 -3.35721837 -3.35721608 -3.35723791 -3.35730339 -3.35737838 -3.35748487 -3.35761641 -3.35775148 -3.35789921 -3.35802977 -3.35813541 -3.35821483 -3.35825162 -3.35826019 -3.35825132 -3.35823129 -3.35821062 -3.35818520
-3.35897739 -3.35888311 -3.35876395 -3.35862812 -3.35848222 -3.35833251 -3.35820729 -3.35809309 -3.35800797 -3.35793859 -3.35787162 -3.35782084 -3.35777418 -3.35775219 -3.35773601 -3.35774337 -3.35779148 -3.35784471 -3.35794610 -3.35805837 -3.35819258 -3.35835167 -3.35850248 -3.35865555 -3.35878771 -3.35890539 -3.35898146 -3.35902597 -3.35905727 -3.35906203 -3.35904979 -3.35901861
-3.35961996 -3.35949892 -3.35933951 -3.35915704 -3.35896595 -3.35878827 -3.35863007 -3.35849092 -3.35839296 -3.35832264 -3.35825807 -3.35821340 -3.35819179 -3.35816602 -3.35816019 -3.35818384 -3.35823714 -3.35829822 -3.35839273 -3.35850045 -3.35863775 -3.35879676 -3.35895997 -3.35912004 -3.35928501 -3.35941996 -3.35954019 -3.35962294 -3.35968472 -3.35971107 -3.35971589 -3.35968865
-3.36009467 -3.35995313 -3.35976634 -3.35955062 -3.35932443 -3.35912095 -3.35894919 -3.35880595 -3.35870557 -3.35863229 -3.35857982 -3.35855564 -3.35854466 -3.35852926 -3.35854175 -3.35856072 -3.35860461 -3.35866746 -3.35874160 -3.35883978 -3.35895572 -3.35910315 -3.35926626 -3.35943130 -3.35960695 -3.35977267 -3.35992175 -3.36004412 -3.36013870 -3.36019102 -3.36020663 -3.36018068
-3.36041556 -3.36026484 -3.36007289 -3.35984476 -3.35960808 -3.35939230 -3.35920831 -3.35907296 -3.35897337 -3.35891477 -3.35889289 -3.35888184 -3.35889303 -3.35889165 -3.35889573 -3.35891388 -3.35893511 -3.35897083 -3.35901753 -3.35908367 -3.35917191 -3.35928876 -3.35943615 -3.35959779 -3.35978884 -3.35997649 -3.36015133 -3.36030501 -3.36042703 -3.36051608 -3.36053439 -3.36050425
-3.36063452 -3.36049182 -3.36030081 -3.36007825 -3.35984778 -3.35963452 -3.35946695 -3.35932929 -3.35924920 -3.35921494 -3.35920926 -3.35922377 -3.35925421 -3.35926509 -3.35926595 -3.35925751 -3.35924835 -3.35924030 -3.35924468 -3.35926847 -3.35931712 -3.35939862 -3.35951936 -3.35967278 -3.35987105 -3.36006042 -3.36025695 -3.36042536 -3.36057357 -3.36068288 -3.36072279 -3.36070996
-3.36075727 -3.36064142 -3.36047162 -3.36027218 -3.36006718 -3.35986587 -3.35971276 -3.35959797 -3.35953641 -3.35952878 -3.35954713 -3.35958578 -3.35961611 -3.35963985 -3.35963812 -3.35960171 -3.35954589 -3.35949648 -3.35943934 -3.35940672 -3.35941318 -3.35944934 -3.35953980 -3.35968263 -3.35985025 -3.36004168 -3.36024900 -3.36044224 -3.36061002 -3.36073555 -3.36081265 -3.36082439
