32 32 0 1
-3.36063153 -3.36050732 -3.36036230 -3.36022528 -3.36010256 -3.36000685 -3.35994239 -3.35991995 -3.35993944 -3.35998119 -3.36003995 -3.36009580 -3.36012606 -3.36013220 -3.36011134 -3.36004461 -3.35995278 -3.35985698 -3.35976318 -3.35969204 -3.35965881 -3.35967986 -3.35975025 -3.35987287 -3.36003605 -3.36023086 -3.36041821 -3.36057000 -3.36068778 -3.36075188 -3.36076101 -3.36072277
-3.36059540 -3.36050543 -3.36041515 -3.36031764 -3.36023331 -3.36016626 -3.36013137 -3.36014909 -3.36018180 -3.36025437 -3.36032615 -3.36039608 -3.36044390 -3.36044426 -3.36040819 -3.36031992 -3.36019731 -3.36005544 -3.35990794 -3.35978866 -3.35972177 -3.35968671 -3.35972213 -3.35979876 -3.35993871 -3.36009847 -3.36027136 -3.36042534 -3.36054630 -3.36062747 -3.36065414 -3.36064583
-3.36053852 -3.36049637 -3.36044197 -3.36039407 -3.36035230 -3.36031563 -3.36030936 -3.36033639 -3.36039600 -3.36048930 -3.36057809 -3.36065497 -3.36069857 -3.36069852 -3.36064956 -3.36053554 -3.36039289 -3.36022333 -3.36004300 -3.35988439 -3.35976544 -3.35969844 -3.35968304 -3.35973362 -3.35981355 -3.35995837 -3.36010552 -3.36026684 -3.36038847 -3.36048656 -3.36053237 -3.36055161
-3.36045482 -3.36044634 -3.36043177 -3.36042617 -3.36041713 -3.36041136 -3.36043181 -3.36049107 -3.36055713 -3.36065290 -3.36075523 -3.36083133 -3.36087556 -3.36086160 -3.36079616 -3.36067447 -3.36051559 -3.36032172 -3.36012814 -3.35993706 -3.35978398 -3.35967468 -3.35962111 -3.35963151 -3.35968738 -3.35979888 -3.35993546 -3.36007545 -3.36021238 -3.36031303 -3.36038715 -3.36043430
-3.36030847 -3.36033539 -3.36035170 -3.36037282 -3.36039812 -3.36043111 -3.36046773 -3.36054024 -3.36062477 -3.36073301 -3.36082355 -3.36089801 -3.36094126 -3.36092069 -3.36084759 -3.36072010 -3.36054804 -3.36034585 -3.36013799 -3.35993413 -3.35975100 -3.35961310 -3.35952387 -3.35949648 -3.35952919 -3.35960467 -3.35971899 -3.35985438 -3.35998660 -3.36010250 -3.36019417 -3.36026622
-3.36009114 -3.36013944 -3.36018890 -3.36024811 -3.36030193 -3.36035042 -3.36041150 -3.36048372 -3.36057218 -3.36067467 -3.36076490 -3.36083217 -3.36087683 -3.36086752 -3.36078423 -3.36066563 -3.36048546 -3.36028086 -3.36006179 -3.35984107 -3.35964583 -3.35948945 -3.35937674 -3.35931724 -3.35931923 -3.35936571 -3.35946106 -3.35958323 -3.35971422 -3.35983749 -3.35994639 -3.36003008
-3.35977032 -3.35984139 -3.35991488 -3.35999788 -3.36006576 -3.36014463 -3.36022930 -3.36030832 -3.36040525 -3.36050342 -3.36058850 -3.36066211 -3.36069313 -3.36068430 -3.36060405 -3.36047482 -3.36030187 -3.36009215 -3.35987596 -3.35965922 -3.35944983 -3.35927903 -3.35914293 -3.35905635 -3.35902747 -3.35906193 -3.35913956 -3.35925089 -3.35937673 -3.35950170 -3.35960118 -3.35968753
-3.35931428 -3.35940105 -3.35950680 -3.35960925 -3.35969482 -3.35979502 -3.35988941 -3.35998642 -3.36008500 -3.36018308 -3.36026925 -3.36034008 -3.36036243 -3.36035055 -3.36028388 -3.36015204 -3.35998436 -3.35978302 -3.35956940 -3.35934113 -3.35913514 -3.35895418 -3.35879991 -3.35868727 -3.35864990 -3.35866526 -3.35873131 -3.35882339 -3.35894762 -3.35905562 -3.35914699 -3.35922321
-3.35871918 -3.35882659 -3.35894698 -3.35905849 -3.35916892 -3.35928390 -3.35939416 -3.35949669 -3.35960205 -3.35970050 -3.35979312 -3.35986147 -3.35988980 -3.35987403 -3.35980249 -3.35968591 -3.35952254 -3.35933618 -3.35911401 -3.35888919 -3.35868135 -3.35849373 -3.35832729 -3.35821433 -3.35815945 -3.35816576 -3.35822066 -3.35830464 -3.35840534 -3.35848865 -3.35856808 -3.35863537
-3.35801411 -3.35811536 -3.35823469 -3.35835868 -3.35847392 -3.35860362 -3.35872936 -3.35884451 -3.35895146 -3.35905391 -3.35914616 -3.35922479 -3.35925659 -3.35925118 -3.35918864 -3.35907229 -3.35891645 -3.35872871 -3.35852300 -3.35830169 -3.35808695 -3.35789435 -3.35772939 -3.35761968 -3.35756044 -3.35756968 -3.35760851 -3.35767735 -3.35774934 -3.35781586 -3.35787119 -3.35793271
-3.35717942 -3.35726768 -3.35738373 -3.35751276 -3.35762548 -3.35775977 -3.35787625 -3.35799448 -3.35811896 -3.35822761 -3.35833219 -3.35841248 -3.35845752 -3.35846084 -3.35841234 -3.35830403 -3.35816349 -3.35798134 -3.35778609 -3.35757063 -3.35735937 -3.35717935 -3.35702903 -3.35691900 -3.35687496 -3.35686070 -3.35689225 -3.35693804 -3.35698916 -3.35703329 -3.35707063 -3.35711332
-3.35625567 -3.35632538 -3.35642664 -3.35653816 -3.35665444 -3.35677127 -3.35687111 -3.35699089 -3.35710827 -3.35723053 -3.35734321 -3.35744178 -3.35751105 -3.35752510 -3.35749709 -3.35739527 -3.35726985 -3.35710260 -3.35691732 -3.35671146 -3.35652100 -3.35635157 -3.35622414 -3.35612992 -3.35608228 -3.35607257 -3.35609002 -3.35611877 -3.35614825 -3.35616351 -3.35617998 -3.35620840
-3.35528777 -3.35532913 -3.35540291 -3.35549689 -3.35558451 -3.35567571 -3.35577202 -3.35587165 -3.35598435 -3.35611018 -3.35623876 -3.35635014 -3.35643571 -3.35647501 -3.35646152 -3.35639744 -3.35628229 -3.35613875 -3.35595829 -3.35578552 -3.35561438 -3.35547478 -3.35536157 -3.35528284 -3.35525548 -3.35524456 -3.35525451 -3.35526045 -3.35526019 -3.35526329 -3.35525881 -3.35526079
-3.35432834 -3.35435668 -3.35439282 -3.35444021 -3.35450998 -3.35457658 -3.35463337 -3.35472259 -3.35483180 -3.35496233 -3.35510049 -3.35521959 -3.35531131 -3.35537928 -3.35538704 -3.35534713 -3.35526149 -3.35513556 -3.35498572 -3.35483819 -3.35470137 -3.35458829 -3.35449878 -3.35445214 -3.35443451 -3.35442879 -3.35443142 -3.35442138 -3.35440806 -3.35438763 -3.35435221 -3.35433632
-3.35348675 -3.35347802 -3.35349238 -3.35350752 -3.35353056 -3.35356565 -3.35360470 -3.35366596 -3.35375785 -3.35387627 -3.35402194 -3.35415884 -3.35427503 -3.35435189 -3.35438740 -3.35436528 -3.35429942 -3.35420536 -3.35408663 -3.35396562 -3.35385486 -3.35377915 -3.35372136 -3.35369629 -3.35369423 -3.35369869 -3.35370492 -3.35368574 -3.35364443 -3.35359950 -3.35354987 -3.35351218
-3.35282356 -3.35279442 -3.35278497 -3.35277641 -3.35276865 -3.35277478 -3.35279084 -3.35281952 -3.35289556 -3.35299974 -3.35313295 -3.35328032 -3.35341130 -3.35350744 -3.35355522 -3.35355662 -3.35351239 -3.35344338 -3.35334770 -3.35324614 -3.35316772 -3.35311844 -3.35309524 -3.35310156 -3.35312188 -3.35314051 -3.35314749 -3.35310613 -3.35305586 -3.35298878 -3.35291670 -3.35286699
-3.35244780 -3.35240461 -3.35237957 -3.35235275 -3.35232068 -3.35230338 -3.35229207 -3.35230541 -3.35235261 -3.35243943 -3.35256940 -3.35269790 -3.35281678 -3.35292721 -3.35298558 -3.35300485 -3.35297337 -3.35292545 -3.35284776 -3.35277891 -3.35272108 -3.35269857 -3.35271356 -3.35274507 -3.35278332 -3.35280954 -3.35281711 -3.35277966 -3.35272095 -3.35262539 -3.35255743 -3.35249536
-3.35238829 -3.35236169 -3.35233575 -3.35229944 -3.35225079 -3.35221144 -3.35218133 -3.35217968 -3.35221021 -3.35227206 -3.35236899 -3.35248564 -3.35260387 -3.35269585 -3.35276145 -3.35277914 -3.35276473 -3.35271254 -3.35265926 -3.35260883 -3.35258276 -3.35258532 -3.35261495 -3.35267086 -3.35273018 -3.35277222 -3.35277523 -3.35273764 -3.35266482 -3.35258160 -3.35250535 -3.35243796
-3.35268815 -3.35266023 -3.35263093 -3.35260221 -3.35256521 -3.35251798 -3.35247957 -3.35246054 -3.35246673 -3.35249737 -3.35255820 -3.35264650 -3.35273839 -3.35282241 -3.35287881 -3.35289816 -3.35289170 -3.35284960 -3.35280740 -3.35276624 -3.35275567 -3.35278155 -3.35283859 -3.35290928 -3.35298381 -3.35303398 -3.35303269 -3.35299428 -3.35292461 -3.35285378 -3.35277988 -3.35272156
-3.35329299 -3.35327825 -3.35325876 -3.35323942 -3.35321048 -3.35316466 -3.35312125 -3.35308308 -3.35306259 -3.35307339 -3.35310220 -3.35315262 -3.35321622 -3.35327006 -3.35332399 -3.35333902 -3.35331886 -3.35328606 -3.35324271 -3.35321017 -3.35321797 -3.35326095 -3.35333334 -3.35342639 -3.35351824 -3.35357386 -3.35357695 -3.35353352 -3.35348299 -3.35341940 -3.35335440 -3.35331751
-3.35413801 -3.35413835 -3.35413471 -3.35411759 -3.35409682 -3.35405839 -3.35400288 -3.35395564 -3.35390836 -3.35389543 -3.35388498 -3.35390825 -3.35394313 -3.35397168 -3.35399555 -3.35399439 -3.35397231 -3.35394810 -3.35391509 -3.35389148 -3.35390849 -3.35397230 -3.35406193 -3.35417194 -3.35427394 -3.35434305 -3.35435554 -3.35431934 -3.35426698 -3.35421762 -3.35416967 -3.35414844
-3.35513442 -3.35514779 -3.35514564 -3.35512552 -3.35511093 -3.35506802 -3.35500477 -3.35494668 -3.35488726 -3.35483766 -3.35481065 -3.35480274 -3.35480280 -3.35480434 -3.35480439 -3.35478679 -3.35477175 -3.35475067 -3.35472238 -3.35471078 -3.35474493 -3.35482464 -3.35493007 -3.35506313 -3.35516474 -3.35524088 -3.35527179 -3.35525278 -3.35521533 -3.35517211 -3.35513773 -3.35513193
-3.35618317 -3.35618727 -3.35617933 -3.35616914 -3.35612987 -3.35607974 -3.35600981 -3.35593922 -3.35586947 -3.35580745 -3.35575095 -3.35570881 -3.35568087 -3.35565513 -3.35564570 -3.35562345 -3.35560743 -3.35558423 -3.35556888 -3.35558102 -3.35563713 -3.35573167 -3.35586138 -3.35599498 -3.35611370 -3.35620658 -3.35624760 -3.35625919 -3.35623640 -3.35620183 -3.35618058 -3.35617947
-3.35720341 -3.35720127 -3.35717372 -3.35712712 -3.35707045 -3.35699069 -3.35691382 -3.35683676 -3.35675176 -3.35667954 -3.35660509 -3.35653914 -3.35648675 -3.35645702 -3.35642710 -3.35640656 -3.35638660 -3.35637319 -3.35638651 -3.35642214 -3.35649475 -3.35661112 -3.35675160 -3.35690121 -3.35704062 -3.35715080 -3.35721690 -3.35723273 -3.35722896 -3.35722594 -3.35721778 -3.35720301
-3.35813699 -3.35809730 -3.35804147 -3.35796151 -3.35787513 -3.35777289 -3.35767159 -3.35757759 -3.35747997 -3.35739736 -3.35731193 -3.35723502 -3.35717436 -3.35713593 -3.35710747 -3.35708329 -3.35707551 -3.35707931 -3.35710218 -3.35716324 -3.35726005 -3.35739966 -3.35755432 -3.35772656 -3.35788510 -3.35801273 -3.35810042 -3.35814638 -3.35817198 -3.35817130 -3.35817102 -3.35815784
-3.35892374 -3.35885339 -3.35875911 -3.35863281 -3.35850719 -3.35837986 -3.35825187 -3.35813763 -3.35803998 -3.35794928 -3.35785493 -3.35778775 -3.35772333 -3.35768053 -3.35765698 -3.35764684 -3.35764008 -3.35767565 -3.35771177 -3.35779007 -3.35790814 -3.35805376 -3.35822964 -3.35841621 -3.35859444 -3.35874965 -3.35886586 -3.35894177 -3.35898882 -3.35900096 -3.35900222 -3.35897189
-3.35956042 -3.35944642 -3.35929932 -3.35914181 -3.35898047 -3.35881616 -3.35867684 -3.35854602 -3.35844136 -3.35835643 -3.35827755 -3.35821147 -3.35815873 -3.35812602 -3.35809665 -3.35809373 -3.35811469 -3.35814150 -3.35821920 -3.35830409 -3.35842935 -3.35859292 -3.35877038 -3.35897241 -3.35916409 -3.35934980 -3.35949299 -3.35959330 -3.35965545 -3.35968305 -3.35967277 -3.35962750
-3.36003333 -3.35988578 -3.35970714 -3.35951162 -3.35931828 -3.35913520 -3.35897658 -3.35884220 -3.35874076 -3.35866665 -3.35859788 -3.35855058 -3.35852003 -3.35848858 -3.35846906 -3.35846893 -3.35850040 -3.35853986 -3.35860992 -3.35870333 -3.35882617 -3.35899694 -3.35918450 -3.35938953 -3.35960470 -3.35979750 -3.35996981 -3.36008905 -3.36016951 -3.36019602 -3.36018041 -3.36012795
-3.36034698 -3.36017655 -3.35997426 -3.35975492 -3.35953726 -3.35934878 -3.35920225 -3.35907354 -3.35898830 -3.35891860 -3.35887096 -3.35884505 -3.35883146 -3.35880821 -3.35880323 -3.35879927 -3.35882776 -3.35887058 -3.35892087 -3.35900696 -3.35912099 -3.35927814 -3.35947238 -3.35967666 -3.35989936 -3.36010612 -3.36028622 -3.36043021 -3.36052595 -3.36055550 -3.36053527 -3.36046899
-3.36052613 -3.36034394 -3.36014006 -3.35991460 -3.35969933 -3.35951846 -3.35937368 -3.35926936 -3.35919696 -3.35915973 -3.35914794 -3.35913381 -3.35913549 -3.35912543 -3.35911736 -3.35912078 -3.35912571 -3.35914403 -3.35917483 -3.35923666 -3.35932975 -3.35946179 -3.35963790 -3.35983556 -3.36006340 -3.36028435 -3.36047465 -3.36062484 -3.36072805 -3.36077572 -3.36074188 -3.36065962
-3.36061824 -3.36044730 -3.36024353 -3.36003727 -3.35984327 -3.35967728 -3.35955572 -3.35946799 -3.35942522 -3.35941326 -3.35942175 -3.35943490 -3.35945945 -3.35946203 -3.35945368 -3.35943279 -3.35941893 -3.35940115 -3.35940199 -3.35942416 -3.35948541 -3.35958635 -3.35973089 -3.35991643 -3.36013914 -3.36034944 -3.36054656 -3.36069570 -3.36080110 -3.36085543 -3.36082752 -3.36074497
-3.36063695 -3.36048582 -3.36031006 -3.36013169 -3.35997263 -3.35983168 -3.35974329 -3.35968727 -3.35967253 -3.35969365 -3.35972876 -3.35976674 -3.35979181 -3.35980267 -3.35979183 -3.35974993 -3.35969057 -3.35964140 -3.35959287 -3.35957374 -3.35959312 -3.35965042 -3.35975888 -3.35992975 -3.36011996 -3.36031899 -3.36051318 -3.36067276 -3.36078525 -3.36083620 -3.36082868 -3.36076346
