32 32 0 1
-3.35924391 -3.35921349 -3.35915698 -3.35910181 -3.35904930 -3.35900727 -3.35898736 -3.35900085 -3.35903304 -3.35907702 -3.35911680 -3.35913598 -3.35910390 -3.35902784 -3.35891310 -3.35874106 -3.35855261 -3.35837704 -3.35822179 -3.35811805 -3.35807616 -3.35809558 -3.35816944 -3.35829039 -3.35844556 -3.35862124 -3.35878973 -3.35892999 -3.35905510 -3.35914856 -3.35921040 -3.35924734
-3.35920980 -3.35922452 -3.35923458 -3.35922320 -3.35921425 -3.35920109 -3.35920728 -3.35925152 -3.35929875 -3.35936903 -3.35941684 -3.35944806 -3.35943033 -3.35934420 -3.35920791 -3.35901136 -3.35878553 -3.35855608 -3.35834672 -3.35819249 -3.35811474 -3.35808555 -3.35812554 -3.35820744 -3.35833611 -3.35847654 -3.35862441 -3.35876473 -3.35889019 -3.35900424 -3.35908668 -3.35916052
-3.35919880 -3.35926836 -3.35932075 -3.35936737 -3.35939755 -3.35941466 -3.35944692 -3.35949384 -3.35956330 -3.35964670 -3.35971101 -3.35974766 -3.35973152 -3.35964556 -3.35949736 -3.35927599 -3.35902538 -3.35876632 -3.35852280 -3.35832611 -3.35819573 -3.35812964 -3.35812037 -3.35817214 -3.35824339 -3.35836306 -3.35848249 -3.35862819 -3.35875138 -3.35888203 -3.35899225 -3.35910509
-3.35920379 -3.35931391 -3.35941178 -3.35950367 -3.35956522 -3.35960827 -3.35966309 -3.35973212 -3.35980550 -3.35989296 -3.35996887 -3.36000799 -3.35999095 -3.35990242 -3.35974318 -3.35951815 -3.35925590 -3.35896668 -3.35870526 -3.35847706 -3.35830776 -3.35819479 -3.35814755 -3.35815416 -3.35819152 -3.35827759 -3.35838211 -3.35850261 -3.35864526 -3.35878605 -3.35892772 -3.35907476
-3.35919856 -3.35934923 -3.35948287 -3.35959706 -3.35969351 -3.35977404 -3.35984104 -3.35991961 -3.35999943 -3.36009638 -3.36016001 -3.36020150 -3.36018800 -3.36009950 -3.35994379 -3.35972160 -3.35945499 -3.35916294 -3.35888458 -3.35863887 -3.35843465 -3.35828953 -3.35819906 -3.35815792 -3.35817021 -3.35821282 -3.35829682 -3.35841041 -3.35855203 -3.35870280 -3.35886531 -3.35903318
-3.35918050 -3.35935683 -3.35951307 -3.35966596 -3.35979155 -3.35987929 -3.35996542 -3.36004997 -3.36013920 -3.36022481 -3.36029658 -3.36032381 -3.36031122 -3.36023959 -3.36007867 -3.35987202 -3.35960905 -3.35932436 -3.35904190 -3.35877988 -3.35855347 -3.35838838 -3.35825752 -3.35818351 -3.35815663 -3.35816674 -3.35823362 -3.35833579 -3.35846932 -3.35863145 -3.35881285 -3.35899482
-3.35912871 -3.35931986 -3.35950851 -3.35968024 -3.35981448 -3.35993096 -3.36004171 -3.36012752 -3.36022175 -3.36030528 -3.36036307 -3.36039785 -3.36037341 -3.36030261 -3.36015668 -3.35995305 -3.35970449 -3.35942302 -3.35914697 -3.35888353 -3.35864991 -3.35846259 -3.35831058 -3.35819516 -3.35813294 -3.35813794 -3.35817900 -3.35827079 -3.35839953 -3.35856047 -3.35873460 -3.35892587
-3.35902231 -3.35923423 -3.35944953 -3.35963687 -3.35978329 -3.35992866 -3.36004892 -3.36015206 -3.36024409 -3.36031604 -3.36037289 -3.36039679 -3.36036633 -3.36029609 -3.36016582 -3.35996584 -3.35972883 -3.35946989 -3.35920800 -3.35894632 -3.35870908 -3.35850791 -3.35833121 -3.35819393 -3.35811830 -3.35809515 -3.35812430 -3.35819792 -3.35832915 -3.35847133 -3.35863479 -3.35881440
-3.35889103 -3.35911378 -3.35933924 -3.35954180 -3.35972366 -3.35987939 -3.36001265 -3.36011851 -3.36020791 -3.36027694 -3.36032533 -3.36034495 -3.36031422 -3.36023114 -3.36009483 -3.35991134 -3.35968929 -3.35945696 -3.35920432 -3.35895293 -3.35872240 -3.35851931 -3.35833096 -3.35819453 -3.35809750 -3.35805519 -3.35807069 -3.35813325 -3.35823297 -3.35835810 -3.35851130 -3.35868426
-3.35876160 -3.35897865 -3.35920226 -3.35942186 -3.35961312 -3.35978733 -3.35992891 -3.36004196 -3.36012947 -3.36019215 -3.36022991 -3.36024633 -3.36021007 -3.36012181 -3.35998361 -3.35980235 -3.35960274 -3.35938209 -3.35915420 -3.35892187 -3.35869491 -3.35849413 -3.35831217 -3.35817115 -3.35806906 -3.35802513 -3.35802656 -3.35806634 -3.35814607 -3.35825531 -3.35839021 -3.35855916
-3.35861789 -3.35883014 -3.35905855 -3.35928615 -3.35947975 -3.35965778 -3.35979216 -3.35990521 -3.36000261 -3.36005697 -3.36009757 -3.36009791 -3.36005099 -3.35995786 -3.35982733 -3.35964832 -3.35947000 -3.35926224 -3.35905714 -3.35884949 -3.35864235 -3.35845628 -3.35828710 -3.35815272 -3.35806357 -3.35800409 -3.35799524 -3.35801938 -3.35807809 -3.35816286 -3.35827406 -3.35843063
-3.35849285 -3.35870011 -3.35892141 -3.35913700 -3.35933637 -3.35950253 -3.35963147 -3.35974142 -3.35982454 -3.35987773 -3.35990933 -3.35990563 -3.35985974 -3.35976194 -3.35963020 -3.35946214 -3.35929090 -3.35910567 -3.35892191 -3.35873634 -3.35856009 -3.35839641 -3.35826050 -3.35814200 -3.35805710 -3.35800796 -3.35798970 -3.35799716 -3.35802994 -3.35808976 -3.35818075 -3.35831494
-3.35839110 -3.35857785 -3.35878964 -3.35899476 -3.35918009 -3.35933027 -3.35944933 -3.35954423 -3.35961318 -3.35966541 -3.35968499 -3.35967303 -3.35962437 -3.35953113 -3.35939793 -3.35924549 -3.35908842 -3.35892785 -3.35876042 -3.35860626 -3.35846353 -3.35833983 -3.35823036 -3.35813676 -3.35807532 -3.35802648 -3.35800470 -3.35799260 -3.35800264 -3.35804661 -3.35811793 -3.35823201
-3.35831172 -3.35848764 -3.35867445 -3.35885525 -3.35902897 -3.35916305 -3.35925425 -3.35933228 -3.35939295 -3.35943615 -3.35945096 -3.35942299 -3.35935672 -3.35927143 -3.35914582 -3.35900608 -3.35886181 -3.35871603 -3.35858287 -3.35846116 -3.35835619 -3.35827075 -3.35819261 -3.35813858 -3.35810614 -3.35806717 -3.35803913 -3.35801663 -3.35800961 -3.35803012 -3.35808206 -3.35818102
-3.35826628 -3.35841049 -3.35858984 -3.35875193 -3.35889188 -3.35900600 -3.35908374 -3.35913050 -3.35917150 -3.35919548 -3.35920276 -3.35917162 -3.35911438 -3.35901809 -3.35890201 -3.35876772 -3.35863222 -3.35851583 -3.35839748 -3.35831507 -3.35824526 -3.35819848 -3.35816362 -3.35814540 -3.35812942 -3.35811303 -3.35809660 -3.35807086 -3.35803992 -3.35803659 -3.35807538 -3.35815213
-3.35823142 -3.35836875 -3.35853020 -3.35867242 -3.35879633 -3.35888998 -3.35894300 -3.35896174 -3.35898243 -3.35898477 -3.35896992 -3.35894300 -3.35888134 -3.35878924 -3.35868360 -3.35855233 -3.35842879 -3.35832429 -3.35823255 -3.35816610 -3.35812686 -3.35811504 -3.35812318 -3.35814176 -3.35816269 -3.35816671 -3.35815976 -3.35811731 -3.35807759 -3.35805335 -3.35806437 -3.35813437
-3.35823920 -3.35836642 -3.35851835 -3.35865124 -3.35875505 -3.35882172 -3.35885242 -3.35885639 -3.35884516 -3.35882512 -3.35880054 -3.35875271 -3.35868007 -3.35859798 -3.35848802 -3.35837014 -3.35825394 -3.35816150 -3.35808326 -3.35803381 -3.35801673 -3.35803350 -3.35808069 -3.35814164 -3.35819066 -3.35821071 -3.35821567 -3.35817889 -3.35813367 -3.35808416 -3.35809161 -3.35814697
-3.35827687 -3.35841408 -3.35856108 -3.35868163 -3.35876649 -3.35881588 -3.35882166 -3.35880510 -3.35877617 -3.35873127 -3.35867871 -3.35862370 -3.35855474 -3.35845894 -3.35835750 -3.35823924 -3.35813147 -3.35802778 -3.35796294 -3.35792638 -3.35793308 -3.35797552 -3.35804766 -3.35813770 -3.35821675 -3.35826066 -3.35827311 -3.35824281 -3.35818777 -3.35814636 -3.35813894 -3.35818561
-3.35836941 -3.35850523 -3.35863808 -3.35875512 -3.35883746 -3.35886658 -3.35885727 -3.35882144 -3.35876271 -3.35869526 -3.35861958 -3.35854122 -3.35845781 -3.35836855 -3.35826861 -3.35815658 -3.35806144 -3.35796250 -3.35789477 -3.35786745 -3.35788262 -3.35794369 -3.35804163 -3.35815209 -3.35824973 -3.35831209 -3.35832832 -3.35830513 -3.35825726 -3.35822261 -3.35821841 -3.35827103
-3.35849808 -3.35863017 -3.35876295 -3.35887348 -3.35894808 -3.35896159 -3.35893555 -3.35887561 -3.35878811 -3.35870471 -3.35861312 -3.35851613 -3.35842363 -3.35832460 -3.35823452 -3.35812924 -3.35802598 -3.35793945 -3.35787143 -3.35784050 -3.35786923 -3.35794162 -3.35805367 -3.35818088 -3.35830175 -3.35838016 -3.35840339 -3.35838347 -3.35836050 -3.35833619 -3.35833605 -3.35840221
-3.35865615 -3.35878560 -3.35891147 -3.35901160 -3.35907275 -3.35907360 -3.35902294 -3.35894091 -3.35883133 -3.35873306 -3.35861367 -3.35851064 -3.35841900 -3.35831765 -3.35822310 -3.35812358 -3.35802970 -3.35795177 -3.35789274 -3.35786390 -3.35789142 -3.35797363 -3.35810201 -3.35823829 -3.35836986 -3.35846732 -3.35850659 -3.35850038 -3.35847620 -3.35846990 -3.35849077 -3.35855513
-3.35883572 -3.35895860 -3.35906524 -3.35913890 -3.35918644 -3.35916495 -3.35909692 -3.35900095 -3.35887323 -3.35875015 -3.35862781 -3.35851513 -3.35842255 -3.35832571 -3.35823491 -3.35813880 -3.35806161 -3.35799158 -3.35793734 -3.35791362 -3.35794964 -3.35804375 -3.35817742 -3.35833088 -3.35845652 -3.35856072 -3.35862455 -3.35863676 -3.35863546 -3.35863832 -3.35866810 -3.35873167
-3.35901929 -3.35911640 -3.35919818 -3.35925722 -3.35925945 -3.35921502 -3.35913254 -3.35902033 -3.35888739 -3.35875377 -3.35862657 -3.35850776 -3.35840615 -3.35831293 -3.35823391 -3.35815971 -3.35809652 -3.35803081 -3.35799780 -3.35798900 -3.35803532 -3.35813593 -3.35827893 -3.35842476 -3.35856503 -3.35868879 -3.35876531 -3.35880611 -3.35881998 -3.35882640 -3.35886229 -3.35892852
-3.35920220 -3.35926949 -3.35931118 -3.35931883 -3.35928961 -3.35920862 -3.35910620 -3.35898991 -3.35885412 -3.35872065 -3.35858954 -3.35847619 -3.35837244 -3.35829123 -3.35822068 -3.35816470 -3.35810493 -3.35807026 -3.35805497 -3.35806916 -3.35812783 -3.35823732 -3.35837360 -3.35853112 -3.35868585 -3.35881660 -3.35891824 -3.35896607 -3.35899969 -3.35903119 -3.35907477 -3.35912577
-3.35936183 -3.35938107 -3.35937872 -3.35933346 -3.35926697 -3.35916304 -3.35904052 -3.35891306 -3.35878042 -3.35864934 -3.35852668 -3.35841505 -3.35832124 -3.35824983 -3.35818910 -3.35814049 -3.35810849 -3.35808896 -3.35809161 -3.35812429 -3.35820356 -3.35831836 -3.35846288 -3.35863438 -3.35879855 -3.35894698 -3.35905439 -3.35913528 -3.35919057 -3.35922643 -3.35927359 -3.35932162
-3.35946870 -3.35945072 -3.35939498 -3.35930475 -3.35919908 -3.35906820 -3.35892727 -3.35878748 -3.35866259 -3.35855385 -3.35843200 -3.35833650 -3.35825488 -3.35818800 -3.35814032 -3.35811129 -3.35808505 -3.35810452 -3.35811596 -3.35816743 -3.35825620 -3.35837365 -3.35853014 -3.35870573 -3.35888415 -3.35905156 -3.35917864 -3.35927775 -3.35935175 -3.35940276 -3.35944443 -3.35946856
-3.35953917 -3.35947040 -3.35936575 -3.35924143 -3.35909701 -3.35894028 -3.35880242 -3.35866233 -3.35854580 -3.35844684 -3.35835045 -3.35827095 -3.35819791 -3.35814793 -3.35810048 -3.35806935 -3.35806750 -3.35807444 -3.35812346 -3.35817847 -3.35827484 -3.35840546 -3.35856427 -3.35874996 -3.35893434 -3.35911672 -3.35926994 -3.35938725 -3.35947437 -3.35953148 -3.35956101 -3.35956224
-3.35955544 -3.35944987 -3.35931248 -3.35915859 -3.35899189 -3.35882423 -3.35868364 -3.35855338 -3.35845320 -3.35837442 -3.35830384 -3.35823945 -3.35818710 -3.35813173 -3.35808882 -3.35805465 -3.35805327 -3.35806457 -3.35810100 -3.35816242 -3.35826147 -3.35840277 -3.35856373 -3.35874784 -3.35895048 -3.35913737 -3.35930861 -3.35944365 -3.35954387 -3.35960185 -3.35962218 -3.35961035
-3.35952486 -3.35940760 -3.35924510 -3.35907597 -3.35889183 -3.35873938 -3.35861321 -3.35850231 -3.35842379 -3.35836911 -3.35831492 -3.35827198 -3.35822974 -3.35816727 -3.35812614 -3.35808115 -3.35806481 -3.35806143 -3.35808059 -3.35813465 -3.35822851 -3.35835992 -3.35852522 -3.35870861 -3.35891073 -3.35911256 -3.35928801 -3.35943884 -3.35955611 -3.35960946 -3.35962587 -3.35959928
-3.35945373 -3.35933139 -3.35918377 -3.35901513 -3.35884899 -3.35870797 -3.35859176 -3.35851480 -3.35846050 -3.35843091 -3.35840854 -3.35837792 -3.35834360 -3.35828846 -3.35821854 -3.35816432 -3.35811122 -3.35808237 -3.35806975 -3.35810585 -3.35817377 -3.35829301 -3.35844858 -3.35862580 -3.35883388 -3.35903355 -3.35921777 -3.35937141 -3.35948793 -3.35956140 -3.35956789 -3.35953277
-3.35937572 -3.35927169 -3.35913949 -3.35899554 -3.35885592 -3.35874303 -3.35866376 -3.35860509 -3.35858261 -3.35857785 -3.35857784 -3.35856727 -3.35854156 -3.35847991 -3.35839481 -3.35829189 -3.35821090 -3.35813703 -3.35809148 -3.35808549 -3.35812578 -3.35821369 -3.35835250 -3.35852114 -3.35872940 -3.35892013 -3.35910546 -3.35925573 -3.35936826 -3.35944514 -3.35946360 -3.35943852
-3.35929596 -3.35922660 -3.35913282 -3.35902714 -3.35892856 -3.35883695 -3.35879225 -3.35877159 -3.35877563 -3.35880122 -3.35882141 -3.35882783 -3.35879583 -3.35873427 -3.35863397 -3.35849873 -3.35835332 -3.35823983 -3.35813952 -3.35808561 -3.35808932 -3.35814304 -3.35825292 -3.35841004 -3.35858867 -3.35877125 -3.35894920 -3.35910392 -3.35922306 -3.35929820 -3.35933925 -3.35934387
