32 32 0 1
-3.36053725 -3.36045172 -3.36032636 -3.36019445 -3.36006213 -3.35994418 -3.35985570 -3.35981427 -3.35981443 -3.35984353 -3.35989158 -3.35994306 -3.35996083 -3.35994924 -3.35990586 -3.35981151 -3.35968807 -3.35956246 -3.35944378 -3.35935733 -3.35931830 -3.35933676 -3.35941131 -3.35953627 -3.35969954 -3.35989298 -3.36008596 -3.36024977 -3.36039208 -3.36049799 -3.36056012 -3.36057785
-3.36054549 -3.36048944 -3.36041321 -3.36030981 -3.36020613 -3.36010989 -3.36004204 -3.36003341 -3.36004601 -3.36010585 -3.36017098 -3.36023564 -3.36028107 -3.36027191 -3.36021772 -3.36010163 -3.35994986 -3.35977954 -3.35960937 -3.35948052 -3.35941310 -3.35938014 -3.35942536 -3.35951461 -3.35965550 -3.35982064 -3.35999781 -3.36016583 -3.36031320 -3.36043274 -3.36050675 -3.36055002
-3.36053629 -3.36051891 -3.36047220 -3.36040897 -3.36033973 -3.36026258 -3.36021705 -3.36021057 -3.36024720 -3.36032575 -3.36040861 -3.36048654 -3.36053266 -3.36052778 -3.36046858 -3.36033195 -3.36016064 -3.35996333 -3.35976564 -3.35960329 -3.35948663 -3.35942895 -3.35943037 -3.35949898 -3.35959131 -3.35974209 -3.35989789 -3.36007076 -3.36022211 -3.36035317 -3.36044287 -3.36050842
-3.36049984 -3.36050963 -3.36049226 -3.36046228 -3.36041692 -3.36036103 -3.36033599 -3.36035421 -3.36039205 -3.36047096 -3.36056858 -3.36064473 -3.36068995 -3.36067553 -3.36060428 -3.36046634 -3.36028441 -3.36006695 -3.35985962 -3.35966568 -3.35952415 -3.35943796 -3.35941060 -3.35944667 -3.35952209 -3.35964445 -3.35979201 -3.35994688 -3.36010837 -3.36024383 -3.36035761 -3.36044739
-3.36040630 -3.36044395 -3.36045459 -3.36044483 -3.36042309 -3.36039898 -3.36038075 -3.36040707 -3.36045291 -3.36053587 -3.36061323 -3.36068807 -3.36073652 -3.36071554 -3.36063975 -3.36049874 -3.36030974 -3.36009212 -3.35987448 -3.35967069 -3.35951013 -3.35939934 -3.35934752 -3.35935577 -3.35941364 -3.35951086 -3.35964113 -3.35979524 -3.35995576 -3.36010387 -3.36023389 -3.36033932
-3.36025003 -3.36030589 -3.36033818 -3.36035556 -3.36035287 -3.36033678 -3.36034049 -3.36035442 -3.36040358 -3.36047641 -3.36055008 -3.36061348 -3.36064876 -3.36063560 -3.36054662 -3.36041584 -3.36022134 -3.36000810 -3.35978777 -3.35957750 -3.35940711 -3.35928843 -3.35922137 -3.35920771 -3.35924436 -3.35932260 -3.35944861 -3.35959655 -3.35975664 -3.35991286 -3.36005956 -3.36017177
-3.36000115 -3.36007208 -3.36012233 -3.36015544 -3.36016414 -3.36017645 -3.36019179 -3.36020340 -3.36025053 -3.36031161 -3.36036928 -3.36042446 -3.36044196 -3.36042077 -3.36033070 -3.36018956 -3.36000778 -3.35979580 -3.35958444 -3.35938912 -3.35921403 -3.35908678 -3.35900258 -3.35897095 -3.35899221 -3.35907633 -3.35918951 -3.35933317 -3.35949180 -3.35965053 -3.35978542 -3.35990527
-3.35962548 -3.35970783 -3.35978837 -3.35984112 -3.35986182 -3.35988607 -3.35990786 -3.35992888 -3.35996252 -3.36000684 -3.36005295 -3.36009176 -3.36009056 -3.36006014 -3.35997074 -3.35983153 -3.35965741 -3.35945671 -3.35925302 -3.35905306 -3.35889016 -3.35876422 -3.35867270 -3.35863263 -3.35864787 -3.35871882 -3.35882653 -3.35896548 -3.35912952 -3.35927476 -3.35940879 -3.35951939
-3.35911791 -3.35921353 -3.35930667 -3.35937222 -3.35941747 -3.35945544 -3.35947979 -3.35949577 -3.35952282 -3.35955085 -3.35958409 -3.35960567 -3.35959678 -3.35954975 -3.35945812 -3.35932101 -3.35915319 -3.35897173 -3.35876900 -3.35857611 -3.35841674 -3.35830045 -3.35820767 -3.35817362 -3.35818601 -3.35824907 -3.35835634 -3.35849376 -3.35864656 -3.35877906 -3.35890429 -3.35901763
-3.35850221 -3.35860266 -3.35869521 -3.35876795 -3.35881787 -3.35886025 -3.35888555 -3.35890776 -3.35892355 -3.35893631 -3.35895519 -3.35896761 -3.35894939 -3.35890365 -3.35881647 -3.35867445 -3.35851320 -3.35832945 -3.35814672 -3.35796635 -3.35780866 -3.35768810 -3.35760301 -3.35757325 -3.35759554 -3.35766975 -3.35778277 -3.35790495 -3.35803867 -3.35816844 -3.35828630 -3.35839495
-3.35775877 -3.35785826 -3.35794923 -3.35802934 -3.35807280 -3.35811208 -3.35812506 -3.35813729 -3.35815526 -3.35816530 -3.35817927 -3.35817642 -3.35815936 -3.35811092 -3.35802588 -3.35789258 -3.35773830 -3.35756104 -3.35738241 -3.35721271 -3.35706397 -3.35695675 -3.35688870 -3.35686735 -3.35690384 -3.35697492 -3.35708364 -3.35720199 -3.35732695 -3.35744690 -3.35755160 -3.35765166
-3.35691578 -3.35701005 -3.35709739 -3.35715680 -3.35719798 -3.35722431 -3.35722231 -3.35722363 -3.35722732 -3.35723900 -3.35725270 -3.35725700 -3.35724865 -3.35719997 -3.35712243 -3.35699238 -3.35684570 -3.35667545 -3.35650658 -3.35634374 -3.35620895 -3.35611527 -3.35606777 -3.35606596 -3.35610799 -3.35619155 -3.35629629 -3.35641407 -3.35652596 -3.35663528 -3.35673278 -3.35682390
-3.35601842 -3.35609004 -3.35616080 -3.35620825 -3.35622798 -3.35622971 -3.35622283 -3.35620575 -3.35620243 -3.35621489 -3.35622792 -3.35623940 -3.35624160 -3.35620845 -3.35613840 -3.35603256 -3.35589427 -3.35573859 -3.35556835 -3.35541713 -3.35529863 -3.35522481 -3.35519212 -3.35520082 -3.35526869 -3.35535486 -3.35546459 -3.35557138 -3.35567213 -3.35577473 -3.35586306 -3.35593817
-3.35510546 -3.35516288 -3.35520469 -3.35521969 -3.35522724 -3.35521365 -3.35518223 -3.35515952 -3.35515493 -3.35517167 -3.35519640 -3.35521372 -3.35521439 -3.35520760 -3.35514655 -3.35505705 -3.35493907 -3.35479217 -3.35463349 -3.35449933 -3.35439761 -3.35433536 -3.35431950 -3.35435345 -3.35443663 -3.35453014 -3.35463760 -3.35474339 -3.35484033 -3.35492355 -3.35498831 -3.35505434
-3.35426417 -3.35429352 -3.35431784 -3.35431628 -3.35429236 -3.35426383 -3.35422199 -3.35418998 -3.35417873 -3.35419345 -3.35423017 -3.35426839 -3.35429457 -3.35429503 -3.35425369 -3.35417643 -3.35406732 -3.35393535 -3.35379420 -3.35367179 -3.35357558 -3.35353301 -3.35353823 -3.35358845 -3.35368063 -3.35378822 -3.35390184 -3.35399990 -3.35407550 -3.35413904 -3.35419125 -3.35423304
-3.35355797 -3.35357113 -3.35357724 -3.35356464 -3.35353154 -3.35349260 -3.35344937 -3.35340193 -3.35339804 -3.35340937 -3.35344442 -3.35350307 -3.35354511 -3.35356523 -3.35353686 -3.35347684 -3.35337994 -3.35325758 -3.35313109 -3.35300747 -3.35292588 -3.35289400 -3.35291392 -3.35298807 -3.35309025 -3.35320396 -3.35331932 -3.35339440 -3.35345516 -3.35349499 -3.35351511 -3.35354341
-3.35308621 -3.35308471 -3.35308313 -3.35306667 -3.35302946 -3.35298634 -3.35294170 -3.35290620 -3.35289380 -3.35290846 -3.35295682 -3.35300502 -3.35304752 -3.35308381 -3.35307239 -3.35302610 -3.35293433 -3.35283055 -3.35270833 -3.35259668 -3.35251849 -3.35249726 -3.35253576 -3.35262150 -3.35273044 -3.35284040 -3.35294546 -3.35301242 -3.35305578 -3.35305841 -3.35307315 -3.35307769
-3.35288522 -3.35289844 -3.35289908 -3.35288861 -3.35285374 -3.35281438 -3.35277554 -3.35274459 -3.35274394 -3.35275402 -3.35278735 -3.35283822 -3.35288893 -3.35291825 -3.35291992 -3.35287220 -3.35279811 -3.35268157 -3.35257455 -3.35247607 -3.35241505 -3.35240521 -3.35244194 -3.35253513 -3.35264847 -3.35275704 -3.35284402 -3.35289672 -3.35291028 -3.35290627 -3.35289495 -3.35288643
-3.35300759 -3.35302259 -3.35302802 -3.35303370 -3.35302456 -3.35299572 -3.35297002 -3.35294677 -3.35293942 -3.35293832 -3.35295614 -3.35299200 -3.35303022 -3.35305650 -3.35306205 -3.35302570 -3.35295917 -3.35285641 -3.35275711 -3.35266496 -3.35261209 -3.35261120 -3.35266369 -3.35275526 -3.35286086 -3.35296460 -3.35302636 -3.35305707 -3.35305399 -3.35303843 -3.35301509 -3.35300303
-3.35342412 -3.35344969 -3.35346924 -3.35349130 -3.35350790 -3.35349313 -3.35347702 -3.35345460 -3.35343611 -3.35342814 -3.35343339 -3.35344499 -3.35346725 -3.35347465 -3.35348713 -3.35345340 -3.35338220 -3.35329778 -3.35320139 -3.35311833 -3.35308114 -3.35309366 -3.35314897 -3.35324482 -3.35335096 -3.35344192 -3.35348734 -3.35349257 -3.35348304 -3.35345224 -3.35342347 -3.35341660
-3.35409420 -3.35413334 -3.35416985 -3.35420260 -3.35423407 -3.35422787 -3.35421207 -3.35418704 -3.35415152 -3.35413556 -3.35411464 -3.35411575 -3.35411875 -3.35411214 -3.35410377 -3.35406120 -3.35400414 -3.35393339 -3.35385713 -3.35378373 -3.35376004 -3.35379020 -3.35385519 -3.35395606 -3.35406016 -3.35414470 -3.35418175 -3.35416539 -3.35413199 -3.35410498 -3.35407823 -3.35407575
-3.35493883 -3.35499075 -3.35503240 -3.35506375 -3.35509921 -3.35509758 -3.35507266 -3.35504404 -3.35500104 -3.35495925 -3.35492660 -3.35490824 -3.35488414 -3.35486493 -3.35483518 -3.35479426 -3.35474826 -3.35468478 -3.35462258 -3.35457088 -3.35456642 -3.35461381 -3.35469087 -3.35480686 -3.35490455 -3.35497707 -3.35500866 -3.35499327 -3.35495976 -3.35492590 -3.35489976 -3.35490898
-3.35587957 -3.35592077 -3.35595459 -3.35599742 -3.35600504 -3.35599683 -3.35596366 -3.35592506 -3.35587229 -3.35581761 -3.35576310 -3.35571577 -3.35566752 -3.35562366 -3.35559218 -3.35555644 -3.35551378 -3.35546228 -3.35542063 -3.35540087 -3.35542303 -3.35548481 -3.35558745 -3.35569872 -3.35580241 -3.35588580 -3.35591181 -3.35590669 -3.35588403 -3.35584575 -3.35583152 -3.35584654
-3.35682952 -3.35686440 -3.35688333 -3.35688293 -3.35687460 -3.35683853 -3.35679299 -3.35674121 -3.35667128 -3.35660914 -3.35653216 -3.35646319 -3.35639987 -3.35634460 -3.35629918 -3.35626296 -3.35622600 -3.35619087 -3.35618778 -3.35619533 -3.35623855 -3.35632805 -3.35644183 -3.35656325 -3.35668595 -3.35677162 -3.35682251 -3.35681885 -3.35680221 -3.35679128 -3.35679197 -3.35679673
-3.35772540 -3.35773092 -3.35772045 -3.35769022 -3.35764345 -3.35757402 -3.35750676 -3.35742983 -3.35734998 -3.35727523 -3.35718682 -3.35709999 -3.35702696 -3.35696869 -3.35691899 -3.35687708 -3.35685479 -3.35684418 -3.35685052 -3.35689112 -3.35696418 -3.35707573 -3.35720654 -3.35735158 -3.35748932 -3.35758988 -3.35765502 -3.35768561 -3.35769391 -3.35769342 -3.35769999 -3.35771198
-3.35851131 -3.35848576 -3.35843490 -3.35835757 -3.35826991 -3.35817585 -3.35806912 -3.35797588 -3.35788578 -3.35779841 -3.35769802 -3.35761597 -3.35753537 -3.35747199 -3.35742413 -3.35739255 -3.35737897 -3.35739772 -3.35741896 -3.35747957 -3.35757788 -3.35770239 -3.35784930 -3.35801058 -3.35816017 -3.35829393 -3.35838964 -3.35844957 -3.35848377 -3.35849757 -3.35851217 -3.35851466
-3.35916650 -3.35910214 -3.35900027 -3.35888727 -3.35875543 -3.35861802 -3.35850356 -3.35838428 -3.35828502 -3.35819468 -3.35810449 -3.35802235 -3.35794470 -3.35789437 -3.35784351 -3.35781115 -3.35781758 -3.35783074 -3.35789346 -3.35796124 -3.35806901 -3.35820991 -3.35836938 -3.35854558 -3.35870760 -3.35887082 -3.35899636 -3.35908844 -3.35915134 -3.35918132 -3.35919590 -3.35918819
-3.35967319 -3.35957373 -3.35943992 -3.35927905 -3.35911589 -3.35895597 -3.35881972 -3.35868880 -3.35858959 -3.35850822 -3.35842627 -3.35835576 -3.35830055 -3.35824147 -3.35819850 -3.35817561 -3.35818373 -3.35820388 -3.35825814 -3.35833119 -3.35844236 -3.35859492 -3.35876166 -3.35894675 -3.35913825 -3.35931004 -3.35946950 -3.35958616 -3.35967555 -3.35971760 -3.35973365 -3.35972779
-3.36003751 -3.35991604 -3.35975004 -3.35956261 -3.35937044 -3.35919945 -3.35906099 -3.35893788 -3.35884862 -3.35877218 -3.35870610 -3.35865338 -3.35860933 -3.35855854 -3.35852532 -3.35849858 -3.35850091 -3.35852113 -3.35855775 -3.35862588 -3.35872658 -3.35886678 -3.35904020 -3.35922781 -3.35943089 -3.35962395 -3.35979322 -3.35993944 -3.36005039 -3.36011133 -3.36013083 -3.36011182
-3.36026935 -3.36013637 -3.35996822 -3.35977020 -3.35957413 -3.35940128 -3.35925343 -3.35914388 -3.35906410 -3.35901932 -3.35898650 -3.35894775 -3.35892428 -3.35888640 -3.35884584 -3.35882252 -3.35880553 -3.35880050 -3.35881095 -3.35885428 -3.35893412 -3.35905208 -3.35921591 -3.35939375 -3.35960950 -3.35981935 -3.36000680 -3.36016207 -3.36028539 -3.36036453 -3.36038145 -3.36034982
-3.36042164 -3.36028728 -3.36011721 -3.35993147 -3.35974424 -3.35957778 -3.35945396 -3.35935379 -3.35930050 -3.35927531 -3.35926690 -3.35926246 -3.35926444 -3.35923805 -3.35920165 -3.35914972 -3.35910654 -3.35906475 -3.35904168 -3.35904673 -3.35909399 -3.35918058 -3.35931855 -3.35949635 -3.35971311 -3.35991573 -3.36011476 -3.36027695 -3.36040487 -3.36049514 -3.36051754 -3.36049289
-3.36049234 -3.36038514 -3.36023346 -3.36006702 -3.35990809 -3.35975580 -3.35965179 -3.35958106 -3.35955103 -3.35955919 -3.35957864 -3.35959912 -3.35961090 -3.35960215 -3.35956446 -3.35949122 -3.35940079 -3.35932502 -3.35925085 -3.35921415 -3.35922448 -3.35927207 -3.35938340 -3.35954446 -3.35972916 -3.35992613 -3.36012323 -3.36029583 -3.36043421 -3.36052666 -3.36057495 -3.36056798
