32 32 0 1
-3.36079486 -3.36082523 -3.36081902 -3.36079557 -3.36075636 -3.36071485 -3.36067749 -3.36066565 -3.36067178 -3.36068349 -3.36068811 -3.36067200 -3.36060421 -3.36049468 -3.36034473 -3.36013966 -3.35991667 -3.35969987 -3.35950829 -3.35936545 -3.35928900 -3.35927809 -3.35932743 -3.35943202 -3.35957805 -3.35976168 -3.35995400 -3.36013272 -3.36031354 -3.36047790 -3.36061338 -3.36072636
-3.36082742 -3.36090304 -3.36095278 -3.36096027 -3.36095123 -3.36093074 -3.36090993 -3.36092145 -3.36093187 -3.36096112 -3.36097063 -3.36096155 -3.36091112 -3.36079360 -3.36062193 -3.36039166 -3.36013076 -3.35985905 -3.35960746 -3.35941408 -3.35929388 -3.35922699 -3.35923867 -3.35930186 -3.35943118 -3.35959115 -3.35978140 -3.35998072 -3.36018305 -3.36038082 -3.36055049 -3.36070727
-3.36084918 -3.36097398 -3.36105820 -3.36111320 -3.36113755 -3.36113397 -3.36112979 -3.36113604 -3.36116263 -3.36120059 -3.36122081 -3.36121165 -3.36115800 -3.36103862 -3.36085810 -3.36060006 -3.36031388 -3.36001516 -3.35972623 -3.35948726 -3.35930773 -3.35920474 -3.35916428 -3.35920131 -3.35928424 -3.35943621 -3.35961374 -3.35983451 -3.36005076 -3.36028095 -3.36048364 -3.36068371
-3.36084501 -3.36100213 -3.36112359 -3.36121551 -3.36126393 -3.36127984 -3.36129482 -3.36131867 -3.36133755 -3.36137272 -3.36140079 -3.36139320 -3.36133562 -3.36120549 -3.36101165 -3.36074970 -3.36045309 -3.36012516 -3.35981735 -3.35954032 -3.35932542 -3.35917910 -3.35910492 -3.35910868 -3.35916462 -3.35929149 -3.35946657 -3.35967817 -3.35992283 -3.36016413 -3.36040900 -3.36064365
-3.36076771 -3.36095775 -3.36110475 -3.36121513 -3.36128974 -3.36133652 -3.36135976 -3.36139360 -3.36142024 -3.36146177 -3.36147316 -3.36146302 -3.36140541 -3.36127404 -3.36107646 -3.36081742 -3.36051059 -3.36017940 -3.35985693 -3.35956353 -3.35932194 -3.35914546 -3.35903732 -3.35900081 -3.35903630 -3.35912842 -3.35928968 -3.35950313 -3.35975323 -3.36001849 -3.36028289 -3.36054371
-3.36059138 -3.36080284 -3.36097282 -3.36111600 -3.36120979 -3.36126209 -3.36130907 -3.36133865 -3.36137313 -3.36140999 -3.36142915 -3.36140710 -3.36134975 -3.36122692 -3.36101728 -3.36076973 -3.36046441 -3.36013906 -3.35981436 -3.35951063 -3.35925005 -3.35905734 -3.35892010 -3.35884532 -3.35885512 -3.35892652 -3.35907547 -3.35928125 -3.35952750 -3.35980091 -3.36008030 -3.36034955
-3.36027595 -3.36049863 -3.36069159 -3.36084402 -3.36094956 -3.36103393 -3.36110158 -3.36114177 -3.36119316 -3.36123131 -3.36123542 -3.36122606 -3.36115417 -3.36103898 -3.36084140 -3.36059373 -3.36029924 -3.35997811 -3.35965837 -3.35935771 -3.35908696 -3.35887523 -3.35871124 -3.35861137 -3.35858881 -3.35864656 -3.35877593 -3.35897085 -3.35921046 -3.35947687 -3.35975080 -3.36001822
-3.35978048 -3.36001488 -3.36023159 -3.36040610 -3.36052663 -3.36063446 -3.36072019 -3.36078689 -3.36084145 -3.36087664 -3.36089025 -3.36087219 -3.36079903 -3.36068000 -3.36050516 -3.36025738 -3.35997875 -3.35967564 -3.35937154 -3.35906813 -3.35879570 -3.35856913 -3.35838773 -3.35826060 -3.35822072 -3.35825576 -3.35836236 -3.35853694 -3.35877066 -3.35901740 -3.35927265 -3.35952704
-3.35911051 -3.35934839 -3.35957029 -3.35976208 -3.35992243 -3.36005432 -3.36015986 -3.36023410 -3.36029479 -3.36033860 -3.36035238 -3.36033790 -3.36027053 -3.36015187 -3.35997735 -3.35974755 -3.35948448 -3.35920648 -3.35891429 -3.35862227 -3.35835636 -3.35812939 -3.35792924 -3.35779513 -3.35772592 -3.35773382 -3.35782208 -3.35797106 -3.35817290 -3.35839238 -3.35863148 -3.35887110
-3.35826523 -3.35849387 -3.35871715 -3.35892467 -3.35910007 -3.35925884 -3.35938102 -3.35947975 -3.35955118 -3.35959557 -3.35961746 -3.35960703 -3.35954424 -3.35943332 -3.35926654 -3.35905208 -3.35880661 -3.35854495 -3.35828196 -3.35800984 -3.35774355 -3.35751139 -3.35730829 -3.35716143 -3.35707859 -3.35707538 -3.35713313 -3.35724833 -3.35740898 -3.35760863 -3.35781758 -3.35804029
-3.35722510 -3.35744555 -3.35766811 -3.35788656 -3.35807107 -3.35824241 -3.35837661 -3.35849178 -3.35858357 -3.35863615 -3.35866837 -3.35865675 -3.35859967 -3.35849342 -3.35834194 -3.35814431 -3.35793387 -3.35769080 -3.35744765 -3.35720405 -3.35695637 -3.35673412 -3.35653197 -3.35637734 -3.35628777 -3.35625113 -3.35628445 -3.35636691 -3.35649488 -3.35665052 -3.35682913 -3.35702087
-3.35603379 -3.35624008 -3.35645028 -3.35665814 -3.35685635 -3.35703541 -3.35717801 -3.35730636 -3.35740276 -3.35747257 -3.35751102 -3.35751133 -3.35746841 -3.35736452 -3.35722842 -3.35704815 -3.35685741 -3.35665067 -3.35643574 -3.35621410 -3.35600186 -3.35579508 -3.35560714 -3.35544989 -3.35534573 -3.35529128 -3.35529719 -3.35534812 -3.35543678 -3.35555133 -3.35568805 -3.35584617
-3.35473564 -3.35490957 -3.35510920 -3.35530976 -3.35550236 -3.35567828 -3.35583602 -3.35596918 -3.35607481 -3.35615882 -3.35620251 -3.35620764 -3.35617295 -3.35608883 -3.35596572 -3.35581351 -3.35565191 -3.35548029 -3.35528699 -3.35510540 -3.35492285 -3.35474488 -3.35457032 -3.35442049 -3.35431081 -3.35424155 -3.35422312 -3.35423259 -3.35427874 -3.35436044 -3.35445820 -3.35458428
-3.35341434 -3.35356280 -3.35373415 -3.35391266 -3.35410798 -3.35428783 -3.35443721 -3.35457753 -3.35470189 -3.35479449 -3.35484607 -3.35485400 -3.35481265 -3.35474600 -3.35464051 -3.35451515 -3.35438158 -3.35423760 -3.35409032 -3.35394342 -3.35379803 -3.35365164 -3.35349581 -3.35336069 -3.35325804 -3.35317398 -3.35312699 -3.35310421 -3.35311662 -3.35315700 -3.35321147 -3.35330309
-3.35219670 -3.35230572 -3.35246048 -3.35263286 -3.35280231 -3.35298240 -3.35314160 -3.35327968 -3.35340433 -3.35350090 -3.35355594 -3.35357813 -3.35355380 -3.35348649 -3.35339099 -3.35328423 -3.35316970 -3.35306813 -3.35295195 -3.35284597 -3.35273044 -3.35261680 -3.35249648 -3.35237796 -3.35227540 -3.35218602 -3.35212581 -3.35207613 -3.35204643 -3.35203913 -3.35206419 -3.35211543
-3.35119905 -3.35129182 -3.35142777 -3.35158512 -3.35174962 -3.35193103 -3.35209203 -3.35222901 -3.35235260 -3.35244607 -3.35249503 -3.35251670 -3.35249872 -3.35243800 -3.35235585 -3.35226372 -3.35217150 -3.35209151 -3.35200760 -3.35192191 -3.35184080 -3.35175812 -3.35166845 -3.35157401 -3.35148752 -3.35140375 -3.35132938 -3.35124606 -3.35118706 -3.35114076 -3.35111948 -3.35114543
-3.35056885 -3.35064920 -3.35077578 -3.35092518 -3.35108952 -3.35126606 -3.35142473 -3.35156714 -3.35168079 -3.35176426 -3.35181476 -3.35181394 -3.35178125 -3.35173057 -3.35164993 -3.35156924 -3.35148936 -3.35143175 -3.35136595 -3.35130795 -3.35125235 -3.35119880 -3.35114671 -3.35108142 -3.35101057 -3.35092094 -3.35083867 -3.35074309 -3.35066118 -3.35057331 -3.35053384 -3.35052929
-3.35038164 -3.35047287 -3.35059758 -3.35074949 -3.35090991 -3.35108355 -3.35123660 -3.35137341 -3.35148526 -3.35154797 -3.35157051 -3.35156117 -3.35152402 -3.35145203 -3.35137909 -3.35129448 -3.35122568 -3.35116041 -3.35112106 -3.35108551 -3.35106229 -3.35103939 -3.35100776 -3.35096593 -3.35091602 -3.35083876 -3.35074817 -3.35064365 -3.35053348 -3.35043908 -3.35037583 -3.35035271
-3.35069451 -3.35078527 -3.35090408 -3.35106477 -3.35123759 -3.35140410 -3.35155487 -3.35168264 -3.35176907 -3.35180624 -3.35180480 -3.35176087 -3.35169916 -3.35162468 -3.35154062 -3.35145859 -3.35139887 -3.35134336 -3.35131194 -3.35129215 -3.35129063 -3.35129516 -3.35129604 -3.35127924 -3.35124492 -3.35118074 -3.35107966 -3.35096628 -3.35084431 -3.35074821 -3.35067699 -3.35065593
-3.35144429 -3.35154252 -3.35167365 -3.35183606 -3.35201355 -3.35217418 -3.35231296 -3.35242047 -3.35247824 -3.35249474 -3.35246102 -3.35238669 -3.35230534 -3.35220352 -3.35212347 -3.35203986 -3.35197025 -3.35193102 -3.35190116 -3.35189173 -3.35191642 -3.35194311 -3.35196763 -3.35197453 -3.35197109 -3.35191354 -3.35181336 -3.35168896 -3.35157934 -3.35148273 -3.35140992 -3.35140394
-3.35254008 -3.35264516 -3.35278670 -3.35295054 -3.35312155 -3.35327145 -3.35338945 -3.35347081 -3.35349628 -3.35348690 -3.35341319 -3.35332357 -3.35322404 -3.35310833 -3.35301178 -3.35291887 -3.35285422 -3.35282484 -3.35280746 -3.35281083 -3.35285265 -3.35290798 -3.35295767 -3.35298934 -3.35299690 -3.35296405 -3.35286972 -3.35274831 -3.35262896 -3.35254678 -3.35248595 -3.35248534
-3.35384553 -3.35396002 -3.35409330 -3.35424720 -3.35441136 -3.35453893 -3.35462918 -3.35468379 -3.35468181 -3.35463157 -3.35454543 -3.35443860 -3.35431322 -3.35418969 -3.35407983 -3.35398484 -3.35392921 -3.35390317 -3.35389683 -3.35391470 -3.35398059 -3.35405789 -3.35413161 -3.35420026 -3.35420944 -3.35418501 -3.35411541 -3.35400700 -3.35389969 -3.35381865 -3.35377293 -3.35378198
-3.35522213 -3.35532403 -3.35544547 -3.35558910 -3.35570980 -3.35581280 -3.35587956 -3.35590438 -3.35587972 -3.35580943 -3.35570380 -3.35557608 -3.35543523 -3.35529937 -3.35519252 -3.35510466 -3.35505308 -3.35502746 -3.35503808 -3.35508547 -3.35516825 -3.35526937 -3.35537284 -3.35544644 -3.35547934 -3.35548052 -3.35542336 -3.35533897 -3.35524794 -3.35516954 -3.35513777 -3.35515678
-3.35654725 -3.35663717 -3.35673169 -3.35682744 -3.35691364 -3.35697239 -3.35701148 -3.35701118 -3.35696248 -3.35688455 -3.35676165 -3.35662838 -3.35647911 -3.35634746 -3.35623068 -3.35614946 -3.35609908 -3.35609046 -3.35612487 -3.35619318 -3.35629132 -3.35641822 -3.35653613 -3.35663495 -3.35669457 -3.35671115 -3.35668270 -3.35660514 -3.35653436 -3.35648089 -3.35646848 -3.35648260
-3.35772829 -3.35778219 -3.35784062 -3.35789303 -3.35793692 -3.35795494 -3.35795291 -3.35792544 -3.35786154 -3.35777250 -3.35765387 -3.35750986 -3.35736459 -3.35723793 -3.35712635 -3.35704392 -3.35701124 -3.35701570 -3.35705942 -3.35714165 -3.35726392 -3.35740792 -3.35754517 -3.35766596 -3.35775771 -3.35779767 -3.35778804 -3.35774892 -3.35770826 -3.35766505 -3.35765956 -3.35768396
-3.35869743 -3.35872438 -3.35873569 -3.35873670 -3.35873278 -3.35871284 -3.35867178 -3.35861440 -3.35854570 -3.35846095 -3.35833415 -3.35820636 -3.35807065 -3.35794312 -3.35783935 -3.35777248 -3.35773456 -3.35776535 -3.35781365 -3.35790661 -3.35803897 -3.35819136 -3.35834918 -3.35849213 -3.35860166 -3.35867898 -3.35870236 -3.35869907 -3.35868556 -3.35866262 -3.35866056 -3.35867833
-3.35945633 -3.35944135 -3.35940505 -3.35936369 -3.35931161 -3.35924675 -3.35918916 -3.35911832 -3.35903773 -3.35895513 -3.35884515 -3.35872999 -3.35860427 -3.35849152 -3.35838731 -3.35831667 -3.35829353 -3.35830195 -3.35837719 -3.35847062 -3.35860613 -3.35877047 -3.35893509 -3.35909270 -3.35922316 -3.35933046 -3.35939551 -3.35942545 -3.35943999 -3.35944201 -3.35944898 -3.35944967
-3.36000193 -3.35995661 -3.35989003 -3.35980564 -3.35971903 -3.35962650 -3.35955611 -3.35947402 -3.35939879 -3.35932229 -3.35923238 -3.35913027 -3.35902700 -3.35891372 -3.35881405 -3.35873711 -3.35870437 -3.35870498 -3.35875780 -3.35884822 -3.35897957 -3.35914707 -3.35931700 -3.35948128 -3.35964047 -3.35976520 -3.35986560 -3.35993100 -3.35998000 -3.36000014 -3.36001375 -3.36001861
-3.36036537 -3.36030225 -3.36021413 -3.36010790 -3.35999145 -3.35989515 -3.35981422 -3.35973621 -3.35967421 -3.35961102 -3.35953685 -3.35945916 -3.35937138 -3.35925779 -3.35916226 -3.35907120 -3.35901491 -3.35899793 -3.35901369 -3.35909048 -3.35920248 -3.35934940 -3.35951953 -3.35968735 -3.35986361 -3.36001245 -3.36013748 -3.36024069 -3.36032014 -3.36036354 -3.36038809 -3.36039267
-3.36057666 -3.36051074 -3.36042423 -3.36031682 -3.36020470 -3.36010383 -3.36002008 -3.35995652 -3.35990375 -3.35986156 -3.35981389 -3.35974993 -3.35966894 -3.35956546 -3.35944844 -3.35934869 -3.35925953 -3.35920610 -3.35918765 -3.35922230 -3.35929646 -3.35941707 -3.35957631 -3.35973946 -3.35992758 -3.36009270 -3.36024645 -3.36037410 -3.36048040 -3.36055972 -3.36059181 -3.36059823
-3.36069163 -3.36064740 -3.36057288 -3.36048139 -3.36038336 -3.36029744 -3.36023209 -3.36017353 -3.36013985 -3.36011391 -3.36008579 -3.36004178 -3.35997918 -3.35987443 -3.35974241 -3.35960296 -3.35948395 -3.35938186 -3.35931321 -3.35929319 -3.35932545 -3.35940424 -3.35953087 -3.35968518 -3.35987640 -3.36005111 -3.36022422 -3.36036964 -3.36049521 -3.36060427 -3.36066366 -3.36069318
-3.36074600 -3.36074038 -3.36069860 -3.36063495 -3.36056627 -3.36048867 -3.36044191 -3.36040913 -3.36039324 -3.36039315 -3.36038127 -3.36035368 -3.36028445 -3.36018517 -3.36005166 -3.35987819 -3.35969680 -3.35954254 -3.35941195 -3.35933198 -3.35931246 -3.35934555 -3.35943128 -3.35957742 -3.35974138 -3.35991759 -3.36010456 -3.36027367 -3.36043067 -3.36055880 -3.36066051 -3.36072869
