32 32 0 1
-3.36078843 -3.36072207 -3.36061132 -3.36048488 -3.36034751 -3.36021426 -3.36009804 -3.36001942 -3.35997987 -3.35996974 -3.35999081 -3.36002752 -3.36004478 -3.36004618 -3.36002051 -3.35994606 -3.35983690 -3.35971563 -3.35958975 -3.35948511 -3.35942552 -3.35942245 -3.35948160 -3.35960009 -3.35976636 -3.35997415 -3.36019145 -3.36038178 -3.36055451 -3.36068772 -3.36077548 -3.36081288
-3.36079407 -3.36076134 -3.36070836 -3.36061710 -3.36051188 -3.36040144 -3.36030419 -3.36025654 -3.36021836 -3.36023299 -3.36026055 -3.36030353 -3.36033926 -3.36033499 -3.36029526 -3.36019390 -3.36005063 -3.35987563 -3.35969325 -3.35954037 -3.35944564 -3.35939094 -3.35942047 -3.35950340 -3.35965594 -3.35983889 -3.36004703 -3.36025513 -3.36043455 -3.36059253 -3.36070096 -3.36077275
-3.36076972 -3.36078311 -3.36075913 -3.36071299 -3.36064620 -3.36055253 -3.36047572 -3.36042440 -3.36040907 -3.36043558 -3.36047817 -3.36052690 -3.36056067 -3.36055794 -3.36050583 -3.36037875 -3.36020999 -3.36000575 -3.35979180 -3.35959979 -3.35945448 -3.35936806 -3.35935323 -3.35941764 -3.35952250 -3.35969946 -3.35988891 -3.36010571 -3.36029747 -3.36047522 -3.36060445 -3.36070636
-3.36070819 -3.36075370 -3.36076119 -3.36074531 -3.36069850 -3.36062714 -3.36057087 -3.36054014 -3.36052260 -3.36054722 -3.36059907 -3.36064384 -3.36068070 -3.36066763 -3.36060166 -3.36046845 -3.36028725 -3.36005917 -3.35982731 -3.35960546 -3.35943199 -3.35931472 -3.35926916 -3.35930429 -3.35938947 -3.35954031 -3.35972655 -3.35992881 -3.36013845 -3.36032308 -3.36048435 -3.36061605
-3.36058538 -3.36065904 -3.36068933 -3.36068823 -3.36066295 -3.36061339 -3.36055770 -3.36053501 -3.36052396 -3.36055800 -3.36059789 -3.36064390 -3.36067885 -3.36065976 -3.36059168 -3.36045456 -3.36026395 -3.36003153 -3.35979007 -3.35955821 -3.35936696 -3.35922843 -3.35915684 -3.35915985 -3.35922992 -3.35935486 -3.35952538 -3.35973062 -3.35994267 -3.36014095 -3.36031909 -3.36047204
-3.36039071 -3.36047665 -3.36052462 -3.36054785 -3.36053169 -3.36048747 -3.36044501 -3.36040887 -3.36040508 -3.36043104 -3.36046907 -3.36051011 -3.36054233 -3.36053236 -3.36045176 -3.36032163 -3.36012681 -3.35990154 -3.35966062 -3.35942500 -3.35922563 -3.35907945 -3.35899542 -3.35897770 -3.35902721 -3.35912975 -3.35929517 -3.35949229 -3.35970361 -3.35991265 -3.36010759 -3.36026985
-3.36009755 -3.36019130 -3.36025438 -3.36028339 -3.36026789 -3.36024226 -3.36020859 -3.36016905 -3.36016068 -3.36017856 -3.36021291 -3.36025954 -3.36027931 -3.36026400 -3.36018546 -3.36005232 -3.35987110 -3.35965259 -3.35942395 -3.35920804 -3.35900395 -3.35885487 -3.35875873 -3.35871804 -3.35875231 -3.35885866 -3.35900938 -3.35919577 -3.35940857 -3.35961808 -3.35980385 -3.35996394
-3.35968249 -3.35978066 -3.35985755 -3.35989551 -3.35988295 -3.35986401 -3.35982787 -3.35979607 -3.35978333 -3.35979293 -3.35982461 -3.35985861 -3.35986571 -3.35985503 -3.35978210 -3.35964957 -3.35948033 -3.35927385 -3.35906320 -3.35884544 -3.35866302 -3.35852000 -3.35841476 -3.35836690 -3.35839498 -3.35848856 -3.35862936 -3.35880345 -3.35902125 -3.35921439 -3.35939343 -3.35954527
-3.35912806 -3.35923412 -3.35931355 -3.35935349 -3.35935476 -3.35933615 -3.35930224 -3.35926298 -3.35924850 -3.35925438 -3.35927881 -3.35931215 -3.35931841 -3.35929030 -3.35921745 -3.35909618 -3.35893480 -3.35875018 -3.35854498 -3.35833907 -3.35817054 -3.35804432 -3.35794150 -3.35789772 -3.35791747 -3.35800257 -3.35814385 -3.35832037 -3.35851319 -3.35868615 -3.35885600 -3.35900322
-3.35846481 -3.35856591 -3.35864224 -3.35867976 -3.35867456 -3.35865626 -3.35861740 -3.35858715 -3.35856137 -3.35855893 -3.35857946 -3.35860994 -3.35861352 -3.35859178 -3.35852272 -3.35840009 -3.35824673 -3.35806708 -3.35788552 -3.35769777 -3.35753374 -3.35740875 -3.35731851 -3.35728729 -3.35731424 -3.35740625 -3.35754568 -3.35770617 -3.35787474 -3.35804365 -3.35820061 -3.35833671
-3.35766644 -3.35776526 -3.35783877 -3.35787512 -3.35785864 -3.35783028 -3.35778111 -3.35773604 -3.35772167 -3.35771320 -3.35773617 -3.35775162 -3.35776489 -3.35774338 -3.35768036 -3.35756188 -3.35742094 -3.35724797 -3.35707643 -3.35690603 -3.35675174 -3.35664136 -3.35657330 -3.35655248 -3.35659939 -3.35668417 -3.35681449 -3.35696123 -3.35712416 -3.35727850 -3.35742081 -3.35754872
-3.35677549 -3.35686836 -3.35693163 -3.35694641 -3.35692812 -3.35688052 -3.35680984 -3.35675416 -3.35672589 -3.35672147 -3.35674122 -3.35676830 -3.35679311 -3.35677215 -3.35671420 -3.35659901 -3.35646461 -3.35630219 -3.35614170 -3.35597969 -3.35585074 -3.35575737 -3.35570996 -3.35571204 -3.35576123 -3.35585925 -3.35597862 -3.35612660 -3.35627310 -3.35641852 -3.35654686 -3.35666877
-3.35582304 -3.35589731 -3.35594402 -3.35595126 -3.35590347 -3.35583306 -3.35575553 -3.35568255 -3.35564242 -3.35563955 -3.35565739 -3.35569102 -3.35572075 -3.35571575 -3.35566010 -3.35556646 -3.35543743 -3.35529251 -3.35513476 -3.35499343 -3.35488459 -3.35481851 -3.35478827 -3.35480143 -3.35487365 -3.35497172 -3.35509671 -3.35522629 -3.35535763 -3.35549957 -3.35562047 -3.35572746
-3.35486378 -3.35492520 -3.35494467 -3.35492027 -3.35486308 -3.35477622 -3.35466972 -3.35458969 -3.35454547 -3.35454505 -3.35457713 -3.35461136 -3.35463404 -3.35464756 -3.35460311 -3.35452359 -3.35441206 -3.35427670 -3.35413083 -3.35401737 -3.35392998 -3.35388093 -3.35386915 -3.35390730 -3.35399367 -3.35409217 -3.35421106 -3.35433406 -3.35446252 -3.35458240 -3.35468454 -3.35478465
-3.35397129 -3.35401155 -3.35402080 -3.35397789 -3.35389647 -3.35378989 -3.35367831 -3.35358520 -3.35353523 -3.35353572 -3.35357323 -3.35362484 -3.35366937 -3.35368503 -3.35365629 -3.35358360 -3.35348167 -3.35336693 -3.35324265 -3.35314375 -3.35307437 -3.35304856 -3.35306420 -3.35311378 -3.35320378 -3.35330596 -3.35342269 -3.35353218 -3.35363643 -3.35373309 -3.35382492 -3.35390723
-3.35321521 -3.35324477 -3.35324261 -3.35319074 -3.35310386 -3.35299368 -3.35288328 -3.35277968 -3.35273989 -3.35274200 -3.35277485 -3.35284561 -3.35290268 -3.35293237 -3.35291145 -3.35285535 -3.35276634 -3.35266108 -3.35255710 -3.35246507 -3.35241751 -3.35240345 -3.35243244 -3.35250544 -3.35259622 -3.35270023 -3.35281005 -3.35288736 -3.35296752 -3.35303800 -3.35310146 -3.35316630
-3.35269934 -3.35271817 -3.35271092 -3.35266276 -3.35257887 -3.35247248 -3.35237042 -3.35228754 -3.35224622 -3.35225467 -3.35230522 -3.35236390 -3.35241909 -3.35245938 -3.35245436 -3.35240935 -3.35233059 -3.35224449 -3.35214579 -3.35207005 -3.35202976 -3.35203339 -3.35208185 -3.35216226 -3.35225402 -3.35234149 -3.35243191 -3.35249038 -3.35254267 -3.35256644 -3.35261733 -3.35265829
-3.35247115 -3.35250343 -3.35250226 -3.35246600 -3.35238963 -3.35230144 -3.35221631 -3.35215374 -3.35213199 -3.35214487 -3.35218810 -3.35225047 -3.35231472 -3.35234375 -3.35234709 -3.35230346 -3.35224011 -3.35214453 -3.35206496 -3.35200532 -3.35198226 -3.35200174 -3.35204839 -3.35212945 -3.35221613 -3.35229538 -3.35235351 -3.35238557 -3.35239337 -3.35240288 -3.35242066 -3.35244403
-3.35258418 -3.35261854 -3.35261883 -3.35260643 -3.35256581 -3.35250343 -3.35244587 -3.35240247 -3.35239591 -3.35240535 -3.35244190 -3.35249532 -3.35254838 -3.35257171 -3.35257770 -3.35254291 -3.35248604 -3.35240394 -3.35233567 -3.35228643 -3.35227127 -3.35229735 -3.35235777 -3.35243497 -3.35250522 -3.35256677 -3.35258771 -3.35258366 -3.35256126 -3.35254833 -3.35254410 -3.35255826
-3.35301393 -3.35305057 -3.35307049 -3.35307878 -3.35307511 -3.35304107 -3.35300986 -3.35298585 -3.35298268 -3.35299809 -3.35302725 -3.35306474 -3.35310215 -3.35311219 -3.35312713 -3.35309025 -3.35302818 -3.35296243 -3.35289518 -3.35285154 -3.35285212 -3.35289122 -3.35294832 -3.35302417 -3.35309159 -3.35313044 -3.35312302 -3.35308442 -3.35304476 -3.35300553 -3.35298047 -3.35298944
-3.35371623 -3.35375951 -3.35379417 -3.35381763 -3.35384396 -3.35383115 -3.35381688 -3.35380689 -3.35380078 -3.35381881 -3.35383232 -3.35386224 -3.35388870 -3.35388637 -3.35388086 -3.35383846 -3.35378498 -3.35373492 -3.35368296 -3.35364821 -3.35365918 -3.35370956 -3.35377396 -3.35384827 -3.35391106 -3.35393533 -3.35391086 -3.35384612 -3.35377344 -3.35372246 -3.35368999 -3.35369206
-3.35461568 -3.35466389 -3.35470082 -3.35472559 -3.35476503 -3.35476725 -3.35475923 -3.35475552 -3.35475235 -3.35475537 -3.35476658 -3.35478270 -3.35478562 -3.35477503 -3.35475019 -3.35470899 -3.35467147 -3.35462540 -3.35458719 -3.35456526 -3.35458992 -3.35465293 -3.35472652 -3.35481471 -3.35486377 -3.35487556 -3.35484674 -3.35477090 -3.35469681 -3.35462967 -3.35458961 -3.35458972
-3.35562087 -3.35565409 -3.35567924 -3.35571831 -3.35572807 -3.35573206 -3.35572738 -3.35572061 -3.35571620 -3.35571430 -3.35570664 -3.35570383 -3.35568348 -3.35566027 -3.35563347 -3.35560354 -3.35557017 -3.35553118 -3.35551062 -3.35551940 -3.35556283 -3.35563617 -3.35572920 -3.35580930 -3.35586509 -3.35589022 -3.35585591 -3.35579160 -3.35571993 -3.35564560 -3.35560707 -3.35560205
-3.35664560 -3.35666443 -3.35667060 -3.35666905 -3.35665953 -3.35663573 -3.35661771 -3.35660625 -3.35658606 -3.35657837 -3.35655727 -3.35653397 -3.35650816 -3.35647799 -3.35644637 -3.35642123 -3.35639541 -3.35637726 -3.35638864 -3.35642088 -3.35647542 -3.35657316 -3.35667319 -3.35677090 -3.35684349 -3.35687544 -3.35686347 -3.35680082 -3.35673593 -3.35668603 -3.35665625 -3.35663335
-3.35761550 -3.35759931 -3.35757928 -3.35753897 -3.35748844 -3.35743021 -3.35738700 -3.35735073 -3.35731444 -3.35729145 -3.35725991 -3.35722367 -3.35719202 -3.35716731 -3.35714282 -3.35711455 -3.35710817 -3.35711428 -3.35713928 -3.35719669 -3.35728133 -3.35739102 -3.35751453 -3.35762931 -3.35772330 -3.35777299 -3.35777785 -3.35775275 -3.35771663 -3.35767650 -3.35764756 -3.35762834
-3.35847239 -3.35842436 -3.35835804 -3.35826812 -3.35817360 -3.35807998 -3.35799205 -3.35793103 -3.35788212 -3.35784369 -3.35779374 -3.35776634 -3.35773051 -3.35771048 -3.35769297 -3.35768382 -3.35768588 -3.35772442 -3.35776558 -3.35783874 -3.35794423 -3.35806627 -3.35820362 -3.35833621 -3.35844479 -3.35853154 -3.35857390 -3.35858569 -3.35857893 -3.35855779 -3.35853509 -3.35850449
-3.35919322 -3.35910288 -3.35898069 -3.35885061 -3.35871212 -3.35857716 -3.35846973 -3.35836858 -3.35829897 -3.35824818 -3.35820847 -3.35817745 -3.35815058 -3.35813919 -3.35812607 -3.35812848 -3.35815545 -3.35818540 -3.35826642 -3.35834519 -3.35845796 -3.35859993 -3.35874223 -3.35889057 -3.35901850 -3.35914239 -3.35922290 -3.35926968 -3.35929697 -3.35929428 -3.35927992 -3.35924631
-3.35976036 -3.35963346 -3.35948004 -3.35930225 -3.35912618 -3.35896210 -3.35882473 -3.35870186 -3.35862134 -3.35857033 -3.35853066 -3.35850876 -3.35849696 -3.35847609 -3.35847620 -3.35848765 -3.35852111 -3.35856191 -3.35863256 -3.35871679 -3.35883040 -3.35897380 -3.35912651 -3.35928854 -3.35945176 -3.35958720 -3.35971298 -3.35979784 -3.35985554 -3.35987408 -3.35986852 -3.35983608
-3.36017203 -3.36003333 -3.35985093 -3.35964784 -3.35944080 -3.35925948 -3.35911075 -3.35898543 -3.35890210 -3.35884249 -3.35880554 -3.35878815 -3.35878661 -3.35877458 -3.35878214 -3.35878964 -3.35882121 -3.35885996 -3.35890955 -3.35898549 -3.35908483 -3.35921588 -3.35937509 -3.35954095 -3.35972324 -3.35989191 -3.36003913 -3.36016140 -3.36025482 -3.36029503 -3.36029975 -3.36026538
-3.36045306 -3.36030666 -3.36012860 -3.35991893 -3.35970407 -3.35951347 -3.35935219 -3.35923399 -3.35914604 -3.35910312 -3.35908166 -3.35907042 -3.35907918 -3.35907793 -3.35907536 -3.35908203 -3.35908703 -3.35910013 -3.35912011 -3.35916922 -3.35924237 -3.35934809 -3.35949341 -3.35965929 -3.35985778 -3.36005480 -3.36022968 -3.36038182 -3.36049926 -3.36057018 -3.36058253 -3.36054331
-3.36063705 -3.36050537 -3.36033150 -3.36013455 -3.35993463 -3.35975328 -3.35960632 -3.35948429 -3.35941099 -3.35937717 -3.35936745 -3.35937078 -3.35939074 -3.35939485 -3.35939213 -3.35936941 -3.35934988 -3.35932273 -3.35930238 -3.35930310 -3.35934072 -3.35941728 -3.35954061 -3.35970410 -3.35991029 -3.36010701 -3.36030653 -3.36047461 -3.36060846 -3.36070544 -3.36073333 -3.36071182
-3.36073620 -3.36063413 -3.36049052 -3.36032144 -3.36015153 -3.35998288 -3.35985443 -3.35975383 -3.35969447 -3.35967644 -3.35967910 -3.35969915 -3.35971683 -3.35972891 -3.35971814 -3.35967051 -3.35960052 -3.35953420 -3.35946063 -3.35941010 -3.35940267 -3.35943730 -3.35953009 -3.35968259 -3.35986441 -3.36006559 -3.36027642 -3.36046547 -3.36062329 -3.36073291 -3.36079565 -3.36080165
