32 32 0 1
-3.36034808 -3.36027830 -3.36016749 -3.36004910 -3.35993551 -3.35984124 -3.35977254 -3.35974972 -3.35976498 -3.35980254 -3.35985236 -3.35990111 -3.35991451 -3.35990435 -3.35985770 -3.35975784 -3.35962809 -3.35948790 -3.35935010 -3.35923684 -3.35916802 -3.35914811 -3.35918509 -3.35927616 -3.35941327 -3.35959178 -3.35978274 -3.35995820 -3.36012357 -3.36025191 -3.36033586 -3.36037241
-3.36039508 -3.36035510 -3.36029914 -3.36021393 -3.36013035 -3.36005403 -3.36000571 -3.36000915 -3.36002935 -3.36008593 -3.36014026 -3.36019111 -3.36021871 -3.36019461 -3.36012730 -3.35999764 -3.35983087 -3.35964175 -3.35944811 -3.35929142 -3.35919039 -3.35912697 -3.35914108 -3.35920202 -3.35932928 -3.35949032 -3.35967682 -3.35986779 -3.36004676 -3.36020275 -3.36030922 -3.36037904
-3.36042833 -3.36043451 -3.36040673 -3.36036773 -3.36031836 -3.36026436 -3.36023812 -3.36023878 -3.36027170 -3.36033714 -3.36039805 -3.36044533 -3.36046141 -3.36043084 -3.36034178 -3.36018100 -3.35998854 -3.35976926 -3.35954551 -3.35934815 -3.35920483 -3.35911827 -3.35909371 -3.35914520 -3.35922807 -3.35938491 -3.35956384 -3.35977296 -3.35996449 -3.36014108 -3.36027390 -3.36037380
-3.36043262 -3.36047162 -3.36047917 -3.36047721 -3.36044974 -3.36042116 -3.36041312 -3.36043606 -3.36046555 -3.36052051 -3.36058672 -3.36062457 -3.36062943 -3.36057752 -3.36046887 -3.36029360 -3.36008227 -3.35983749 -3.35959843 -3.35937547 -3.35920337 -3.35908895 -3.35904019 -3.35906557 -3.35913867 -3.35927929 -3.35945928 -3.35965598 -3.35986681 -3.36005169 -3.36021468 -3.36034502
-3.36036719 -3.36043977 -3.36047570 -3.36049575 -3.36049901 -3.36050039 -3.36050258 -3.36053524 -3.36057234 -3.36062927 -3.36067073 -3.36069616 -3.36069213 -3.36062301 -3.36050067 -3.36031900 -3.36009178 -3.35983734 -3.35958779 -3.35935539 -3.35916562 -3.35903520 -3.35896649 -3.35897024 -3.35903269 -3.35914562 -3.35930883 -3.35950969 -3.35972243 -3.35992295 -3.36010476 -3.36025792
-3.36021555 -3.36030372 -3.36036888 -3.36042456 -3.36045777 -3.36047240 -3.36049342 -3.36052127 -3.36056168 -3.36060914 -3.36064710 -3.36065680 -3.36063939 -3.36057350 -3.36043063 -3.36025484 -3.36001789 -3.35976441 -3.35950831 -3.35926796 -3.35907492 -3.35893796 -3.35885831 -3.35883241 -3.35887601 -3.35897151 -3.35912736 -3.35931717 -3.35952481 -3.35973937 -3.35993298 -3.36009317
-3.35995314 -3.36005989 -3.36014713 -3.36021831 -3.36026387 -3.36030836 -3.36035540 -3.36039060 -3.36043400 -3.36047585 -3.36050400 -3.36051592 -3.36047960 -3.36040336 -3.36026435 -3.36007401 -3.35984719 -3.35959490 -3.35934826 -3.35911840 -3.35891971 -3.35877804 -3.35867835 -3.35863587 -3.35865521 -3.35874338 -3.35888140 -3.35906033 -3.35926106 -3.35946616 -3.35965072 -3.35981180
-3.35953220 -3.35965483 -3.35977507 -3.35986928 -3.35993402 -3.36000672 -3.36006981 -3.36012413 -3.36016943 -3.36020430 -3.36022902 -3.36023581 -3.36018798 -3.36010616 -3.35997595 -3.35978428 -3.35956675 -3.35932316 -3.35909016 -3.35886193 -3.35867253 -3.35852063 -3.35840904 -3.35835109 -3.35836468 -3.35843198 -3.35854937 -3.35870586 -3.35889534 -3.35907587 -3.35924229 -3.35938676
-3.35896330 -3.35910046 -3.35923599 -3.35935255 -3.35945441 -3.35954879 -3.35963109 -3.35969728 -3.35975308 -3.35979596 -3.35982463 -3.35982017 -3.35978031 -3.35969391 -3.35955734 -3.35937829 -3.35916964 -3.35895245 -3.35871306 -3.35849219 -3.35831051 -3.35816471 -3.35804495 -3.35798072 -3.35797251 -3.35802182 -3.35811735 -3.35824883 -3.35840619 -3.35854836 -3.35869225 -3.35882920
-3.35826379 -3.35840236 -3.35854816 -3.35869051 -3.35881024 -3.35893409 -3.35903614 -3.35912437 -3.35919136 -3.35923932 -3.35927239 -3.35927827 -3.35923693 -3.35915885 -3.35903502 -3.35885866 -3.35866143 -3.35844530 -3.35823224 -3.35801985 -3.35783300 -3.35768705 -3.35756947 -3.35750472 -3.35748241 -3.35751989 -3.35758582 -3.35767958 -3.35778374 -3.35789608 -3.35800851 -3.35813507
-3.35742254 -3.35756319 -3.35772208 -3.35788699 -3.35802381 -3.35816269 -3.35827449 -3.35837082 -3.35846528 -3.35852461 -3.35857190 -3.35858207 -3.35855469 -3.35848602 -3.35837408 -3.35821105 -3.35802407 -3.35782284 -3.35762353 -3.35742643 -3.35724497 -3.35710655 -3.35700079 -3.35692994 -3.35690893 -3.35690427 -3.35694274 -3.35699159 -3.35705127 -3.35712223 -3.35720332 -3.35730022
-3.35648006 -3.35662099 -3.35678705 -3.35695566 -3.35711289 -3.35725415 -3.35737120 -3.35748175 -3.35757875 -3.35766000 -3.35772032 -3.35775116 -3.35774487 -3.35768541 -3.35758941 -3.35743287 -3.35726602 -3.35707532 -3.35689179 -3.35670933 -3.35654951 -3.35642112 -3.35633000 -3.35626868 -3.35622744 -3.35620877 -3.35620355 -3.35620960 -3.35622076 -3.35624902 -3.35629280 -3.35637182
-3.35548250 -3.35561009 -3.35577600 -3.35594629 -3.35610689 -3.35624380 -3.35637416 -3.35648518 -3.35658263 -3.35668038 -3.35675592 -3.35680116 -3.35681318 -3.35677622 -3.35669275 -3.35656921 -3.35641361 -3.35624757 -3.35607003 -3.35591568 -3.35577979 -3.35568167 -3.35559486 -3.35553432 -3.35550083 -3.35545481 -3.35541801 -3.35537210 -3.35533068 -3.35532349 -3.35533452 -3.35538349
-3.35447740 -3.35460472 -3.35475482 -3.35491530 -3.35507550 -3.35521304 -3.35532821 -3.35544130 -3.35555356 -3.35565870 -3.35575259 -3.35580874 -3.35582885 -3.35581783 -3.35575012 -3.35564539 -3.35551513 -3.35536590 -3.35521748 -3.35509070 -3.35498386 -3.35490963 -3.35484195 -3.35479728 -3.35476052 -3.35469485 -3.35462335 -3.35453605 -3.35445842 -3.35440562 -3.35437611 -3.35440392
-3.35356782 -3.35367493 -3.35382659 -3.35397527 -3.35411521 -3.35424557 -3.35435668 -3.35446205 -3.35456480 -3.35467616 -3.35478345 -3.35486126 -3.35490711 -3.35490623 -3.35485838 -3.35476816 -3.35464998 -3.35453389 -3.35441005 -3.35430890 -3.35423074 -3.35418425 -3.35414701 -3.35411079 -3.35407045 -3.35399996 -3.35390405 -3.35378368 -3.35365883 -3.35355796 -3.35350859 -3.35350977
-3.35282035 -3.35292114 -3.35306152 -3.35320248 -3.35333248 -3.35345633 -3.35356167 -3.35365198 -3.35375777 -3.35386469 -3.35396910 -3.35406864 -3.35412516 -3.35414084 -3.35410551 -3.35403378 -3.35392978 -3.35383000 -3.35373318 -3.35364823 -3.35359586 -3.35357260 -3.35356255 -3.35355255 -3.35351335 -3.35344486 -3.35333453 -3.35317234 -3.35301489 -3.35287623 -3.35278643 -3.35277621
-3.35234591 -3.35243572 -3.35256627 -3.35270190 -3.35282408 -3.35294028 -3.35303473 -3.35312715 -3.35322199 -3.35332578 -3.35343821 -3.35352712 -3.35357883 -3.35360678 -3.35358076 -3.35352096 -3.35342660 -3.35334370 -3.35325711 -3.35319809 -3.35316234 -3.35316465 -3.35318957 -3.35319490 -3.35317063 -3.35309055 -3.35296946 -3.35279281 -3.35261344 -3.35243431 -3.35233584 -3.35230590
-3.35218395 -3.35228580 -3.35241674 -3.35254639 -3.35265902 -3.35276729 -3.35285545 -3.35294352 -3.35303768 -3.35313362 -3.35322536 -3.35331081 -3.35336979 -3.35337993 -3.35336663 -3.35330181 -3.35322191 -3.35312604 -3.35305758 -3.35301289 -3.35300415 -3.35302778 -3.35306381 -3.35308939 -3.35307612 -3.35300499 -3.35287525 -3.35269275 -3.35248771 -3.35230951 -3.35219274 -3.35215191
-3.35238642 -3.35248004 -3.35259967 -3.35273535 -3.35285853 -3.35296251 -3.35305284 -3.35313501 -3.35321479 -3.35329088 -3.35336707 -3.35343130 -3.35347408 -3.35348177 -3.35345988 -3.35340080 -3.35332276 -3.35323461 -3.35316787 -3.35312914 -3.35313108 -3.35316866 -3.35322845 -3.35326675 -3.35326294 -3.35320353 -3.35306550 -3.35288225 -3.35267572 -3.35250494 -3.35238112 -3.35234591
-3.35290506 -3.35299922 -3.35312127 -3.35326001 -3.35338664 -3.35348836 -3.35357739 -3.35364577 -3.35371047 -3.35377592 -3.35382961 -3.35386688 -3.35389067 -3.35388010 -3.35385738 -3.35379558 -3.35370496 -3.35362351 -3.35355265 -3.35351329 -3.35352752 -3.35357666 -3.35364502 -3.35370056 -3.35371656 -3.35366532 -3.35353615 -3.35335605 -3.35316786 -3.35300257 -3.35288600 -3.35286397
-3.35367845 -3.35378047 -3.35390412 -3.35403710 -3.35416498 -3.35426288 -3.35433913 -3.35439962 -3.35443826 -3.35448905 -3.35451291 -3.35453173 -3.35454029 -3.35451259 -3.35446722 -3.35439348 -3.35430491 -3.35423007 -3.35416330 -3.35412542 -3.35414415 -3.35420750 -3.35428440 -3.35435215 -3.35438064 -3.35434762 -3.35423482 -3.35407077 -3.35389089 -3.35374825 -3.35365196 -3.35363613
-3.35463050 -3.35473415 -3.35484902 -3.35496357 -3.35508297 -3.35516971 -3.35522536 -3.35527468 -3.35529752 -3.35531576 -3.35532725 -3.35532534 -3.35530749 -3.35526792 -3.35520256 -3.35511940 -3.35504181 -3.35496258 -3.35490276 -3.35487184 -3.35489741 -3.35496938 -3.35505191 -3.35514533 -3.35517753 -3.35515563 -3.35507353 -3.35493529 -3.35478702 -3.35466167 -3.35458268 -3.35457899
-3.35565829 -3.35574215 -3.35583592 -3.35594539 -3.35602532 -3.35609261 -3.35613416 -3.35616171 -3.35617111 -3.35617297 -3.35615756 -3.35613204 -3.35608933 -3.35602936 -3.35596717 -3.35588661 -3.35580986 -3.35573558 -3.35568482 -3.35567224 -3.35571237 -3.35579128 -3.35588910 -3.35598085 -3.35602966 -3.35603663 -3.35597620 -3.35587687 -3.35576081 -3.35565409 -3.35559845 -3.35560420
-3.35666456 -3.35673620 -3.35680305 -3.35685886 -3.35691021 -3.35693566 -3.35695488 -3.35696531 -3.35695457 -3.35694104 -3.35690501 -3.35686075 -3.35679787 -3.35674154 -3.35666894 -3.35659500 -3.35652212 -3.35646255 -3.35644200 -3.35645399 -3.35649800 -3.35658900 -3.35669499 -3.35679043 -3.35686573 -3.35689193 -3.35686751 -3.35678905 -3.35670703 -3.35664882 -3.35661811 -3.35661634
-3.35759158 -3.35762453 -3.35765447 -3.35766408 -3.35766964 -3.35765623 -3.35764384 -3.35762322 -3.35759582 -3.35756342 -3.35751782 -3.35745720 -3.35739482 -3.35733625 -3.35726880 -3.35720158 -3.35714968 -3.35711227 -3.35710039 -3.35713152 -3.35720197 -3.35730270 -3.35741581 -3.35752713 -3.35762219 -3.35767027 -3.35767460 -3.35764163 -3.35760508 -3.35756860 -3.35755738 -3.35756320
-3.35837825 -3.35837192 -3.35835530 -3.35831641 -3.35826968 -3.35821958 -3.35816174 -3.35811307 -3.35807278 -3.35803032 -3.35796753 -3.35791496 -3.35785280 -3.35779618 -3.35774336 -3.35769564 -3.35765173 -3.35765261 -3.35765661 -3.35770481 -3.35778879 -3.35789458 -3.35801902 -3.35814347 -3.35824722 -3.35833013 -3.35836438 -3.35838216 -3.35838226 -3.35837156 -3.35837444 -3.35837527
-3.35901764 -3.35896958 -3.35889101 -3.35881068 -3.35871734 -3.35861711 -3.35853680 -3.35846115 -3.35840787 -3.35836132 -3.35830503 -3.35825618 -3.35820983 -3.35816573 -3.35811288 -3.35807659 -3.35806633 -3.35806526 -3.35811313 -3.35816322 -3.35825070 -3.35836712 -3.35849233 -3.35862931 -3.35874609 -3.35885014 -3.35892817 -3.35897916 -3.35901108 -3.35902976 -3.35903879 -3.35903203
-3.35950067 -3.35941589 -3.35929902 -3.35916196 -3.35903060 -3.35890174 -3.35879422 -3.35870653 -3.35864624 -3.35860722 -3.35856270 -3.35852670 -3.35849884 -3.35845942 -3.35842435 -3.35840125 -3.35840404 -3.35841099 -3.35845138 -3.35851100 -3.35859454 -3.35871577 -3.35884357 -3.35897909 -3.35912092 -3.35924191 -3.35935402 -3.35943454 -3.35949994 -3.35953363 -3.35955110 -3.35954482
-3.35984092 -3.35972922 -3.35958021 -3.35941166 -3.35924146 -3.35909870 -3.35899156 -3.35889945 -3.35884507 -3.35880645 -3.35877975 -3.35876394 -3.35875263 -3.35872066 -3.35870428 -3.35867996 -3.35868171 -3.35869382 -3.35871256 -3.35876547 -3.35883987 -3.35894332 -3.35907272 -3.35920800 -3.35936058 -3.35950238 -3.35963431 -3.35974901 -3.35984401 -3.35989824 -3.35992129 -3.35990681
-3.36005682 -3.35992906 -3.35977452 -3.35959104 -3.35941484 -3.35926879 -3.35914968 -3.35907237 -3.35902841 -3.35901353 -3.35900962 -3.35900678 -3.35900990 -3.35899271 -3.35896604 -3.35895070 -3.35893057 -3.35892090 -3.35891833 -3.35894417 -3.35899346 -3.35907189 -3.35918875 -3.35931588 -3.35948264 -3.35964687 -3.35980148 -3.35993750 -3.36005128 -3.36013409 -3.36015387 -3.36012894
-3.36019706 -3.36007426 -3.35991420 -3.35974136 -3.35957589 -3.35943479 -3.35933737 -3.35926406 -3.35924122 -3.35924395 -3.35925976 -3.35927769 -3.35929893 -3.35929118 -3.35926286 -3.35922144 -3.35917616 -3.35912696 -3.35909315 -3.35907382 -3.35909056 -3.35914029 -3.35923183 -3.35935931 -3.35952805 -3.35969718 -3.35987007 -3.36001878 -3.36014506 -3.36024385 -3.36027607 -3.36025938
-3.36028100 -3.36018361 -3.36004599 -3.35989222 -3.35975021 -3.35962090 -3.35953978 -3.35949373 -3.35948498 -3.35951122 -3.35954642 -3.35958284 -3.35960102 -3.35959769 -3.35956799 -3.35949858 -3.35940626 -3.35932261 -3.35923296 -3.35917247 -3.35915049 -3.35916139 -3.35922407 -3.35934578 -3.35949455 -3.35966488 -3.35984590 -3.36001747 -3.36016718 -3.36027372 -3.36033352 -3.36034041
