32 32 0 1
-3.36070481 -3.36058973 -3.36043202 -3.36025986 -3.36008146 -3.35991814 -3.35978318 -3.35969612 -3.35965729 -3.35965839 -3.35969039 -3.35973640 -3.35976788 -3.35978738 -3.35978215 -3.35973501 -3.35966692 -3.35959745 -3.35953482 -3.35950159 -3.35950800 -3.35956300 -3.35966643 -3.35980885 -3.35998002 -3.36017498 -3.36035752 -3.36051440 -3.36064329 -3.36073305 -3.36077537 -3.36077150
-3.36071556 -3.36064387 -3.36054881 -3.36041961 -3.36027960 -3.36014153 -3.36003114 -3.35997455 -3.35994355 -3.35996681 -3.36000577 -3.36005718 -3.36009870 -3.36010376 -3.36007360 -3.35999342 -3.35988418 -3.35976001 -3.35963773 -3.35955233 -3.35952164 -3.35952690 -3.35959477 -3.35969873 -3.35985413 -3.36002036 -3.36019726 -3.36036327 -3.36050694 -3.36062571 -3.36069548 -3.36073109
-3.36069341 -3.36068047 -3.36062458 -3.36054941 -3.36045441 -3.36034682 -3.36026294 -3.36020959 -3.36020100 -3.36023673 -3.36028599 -3.36033818 -3.36036889 -3.36036352 -3.36031041 -3.36019126 -3.36004886 -3.35988352 -3.35972037 -3.35958804 -3.35950654 -3.35947673 -3.35949995 -3.35958336 -3.35968720 -3.35984547 -3.36000553 -3.36018591 -3.36034228 -3.36048702 -3.36058589 -3.36066228
-3.36063168 -3.36066120 -3.36065294 -3.36062491 -3.36056538 -3.36048804 -3.36043319 -3.36041040 -3.36040477 -3.36044040 -3.36049426 -3.36053924 -3.36056070 -3.36052838 -3.36044789 -3.36030695 -3.36013537 -3.35993574 -3.35974695 -3.35957701 -3.35945971 -3.35939080 -3.35937903 -3.35942965 -3.35951279 -3.35964589 -3.35980516 -3.35997028 -3.36015070 -3.36030499 -3.36044008 -3.36055524
-3.36049573 -3.36056569 -3.36059917 -3.36060310 -3.36058269 -3.36055131 -3.36051246 -3.36050698 -3.36052053 -3.36056724 -3.36060788 -3.36064510 -3.36065319 -3.36060253 -3.36049990 -3.36033747 -3.36013731 -3.35991899 -3.35970577 -3.35951250 -3.35936291 -3.35926930 -3.35922730 -3.35924286 -3.35930893 -3.35941272 -3.35955419 -3.35972171 -3.35990450 -3.36008297 -3.36024542 -3.36038881
-3.36028173 -3.36038210 -3.36045178 -3.36050263 -3.36051514 -3.36050320 -3.36049691 -3.36049806 -3.36052317 -3.36057099 -3.36061272 -3.36063770 -3.36063546 -3.36058217 -3.36045092 -3.36028257 -3.36005279 -3.35981659 -3.35958422 -3.35937462 -3.35920585 -3.35909216 -3.35902724 -3.35900916 -3.35904880 -3.35913093 -3.35926253 -3.35942985 -3.35961199 -3.35980148 -3.35998931 -3.36015376
-3.35996405 -3.36009493 -3.36019128 -3.36026283 -3.36029961 -3.36032999 -3.36035363 -3.36037089 -3.36040631 -3.36045605 -3.36050226 -3.36052666 -3.36050469 -3.36043951 -3.36030131 -3.36010904 -3.35988147 -3.35962908 -3.35938562 -3.35916745 -3.35897891 -3.35884471 -3.35875663 -3.35871414 -3.35872697 -3.35880696 -3.35892448 -3.35908443 -3.35926654 -3.35946148 -3.35964356 -3.35981523
-3.35952217 -3.35965835 -3.35979173 -3.35988860 -3.35994577 -3.36000371 -3.36005144 -3.36010059 -3.36015109 -3.36020533 -3.36025008 -3.36027755 -3.36024466 -3.36017390 -3.36003534 -3.35982881 -3.35959960 -3.35934613 -3.35909793 -3.35886106 -3.35866377 -3.35851199 -3.35839997 -3.35833575 -3.35833738 -3.35839514 -3.35850056 -3.35864603 -3.35883486 -3.35901804 -3.35919043 -3.35935520
-3.35893720 -3.35908942 -3.35923263 -3.35934592 -3.35943416 -3.35951681 -3.35958944 -3.35965132 -3.35972337 -3.35979026 -3.35985402 -3.35988059 -3.35986303 -3.35978566 -3.35964250 -3.35944220 -3.35920558 -3.35895205 -3.35869120 -3.35843932 -3.35823559 -3.35807123 -3.35793822 -3.35786626 -3.35785063 -3.35789717 -3.35799148 -3.35812666 -3.35829324 -3.35845374 -3.35862170 -3.35878368
-3.35823898 -3.35839165 -3.35853151 -3.35865572 -3.35875890 -3.35886253 -3.35895679 -3.35904375 -3.35912902 -3.35921701 -3.35929010 -3.35934460 -3.35933873 -3.35927375 -3.35913972 -3.35893931 -3.35870390 -3.35844062 -3.35817617 -3.35792195 -3.35769501 -3.35750615 -3.35736832 -3.35728606 -3.35726061 -3.35730707 -3.35739076 -3.35751008 -3.35764486 -3.35779529 -3.35794335 -3.35808884
-3.35740954 -3.35754607 -3.35768775 -3.35781766 -3.35792244 -3.35803368 -3.35813078 -3.35823879 -3.35835896 -3.35846490 -3.35857181 -3.35864221 -3.35866393 -3.35861690 -3.35850255 -3.35831272 -3.35808372 -3.35782150 -3.35755102 -3.35728115 -3.35704083 -3.35685053 -3.35670248 -3.35660746 -3.35658514 -3.35660504 -3.35668602 -3.35678776 -3.35690477 -3.35703252 -3.35715061 -3.35727354
-3.35648425 -3.35659822 -3.35672437 -3.35684217 -3.35694509 -3.35704879 -3.35714632 -3.35727187 -3.35740711 -3.35754856 -3.35768162 -3.35778766 -3.35784858 -3.35782851 -3.35773888 -3.35756397 -3.35734452 -3.35708649 -3.35680869 -3.35652926 -3.35628212 -3.35608039 -3.35593523 -3.35583829 -3.35580474 -3.35582595 -3.35589036 -3.35597958 -3.35607508 -3.35617565 -3.35626884 -3.35637020
-3.35548912 -3.35557147 -3.35566992 -3.35577096 -3.35584936 -3.35593996 -3.35604887 -3.35617571 -3.35632695 -3.35650012 -3.35666962 -3.35681143 -3.35690181 -3.35692957 -3.35686591 -3.35672676 -3.35652397 -3.35627415 -3.35598835 -3.35571052 -3.35545598 -3.35525582 -3.35509554 -3.35499566 -3.35497234 -3.35498587 -3.35504226 -3.35511240 -3.35518114 -3.35526394 -3.35533465 -3.35540840
-3.35447814 -3.35453473 -3.35458920 -3.35465016 -3.35471896 -3.35479750 -3.35488970 -3.35502505 -3.35520002 -3.35540610 -3.35560757 -3.35578355 -3.35589976 -3.35596819 -3.35594247 -3.35583420 -3.35565640 -3.35541414 -3.35514428 -3.35486796 -3.35461327 -3.35440577 -3.35424133 -3.35414975 -3.35412712 -3.35413691 -3.35418281 -3.35423815 -3.35430110 -3.35435187 -3.35439090 -3.35443676
-3.35354041 -3.35355344 -3.35358178 -3.35361179 -3.35364638 -3.35370815 -3.35379958 -3.35393278 -3.35411599 -3.35433511 -3.35457382 -3.35478696 -3.35495191 -3.35504847 -3.35506288 -3.35497935 -3.35482051 -3.35460311 -3.35434214 -3.35407283 -3.35381915 -3.35361132 -3.35345429 -3.35336367 -3.35333978 -3.35335600 -3.35340015 -3.35344512 -3.35347879 -3.35349993 -3.35352139 -3.35353228
-3.35275082 -3.35273750 -3.35273329 -3.35273678 -3.35274797 -3.35280110 -3.35289248 -3.35301384 -3.35321030 -3.35344042 -3.35368826 -3.35393219 -3.35412963 -3.35425999 -3.35430156 -3.35425255 -3.35411311 -3.35391594 -3.35366902 -3.35339916 -3.35315244 -3.35294436 -3.35279714 -3.35272430 -3.35270176 -3.35272513 -3.35276897 -3.35279185 -3.35280414 -3.35280087 -3.35278397 -3.35277157
-3.35222292 -3.35218137 -3.35215575 -3.35214112 -3.35213533 -3.35217674 -3.35226088 -3.35239058 -3.35258116 -3.35281439 -3.35307816 -3.35331853 -3.35352378 -3.35367828 -3.35374077 -3.35371823 -3.35359993 -3.35342365 -3.35319084 -3.35293652 -3.35269467 -3.35249853 -3.35236937 -3.35230730 -3.35229781 -3.35231793 -3.35235571 -3.35237541 -3.35237263 -3.35233414 -3.35230391 -3.35226389
-3.35200870 -3.35196766 -3.35193238 -3.35190640 -3.35188811 -3.35192159 -3.35199707 -3.35212749 -3.35231681 -3.35254223 -3.35278662 -3.35302858 -3.35323883 -3.35338518 -3.35346724 -3.35344873 -3.35335830 -3.35317888 -3.35296977 -3.35273933 -3.35252320 -3.35234877 -3.35222565 -3.35218060 -3.35218159 -3.35221168 -3.35224089 -3.35225198 -3.35222435 -3.35218098 -3.35212682 -3.35206835
-3.35217147 -3.35211815 -3.35207115 -3.35204960 -3.35204041 -3.35206409 -3.35214071 -3.35226424 -3.35243392 -3.35263527 -3.35285320 -3.35306961 -3.35325545 -3.35340022 -3.35347583 -3.35346742 -3.35339447 -3.35323821 -3.35304869 -3.35283847 -3.35264914 -3.35249810 -3.35240964 -3.35238078 -3.35239418 -3.35243101 -3.35244989 -3.35245159 -3.35241427 -3.35236317 -3.35229508 -3.35222993
-3.35267583 -3.35262547 -3.35257905 -3.35255824 -3.35255735 -3.35258143 -3.35264918 -3.35275507 -3.35289470 -3.35307223 -3.35325254 -3.35342780 -3.35358631 -3.35369993 -3.35377697 -3.35377107 -3.35369505 -3.35356570 -3.35339311 -3.35320805 -3.35305463 -3.35294475 -3.35288288 -3.35288068 -3.35291996 -3.35296181 -3.35298120 -3.35296642 -3.35293349 -3.35287511 -3.35280146 -3.35273877
-3.35346573 -3.35342201 -3.35338434 -3.35335892 -3.35336488 -3.35338040 -3.35343153 -3.35351641 -3.35361952 -3.35376017 -3.35389015 -3.35402983 -3.35415904 -3.35424005 -3.35428667 -3.35427224 -3.35420895 -3.35410616 -3.35396527 -3.35381071 -3.35369630 -3.35362955 -3.35361046 -3.35364377 -3.35369913 -3.35375704 -3.35378423 -3.35376259 -3.35371425 -3.35365615 -3.35358847 -3.35352797
-3.35445696 -3.35442539 -3.35438146 -3.35434484 -3.35434490 -3.35434796 -3.35437100 -3.35443120 -3.35450258 -3.35458959 -3.35468562 -3.35478337 -3.35486886 -3.35492002 -3.35493922 -3.35491641 -3.35486922 -3.35478095 -3.35467375 -3.35456311 -3.35449589 -3.35447151 -3.35449928 -3.35457414 -3.35464407 -3.35471322 -3.35475041 -3.35473803 -3.35469370 -3.35463363 -3.35456603 -3.35451036
-3.35554254 -3.35549645 -3.35544263 -3.35541470 -3.35537423 -3.35536020 -3.35535777 -3.35538192 -3.35541938 -3.35547272 -3.35552434 -3.35557490 -3.35561518 -3.35563200 -3.35563773 -3.35561851 -3.35558003 -3.35551311 -3.35543888 -3.35538729 -3.35536847 -3.35539318 -3.35547040 -3.35557105 -3.35566938 -3.35576235 -3.35580538 -3.35580876 -3.35577265 -3.35570779 -3.35564666 -3.35559053
-3.35662155 -3.35656961 -3.35650039 -3.35642840 -3.35636390 -3.35630837 -3.35627497 -3.35626594 -3.35626625 -3.35628257 -3.35629998 -3.35631427 -3.35631743 -3.35632097 -3.35630881 -3.35629412 -3.35625747 -3.35622021 -3.35620734 -3.35620223 -3.35622461 -3.35630709 -3.35641638 -3.35655012 -3.35668153 -3.35678820 -3.35685381 -3.35685646 -3.35682748 -3.35678755 -3.35673634 -3.35667324
-3.35762504 -3.35753911 -3.35744652 -3.35733577 -3.35723205 -3.35713691 -3.35706685 -3.35701081 -3.35697920 -3.35696803 -3.35695408 -3.35693996 -3.35692376 -3.35691761 -3.35690729 -3.35688989 -3.35688318 -3.35687826 -3.35689104 -3.35693358 -3.35700998 -3.35713476 -3.35728104 -3.35744616 -3.35761016 -3.35773209 -3.35780908 -3.35783518 -3.35783221 -3.35779376 -3.35774672 -3.35769332
-3.35848296 -3.35837418 -3.35823997 -3.35808782 -3.35793994 -3.35780195 -3.35768684 -3.35759717 -3.35753592 -3.35750044 -3.35745907 -3.35743844 -3.35741738 -3.35740352 -3.35739723 -3.35740141 -3.35740894 -3.35744980 -3.35749173 -3.35756976 -3.35768992 -3.35784017 -3.35801828 -3.35820962 -3.35838911 -3.35854028 -3.35863675 -3.35869230 -3.35870315 -3.35867877 -3.35863577 -3.35856560
-3.35918652 -3.35904451 -3.35886608 -3.35867622 -3.35848115 -3.35830238 -3.35815607 -3.35803840 -3.35795514 -3.35790351 -3.35785870 -3.35782946 -3.35781034 -3.35781161 -3.35780165 -3.35781890 -3.35785961 -3.35790545 -3.35799664 -3.35810120 -3.35824172 -3.35841987 -3.35861423 -3.35882496 -3.35901906 -3.35918933 -3.35931366 -3.35938672 -3.35942141 -3.35940531 -3.35936451 -3.35928676
-3.35973487 -3.35955721 -3.35934782 -3.35911908 -3.35889204 -3.35867838 -3.35850655 -3.35836095 -3.35827435 -3.35821711 -3.35817380 -3.35815012 -3.35814359 -3.35814254 -3.35815487 -3.35818159 -3.35823830 -3.35829841 -3.35839582 -3.35851724 -3.35867088 -3.35887016 -3.35907349 -3.35928779 -3.35950109 -3.35968110 -3.35982229 -3.35991679 -3.35997192 -3.35997103 -3.35993442 -3.35986019
-3.36012560 -3.35993033 -3.35969950 -3.35944620 -3.35918803 -3.35896567 -3.35878487 -3.35863734 -3.35854272 -3.35847710 -3.35844201 -3.35843314 -3.35844227 -3.35844900 -3.35847627 -3.35850532 -3.35856608 -3.35863608 -3.35872013 -3.35884146 -3.35899594 -3.35918632 -3.35939610 -3.35961122 -3.35982776 -3.36001838 -3.36017977 -3.36029370 -3.36036752 -3.36037868 -3.36034719 -3.36026556
-3.36037944 -3.36018495 -3.35995443 -3.35969334 -3.35943434 -3.35921089 -3.35902348 -3.35888470 -3.35879175 -3.35874543 -3.35872801 -3.35872888 -3.35874954 -3.35876334 -3.35878313 -3.35882312 -3.35886275 -3.35891805 -3.35898963 -3.35909331 -3.35922310 -3.35938461 -3.35958743 -3.35978720 -3.36001152 -3.36021262 -3.36038510 -3.36051838 -3.36060523 -3.36064237 -3.36060936 -3.36052130
-3.36055568 -3.36037062 -3.36014548 -3.35990295 -3.35965917 -3.35944327 -3.35927011 -3.35913557 -3.35905969 -3.35902821 -3.35902757 -3.35904477 -3.35908252 -3.35910587 -3.35912141 -3.35913039 -3.35915056 -3.35917202 -3.35921239 -3.35927685 -3.35937923 -3.35951154 -3.35968098 -3.35987543 -3.36009582 -3.36029462 -3.36047638 -3.36061583 -3.36071358 -3.36076762 -3.36075162 -3.36067940
-3.36064763 -3.36050008 -3.36030477 -3.36009044 -3.35987725 -3.35967340 -3.35952081 -3.35940929 -3.35934649 -3.35933724 -3.35935416 -3.35938642 -3.35941736 -3.35944859 -3.35946173 -3.35944644 -3.35941881 -3.35940624 -3.35939314 -3.35941110 -3.35947392 -3.35956516 -3.35970243 -3.35988624 -3.36007775 -3.36026950 -3.36045436 -3.36060636 -3.36072397 -3.36078928 -3.36080304 -3.36076311
