32 32 0 1
-3.36067046 -3.36058034 -3.36044973 -3.36031072 -3.36017128 -3.36005131 -3.35996035 -3.35991565 -3.35991047 -3.35993176 -3.35996564 -3.35999695 -3.35998941 -3.35995449 -3.35987960 -3.35975438 -3.35960734 -3.35946162 -3.35932827 -3.35923632 -3.35919696 -3.35922491 -3.35931454 -3.35946192 -3.35965526 -3.35988145 -3.36010955 -3.36031057 -3.36048623 -3.36061621 -3.36069171 -3.36071312
-3.36066252 -3.36061186 -3.36053979 -3.36044251 -3.36034214 -3.36024521 -3.36017487 -3.36016004 -3.36016073 -3.36020064 -3.36023908 -3.36027490 -3.36028412 -3.36023946 -3.36014875 -3.36000151 -3.35982290 -3.35963029 -3.35944592 -3.35930829 -3.35923924 -3.35921691 -3.35927451 -3.35937987 -3.35955166 -3.35974929 -3.35996479 -3.36017228 -3.36035447 -3.36050635 -3.36060341 -3.36065972
-3.36063795 -3.36063862 -3.36060345 -3.36055517 -3.36049538 -3.36042382 -3.36037642 -3.36035528 -3.36037561 -3.36042655 -3.36047466 -3.36051197 -3.36051587 -3.36046842 -3.36036507 -3.36019530 -3.35999572 -3.35977690 -3.35956633 -3.35938995 -3.35927291 -3.35921852 -3.35922716 -3.35931133 -3.35942718 -3.35960953 -3.35980558 -3.36001848 -3.36020947 -3.36038283 -3.36050233 -3.36059107
-3.36058928 -3.36062809 -3.36063144 -3.36062669 -3.36059291 -3.36054368 -3.36051684 -3.36051904 -3.36053161 -3.36057744 -3.36063367 -3.36066781 -3.36067014 -3.36061120 -3.36049370 -3.36032188 -3.36011104 -3.35986874 -3.35964140 -3.35943647 -3.35928885 -3.35919962 -3.35917453 -3.35921915 -3.35931251 -3.35946216 -3.35964971 -3.35984707 -3.36005119 -3.36022808 -3.36038071 -3.36050667
-3.36048109 -3.36055381 -3.36059443 -3.36061141 -3.36060991 -3.36059472 -3.36057654 -3.36058556 -3.36060510 -3.36065688 -3.36069256 -3.36072556 -3.36072214 -3.36065996 -3.36053963 -3.36036176 -3.36014481 -3.35990172 -3.35966432 -3.35944520 -3.35927063 -3.35915644 -3.35910191 -3.35910932 -3.35917966 -3.35929674 -3.35945773 -3.35965316 -3.35985546 -3.36005228 -3.36022575 -3.36037426
-3.36031338 -3.36041126 -3.36047840 -3.36052968 -3.36054777 -3.36054210 -3.36054295 -3.36054727 -3.36057214 -3.36061399 -3.36065192 -3.36067346 -3.36067224 -3.36061777 -3.36048907 -3.36032280 -3.36009513 -3.35985328 -3.35961169 -3.35938740 -3.35920385 -3.35906764 -3.35898972 -3.35896681 -3.35900917 -3.35910068 -3.35924852 -3.35943037 -3.35963259 -3.35983356 -3.36002579 -3.36018725
-3.36005395 -3.36017239 -3.36025970 -3.36032444 -3.36035542 -3.36037370 -3.36039011 -3.36039327 -3.36042178 -3.36046212 -3.36050044 -3.36053047 -3.36051502 -3.36046249 -3.36034006 -3.36016653 -3.35995472 -3.35971299 -3.35947965 -3.35925792 -3.35906041 -3.35891660 -3.35881498 -3.35876979 -3.35877867 -3.35886358 -3.35899002 -3.35916370 -3.35936125 -3.35956027 -3.35974239 -3.35991025
-3.35967084 -3.35979381 -3.35991173 -3.35999352 -3.36003547 -3.36007214 -3.36008914 -3.36011091 -3.36014406 -3.36017964 -3.36021392 -3.36024338 -3.36023064 -3.36018034 -3.36007296 -3.35990563 -3.35970310 -3.35947402 -3.35924675 -3.35901966 -3.35882661 -3.35867203 -3.35855212 -3.35848548 -3.35848121 -3.35854288 -3.35865237 -3.35880819 -3.35900114 -3.35918524 -3.35935996 -3.35951538
-3.35915172 -3.35929164 -3.35941119 -3.35950458 -3.35956744 -3.35961549 -3.35964772 -3.35966333 -3.35970002 -3.35974049 -3.35978650 -3.35981693 -3.35981782 -3.35976696 -3.35966645 -3.35951268 -3.35932079 -3.35910974 -3.35888149 -3.35865709 -3.35846889 -3.35831219 -3.35818155 -3.35811012 -3.35808880 -3.35812985 -3.35823073 -3.35836977 -3.35853770 -3.35869779 -3.35886183 -3.35901165
-3.35852789 -3.35865770 -3.35877589 -3.35886946 -3.35893774 -3.35899586 -3.35904047 -3.35907196 -3.35910350 -3.35915176 -3.35920167 -3.35925031 -3.35925882 -3.35922941 -3.35913877 -3.35899107 -3.35881194 -3.35860453 -3.35839234 -3.35817915 -3.35798825 -3.35782541 -3.35769498 -3.35761378 -3.35759142 -3.35763263 -3.35771431 -3.35783159 -3.35796991 -3.35811410 -3.35825474 -3.35838800
-3.35776784 -3.35788361 -3.35799549 -3.35809068 -3.35814753 -3.35820704 -3.35824546 -3.35828711 -3.35833911 -3.35839424 -3.35846593 -3.35852341 -3.35854937 -3.35853634 -3.35846721 -3.35833267 -3.35816960 -3.35797402 -3.35777189 -3.35757167 -3.35738267 -3.35723193 -3.35710732 -3.35702205 -3.35700362 -3.35702101 -3.35709330 -3.35719335 -3.35730768 -3.35742904 -3.35753873 -3.35765095
-3.35690772 -3.35699977 -3.35708894 -3.35716521 -3.35721677 -3.35726156 -3.35728771 -3.35733602 -3.35740027 -3.35747372 -3.35755986 -3.35764231 -3.35770524 -3.35770374 -3.35765768 -3.35754398 -3.35739694 -3.35721334 -3.35702187 -3.35683176 -3.35666328 -3.35651669 -3.35640760 -3.35633190 -3.35630640 -3.35632759 -3.35638611 -3.35647122 -3.35655952 -3.35665206 -3.35673557 -3.35682184
-3.35597883 -3.35602915 -3.35608450 -3.35613925 -3.35616354 -3.35618562 -3.35621637 -3.35626296 -3.35633224 -3.35642581 -3.35653458 -3.35664345 -3.35672445 -3.35675812 -3.35673248 -3.35665033 -3.35652468 -3.35636324 -3.35617805 -3.35601206 -3.35585582 -3.35572836 -3.35562932 -3.35556130 -3.35555830 -3.35557341 -3.35562566 -3.35569194 -3.35575492 -3.35582143 -3.35587858 -3.35592794
-3.35502525 -3.35503861 -3.35504487 -3.35505258 -3.35506038 -3.35506673 -3.35507939 -3.35512838 -3.35521024 -3.35532915 -3.35546021 -3.35558714 -3.35568397 -3.35575062 -3.35574896 -3.35569477 -3.35559433 -3.35545061 -3.35528681 -3.35514457 -3.35501186 -3.35490383 -3.35481781 -3.35477568 -3.35478528 -3.35480699 -3.35485420 -3.35490662 -3.35495809 -3.35499057 -3.35500761 -3.35502229
-3.35413069 -3.35408958 -3.35406433 -3.35403456 -3.35400551 -3.35399148 -3.35400127 -3.35404479 -3.35413079 -3.35426119 -3.35441466 -3.35456916 -3.35469726 -3.35477840 -3.35480414 -3.35476747 -3.35468532 -3.35457109 -3.35443237 -3.35431019 -3.35419902 -3.35411348 -3.35405320 -3.35403503 -3.35405526 -3.35409089 -3.35414370 -3.35418812 -3.35420793 -3.35421020 -3.35419923 -3.35416951
-3.35336202 -3.35328569 -3.35322278 -3.35316400 -3.35311145 -3.35308869 -3.35309474 -3.35312986 -3.35322527 -3.35335806 -3.35351888 -3.35369192 -3.35383606 -3.35393833 -3.35397686 -3.35396235 -3.35389889 -3.35380745 -3.35369625 -3.35358199 -3.35349614 -3.35343028 -3.35339934 -3.35341387 -3.35345251 -3.35350445 -3.35356091 -3.35358643 -3.35358469 -3.35355564 -3.35349976 -3.35344011
-3.35282879 -3.35272475 -3.35263381 -3.35255809 -3.35249115 -3.35246074 -3.35246169 -3.35250440 -3.35259283 -3.35272534 -3.35289655 -3.35305915 -3.35319727 -3.35331350 -3.35336425 -3.35336156 -3.35331232 -3.35324197 -3.35314396 -3.35305238 -3.35298483 -3.35294504 -3.35294854 -3.35298637 -3.35304642 -3.35310590 -3.35316128 -3.35318602 -3.35316790 -3.35309799 -3.35302417 -3.35293162
-3.35258594 -3.35248392 -3.35238260 -3.35230149 -3.35222794 -3.35219294 -3.35219431 -3.35223608 -3.35233006 -3.35245131 -3.35259681 -3.35275349 -3.35288962 -3.35298577 -3.35304453 -3.35303757 -3.35300581 -3.35292671 -3.35285382 -3.35278535 -3.35274408 -3.35272705 -3.35274963 -3.35281312 -3.35289137 -3.35296744 -3.35301716 -3.35303642 -3.35299729 -3.35292170 -3.35282147 -3.35270420
-3.35268867 -3.35258352 -3.35248073 -3.35241098 -3.35235438 -3.35232291 -3.35232850 -3.35237246 -3.35245342 -3.35255050 -3.35266571 -3.35279355 -3.35290209 -3.35298202 -3.35302878 -3.35302462 -3.35299895 -3.35293265 -3.35287307 -3.35281967 -3.35279315 -3.35280250 -3.35285657 -3.35293747 -3.35302562 -3.35311066 -3.35315314 -3.35315945 -3.35311442 -3.35303282 -3.35292261 -3.35280415
-3.35311468 -3.35301897 -3.35293392 -3.35288200 -3.35284312 -3.35282036 -3.35283146 -3.35286989 -3.35292544 -3.35300547 -3.35308715 -3.35317278 -3.35324880 -3.35329382 -3.35333186 -3.35332153 -3.35327937 -3.35322935 -3.35317295 -3.35313121 -3.35312917 -3.35316054 -3.35323163 -3.35333245 -3.35344347 -3.35352731 -3.35356773 -3.35355736 -3.35351823 -3.35343468 -3.35332591 -3.35322259
-3.35381476 -3.35374730 -3.35368395 -3.35364339 -3.35362452 -3.35360883 -3.35361531 -3.35364464 -3.35367273 -3.35372543 -3.35376517 -3.35381837 -3.35386081 -3.35387202 -3.35387160 -3.35384563 -3.35380766 -3.35376354 -3.35371619 -3.35368564 -3.35370254 -3.35375773 -3.35384861 -3.35396783 -3.35408837 -3.35418000 -3.35422413 -3.35420369 -3.35415435 -3.35408335 -3.35399325 -3.35390352
-3.35471819 -3.35467617 -3.35462935 -3.35459471 -3.35458559 -3.35457177 -3.35456559 -3.35458410 -3.35458896 -3.35460537 -3.35461768 -3.35463560 -3.35463563 -3.35461725 -3.35458758 -3.35454502 -3.35450867 -3.35446509 -3.35442485 -3.35440777 -3.35443932 -3.35451744 -3.35462480 -3.35476773 -3.35488704 -3.35498192 -3.35502982 -3.35502193 -3.35498480 -3.35491973 -3.35484490 -3.35478204
-3.35573117 -3.35569128 -3.35565098 -3.35563132 -3.35559879 -3.35558232 -3.35556708 -3.35556294 -3.35555199 -3.35554493 -3.35552717 -3.35550565 -3.35546760 -3.35541834 -3.35537175 -3.35532334 -3.35528016 -3.35523286 -3.35520447 -3.35520892 -3.35526081 -3.35535823 -3.35549232 -3.35563331 -3.35576568 -3.35587884 -3.35592768 -3.35594458 -3.35591955 -3.35586567 -3.35581656 -3.35577026
-3.35675744 -3.35672884 -3.35667955 -3.35662784 -3.35658252 -3.35653453 -3.35650164 -3.35647554 -3.35644699 -3.35641811 -3.35638247 -3.35632755 -3.35626612 -3.35620490 -3.35613845 -3.35608080 -3.35602867 -3.35598975 -3.35599148 -3.35601331 -3.35607769 -3.35619813 -3.35634361 -3.35649960 -3.35664957 -3.35676963 -3.35684670 -3.35686341 -3.35685726 -3.35684523 -3.35682291 -3.35678462
-3.35772982 -3.35767887 -3.35761152 -3.35752840 -3.35744945 -3.35736919 -3.35730366 -3.35725254 -3.35720708 -3.35716716 -3.35710879 -3.35704779 -3.35697112 -3.35690242 -3.35683094 -3.35676245 -3.35672154 -3.35669613 -3.35669863 -3.35674314 -3.35682968 -3.35696272 -3.35712540 -3.35730185 -3.35747054 -3.35760450 -3.35769852 -3.35775386 -3.35777929 -3.35778418 -3.35777865 -3.35776237
-3.35858073 -3.35850646 -3.35840784 -3.35828166 -3.35815506 -3.35804101 -3.35793974 -3.35786239 -3.35780371 -3.35775442 -3.35768306 -3.35762348 -3.35755125 -3.35747480 -3.35740594 -3.35735084 -3.35730487 -3.35730669 -3.35731698 -3.35737461 -3.35748066 -3.35762136 -3.35779684 -3.35798739 -3.35817140 -3.35833610 -3.35846018 -3.35854353 -3.35860239 -3.35863124 -3.35864192 -3.35862027
-3.35928592 -3.35917671 -3.35902828 -3.35886754 -3.35869816 -3.35854490 -3.35842309 -3.35832098 -3.35824914 -3.35819379 -3.35813401 -3.35807577 -3.35800858 -3.35795229 -3.35787967 -3.35782702 -3.35780099 -3.35779099 -3.35783625 -3.35789812 -3.35800988 -3.35816934 -3.35834391 -3.35855133 -3.35875111 -3.35894092 -3.35909588 -3.35921256 -3.35929749 -3.35934310 -3.35935783 -3.35933860
-3.35983023 -3.35968567 -3.35950424 -3.35930317 -3.35910244 -3.35891837 -3.35877305 -3.35865728 -3.35858564 -3.35853611 -3.35848349 -3.35843674 -3.35838911 -3.35833087 -3.35827685 -3.35822742 -3.35821066 -3.35820192 -3.35823342 -3.35830073 -3.35841682 -3.35858189 -3.35876745 -3.35897692 -3.35919987 -3.35940418 -3.35959059 -3.35973260 -3.35984721 -3.35990539 -3.35993035 -3.35990789
-3.36021289 -3.36005272 -3.35984448 -3.35961598 -3.35938595 -3.35919330 -3.35904444 -3.35893094 -3.35886048 -3.35881195 -3.35877325 -3.35874772 -3.35871511 -3.35866399 -3.35861667 -3.35856908 -3.35854592 -3.35853567 -3.35854975 -3.35860932 -3.35871340 -3.35887001 -3.35906368 -3.35927430 -3.35950545 -3.35972201 -3.35992787 -3.36010062 -3.36023947 -3.36031126 -3.36033608 -3.36030924
-3.36044571 -3.36028232 -3.36007997 -3.35984561 -3.35961534 -3.35942312 -3.35926977 -3.35916823 -3.35910532 -3.35907745 -3.35906584 -3.35904922 -3.35902919 -3.35898690 -3.35893500 -3.35888972 -3.35884143 -3.35881069 -3.35880532 -3.35884421 -3.35892389 -3.35905067 -3.35923375 -3.35943882 -3.35967844 -3.35991423 -3.36013093 -3.36032281 -3.36047067 -3.36056916 -3.36058959 -3.36054818
-3.36059113 -3.36043471 -3.36023451 -3.36002284 -3.35981573 -3.35963701 -3.35950310 -3.35940408 -3.35935915 -3.35934584 -3.35934972 -3.35935364 -3.35935100 -3.35931545 -3.35925730 -3.35918155 -3.35911470 -3.35904755 -3.35901273 -3.35901440 -3.35906308 -3.35916137 -3.35931673 -3.35951937 -3.35975981 -3.35999568 -3.36022417 -3.36041768 -3.36057223 -3.36068013 -3.36071006 -3.36068064
-3.36064396 -3.36052218 -3.36035795 -3.36017571 -3.35999917 -3.35983737 -3.35972795 -3.35965723 -3.35962942 -3.35963996 -3.35965986 -3.35967760 -3.35967449 -3.35964371 -3.35958321 -3.35948423 -3.35936992 -3.35927388 -3.35918482 -3.35914253 -3.35915253 -3.35921407 -3.35933959 -3.35952730 -3.35974140 -3.35996961 -3.36020034 -3.36040440 -3.36057055 -3.36068311 -3.36073700 -3.36072882
