32 32 0 1
-3.36066612 -3.36061233 -3.36052065 -3.36041740 -3.36030920 -3.36021472 -3.36013776 -3.36010409 -3.36010799 -3.36013852 -3.36019283 -3.36024625 -3.36026804 -3.36025968 -3.36021258 -3.36011302 -3.35997493 -3.35982748 -3.35968055 -3.35955930 -3.35948479 -3.35946703 -3.35951443 -3.35961541 -3.35976024 -3.35994583 -3.36013201 -3.36029323 -3.36044015 -3.36055704 -3.36063654 -3.36067744
-3.36063394 -3.36061629 -3.36058672 -3.36052535 -3.36045851 -3.36039258 -3.36034485 -3.36034685 -3.36036153 -3.36041762 -3.36047422 -3.36053032 -3.36056631 -3.36054682 -3.36048020 -3.36034916 -3.36017501 -3.35997563 -3.35976904 -3.35960245 -3.35949528 -3.35942969 -3.35944948 -3.35951389 -3.35964389 -3.35980053 -3.35997131 -3.36014568 -3.36029904 -3.36043270 -3.36053108 -3.36060154
-3.36057158 -3.36060882 -3.36061440 -3.36060456 -3.36058401 -3.36054731 -3.36053152 -3.36053660 -3.36057530 -3.36064580 -3.36071362 -3.36076990 -3.36079486 -3.36077109 -3.36068747 -3.36052631 -3.36032638 -3.36009227 -3.35985729 -3.35965045 -3.35949752 -3.35940471 -3.35937764 -3.35942545 -3.35950187 -3.35964498 -3.35980037 -3.35997710 -3.36013509 -3.36028624 -3.36040213 -3.36050122
-3.36047674 -3.36054669 -3.36059317 -3.36063047 -3.36064393 -3.36063790 -3.36064895 -3.36068446 -3.36072477 -3.36078983 -3.36086621 -3.36091514 -3.36093312 -3.36089005 -3.36078914 -3.36061971 -3.36040273 -3.36014516 -3.35989093 -3.35965664 -3.35947389 -3.35934822 -3.35929081 -3.35930274 -3.35936182 -3.35947476 -3.35961916 -3.35977508 -3.35994424 -3.36009747 -3.36023912 -3.36037054
-3.36031551 -3.36042297 -3.36050597 -3.36057212 -3.36061873 -3.36064969 -3.36067296 -3.36072242 -3.36077070 -3.36084174 -3.36089835 -3.36094087 -3.36095423 -3.36090070 -3.36078925 -3.36061373 -3.36038488 -3.36012152 -3.35985836 -3.35961693 -3.35941089 -3.35926536 -3.35917843 -3.35915764 -3.35919529 -3.35927551 -3.35939717 -3.35954813 -3.35971165 -3.35987925 -3.36003532 -3.36018745
-3.36008866 -3.36021693 -3.36033153 -3.36043348 -3.36050774 -3.36055683 -3.36059922 -3.36064057 -3.36069385 -3.36075549 -3.36080518 -3.36083816 -3.36083778 -3.36078544 -3.36066287 -3.36048999 -3.36025685 -3.36000074 -3.35974270 -3.35949038 -3.35927999 -3.35912157 -3.35901729 -3.35896911 -3.35898215 -3.35903366 -3.35914015 -3.35928086 -3.35943537 -3.35960717 -3.35978437 -3.35994336
-3.35977044 -3.35992140 -3.36005777 -3.36017256 -3.36025610 -3.36033208 -3.36039278 -3.36043407 -3.36048403 -3.36053984 -3.36058129 -3.36060755 -3.36059136 -3.36053452 -3.36040887 -3.36023129 -3.36001645 -3.35976584 -3.35951283 -3.35928214 -3.35906850 -3.35890935 -3.35879122 -3.35871544 -3.35869396 -3.35874005 -3.35882150 -3.35894920 -3.35910555 -3.35927469 -3.35944302 -3.35960924
-3.35933202 -3.35949881 -3.35966118 -3.35979448 -3.35988726 -3.35997265 -3.36003426 -3.36008062 -3.36012732 -3.36016538 -3.36019799 -3.36021440 -3.36018117 -3.36011946 -3.36000471 -3.35983074 -3.35962676 -3.35939801 -3.35916949 -3.35893895 -3.35874399 -3.35858152 -3.35844980 -3.35835801 -3.35832560 -3.35834880 -3.35841539 -3.35852459 -3.35868054 -3.35883742 -3.35900010 -3.35916075
-3.35877105 -3.35894602 -3.35911605 -3.35925856 -3.35936938 -3.35945899 -3.35951893 -3.35955756 -3.35959829 -3.35962573 -3.35964705 -3.35965172 -3.35961974 -3.35955189 -3.35943686 -3.35927214 -3.35908426 -3.35887476 -3.35865841 -3.35844904 -3.35826745 -3.35811550 -3.35797603 -3.35788549 -3.35784139 -3.35784853 -3.35790492 -3.35800755 -3.35814639 -3.35828436 -3.35844301 -3.35860791
-3.35810905 -3.35827847 -3.35844073 -3.35859152 -3.35869866 -3.35878510 -3.35883959 -3.35887911 -3.35889466 -3.35890706 -3.35891834 -3.35892023 -3.35888627 -3.35882345 -3.35871054 -3.35855640 -3.35838142 -3.35818879 -3.35800082 -3.35780889 -3.35763722 -3.35748509 -3.35736064 -3.35727333 -3.35722732 -3.35723822 -3.35729280 -3.35737914 -3.35749165 -3.35762920 -3.35778295 -3.35793987
-3.35732670 -3.35749328 -3.35765320 -3.35778954 -3.35788634 -3.35795795 -3.35799297 -3.35800837 -3.35802378 -3.35801959 -3.35802332 -3.35801074 -3.35798279 -3.35791809 -3.35781833 -3.35767584 -3.35751421 -3.35734097 -3.35717273 -3.35700689 -3.35684989 -3.35672456 -3.35662030 -3.35654527 -3.35650881 -3.35650827 -3.35655697 -3.35663550 -3.35674276 -3.35686886 -3.35700887 -3.35715994
-3.35645720 -3.35661606 -3.35676392 -3.35687821 -3.35695959 -3.35700002 -3.35700480 -3.35700449 -3.35698801 -3.35697827 -3.35696988 -3.35695479 -3.35693274 -3.35686642 -3.35677606 -3.35664301 -3.35649506 -3.35634396 -3.35620020 -3.35605873 -3.35593427 -3.35583382 -3.35575504 -3.35570202 -3.35567656 -3.35568360 -3.35572428 -3.35580175 -3.35589835 -3.35601994 -3.35615070 -3.35630231
-3.35553562 -3.35567285 -3.35580259 -3.35589760 -3.35594004 -3.35594612 -3.35593153 -3.35589205 -3.35585882 -3.35583429 -3.35580933 -3.35579371 -3.35576354 -3.35570782 -3.35562095 -3.35551185 -3.35538421 -3.35526154 -3.35513244 -3.35502555 -3.35493841 -3.35487537 -3.35482014 -3.35478189 -3.35478524 -3.35479617 -3.35484532 -3.35491186 -3.35500089 -3.35511857 -3.35524792 -3.35538993
-3.35460600 -3.35473224 -3.35482976 -3.35488666 -3.35490393 -3.35488349 -3.35482446 -3.35476212 -3.35470876 -3.35467158 -3.35464201 -3.35461090 -3.35456791 -3.35452683 -3.35444850 -3.35435012 -3.35425071 -3.35414690 -3.35404886 -3.35397833 -3.35393008 -3.35389718 -3.35387735 -3.35387239 -3.35389251 -3.35391860 -3.35396812 -3.35403129 -3.35412228 -3.35422708 -3.35434240 -3.35447779
-3.35374505 -3.35384646 -3.35392337 -3.35395476 -3.35393656 -3.35388455 -3.35380360 -3.35371686 -3.35363894 -3.35358488 -3.35354834 -3.35352369 -3.35349039 -3.35344163 -3.35337171 -3.35328418 -3.35319727 -3.35312255 -3.35305636 -3.35301980 -3.35300140 -3.35300968 -3.35302705 -3.35305152 -3.35308452 -3.35312927 -3.35318613 -3.35324397 -3.35331375 -3.35340239 -3.35351711 -3.35363390
-3.35301951 -3.35310320 -3.35316196 -3.35317159 -3.35313215 -3.35306427 -3.35297018 -3.35286085 -3.35277130 -3.35270745 -3.35265686 -3.35263539 -3.35260966 -3.35256324 -3.35249896 -3.35242822 -3.35235307 -3.35229631 -3.35226163 -3.35224142 -3.35225325 -3.35228952 -3.35234319 -3.35239920 -3.35245338 -3.35251220 -3.35257000 -3.35261189 -3.35266446 -3.35273382 -3.35281566 -3.35292378
-3.35252800 -3.35259397 -3.35263870 -3.35263334 -3.35258120 -3.35250652 -3.35240479 -3.35229813 -3.35220432 -3.35213907 -3.35210005 -3.35205880 -3.35202567 -3.35198621 -3.35192942 -3.35186821 -3.35180086 -3.35176279 -3.35173917 -3.35174778 -3.35177816 -3.35184104 -3.35192487 -3.35200718 -3.35207965 -3.35213659 -3.35218720 -3.35222159 -3.35225878 -3.35228836 -3.35236107 -3.35244247
-3.35231269 -3.35238133 -3.35242130 -3.35241285 -3.35236078 -3.35228312 -3.35218843 -3.35209218 -3.35201565 -3.35195302 -3.35190552 -3.35186926 -3.35184331 -3.35178882 -3.35174135 -3.35167866 -3.35162325 -3.35157453 -3.35156533 -3.35159173 -3.35164806 -3.35173134 -3.35182205 -3.35192600 -3.35200927 -3.35206973 -3.35210555 -3.35212392 -3.35212622 -3.35214334 -3.35218355 -3.35224443
-3.35243348 -3.35248904 -3.35251962 -3.35251901 -3.35248697 -3.35242052 -3.35234629 -3.35227184 -3.35220596 -3.35214739 -3.35209885 -3.35206255 -3.35202606 -3.35197849 -3.35192987 -3.35186966 -3.35181752 -3.35177868 -3.35177199 -3.35180094 -3.35186239 -3.35195861 -3.35207078 -3.35217914 -3.35226114 -3.35232132 -3.35233869 -3.35233308 -3.35231096 -3.35231001 -3.35232576 -3.35237072
-3.35286243 -3.35291536 -3.35294743 -3.35295731 -3.35294281 -3.35289907 -3.35284644 -3.35278986 -3.35273874 -3.35269339 -3.35265021 -3.35261111 -3.35257124 -3.35251632 -3.35247751 -3.35241510 -3.35235156 -3.35231862 -3.35230270 -3.35232777 -3.35239862 -3.35250103 -3.35261663 -3.35272962 -3.35282149 -3.35287176 -3.35287710 -3.35284153 -3.35280946 -3.35278573 -3.35278305 -3.35281566
-3.35356686 -3.35361901 -3.35365539 -3.35366923 -3.35367483 -3.35364639 -3.35360820 -3.35356876 -3.35352645 -3.35349439 -3.35345505 -3.35342209 -3.35338614 -3.35332952 -3.35327550 -3.35320498 -3.35314299 -3.35311414 -3.35309675 -3.35311402 -3.35318625 -3.35329233 -3.35341145 -3.35352995 -3.35362053 -3.35367320 -3.35366747 -3.35361426 -3.35355185 -3.35351937 -3.35350510 -3.35352631
-3.35447412 -3.35452945 -3.35456132 -3.35457298 -3.35458582 -3.35456573 -3.35453081 -3.35450403 -3.35447517 -3.35444681 -3.35441645 -3.35438923 -3.35434679 -3.35428910 -3.35422898 -3.35415541 -3.35409956 -3.35406373 -3.35404372 -3.35406074 -3.35412736 -3.35423614 -3.35436203 -3.35448660 -3.35457204 -3.35461624 -3.35460998 -3.35455762 -3.35449262 -3.35444664 -3.35442388 -3.35443853
-3.35550610 -3.35553996 -3.35556305 -3.35557550 -3.35556363 -3.35554587 -3.35551143 -3.35548556 -3.35546535 -3.35544969 -3.35541690 -3.35538514 -3.35533790 -3.35527595 -3.35521929 -3.35515331 -3.35509989 -3.35505512 -3.35503526 -3.35506156 -3.35513342 -3.35524430 -3.35537573 -3.35549427 -3.35558159 -3.35564094 -3.35563487 -3.35559644 -3.35553865 -3.35548295 -3.35546743 -3.35547751
-3.35656364 -3.35658626 -3.35659084 -3.35656624 -3.35653593 -3.35648644 -3.35644884 -3.35641929 -3.35639206 -3.35637637 -3.35634858 -3.35630908 -3.35626086 -3.35620871 -3.35614918 -3.35609145 -3.35603770 -3.35599985 -3.35600503 -3.35603493 -3.35610447 -3.35622046 -3.35635091 -3.35647677 -3.35658211 -3.35664576 -3.35665887 -3.35662334 -3.35657923 -3.35655122 -3.35654402 -3.35653796
-3.35757530 -3.35757306 -3.35754108 -3.35748901 -3.35742102 -3.35734160 -3.35727823 -3.35723588 -3.35719427 -3.35717151 -3.35714140 -3.35709985 -3.35705817 -3.35701216 -3.35696331 -3.35690895 -3.35687503 -3.35685183 -3.35685719 -3.35689826 -3.35698060 -3.35710100 -3.35723596 -3.35737361 -3.35749252 -3.35756637 -3.35760071 -3.35759605 -3.35758364 -3.35756783 -3.35756581 -3.35756836
-3.35847236 -3.35843353 -3.35837032 -3.35827434 -3.35816835 -3.35805886 -3.35795758 -3.35788866 -3.35783666 -3.35780702 -3.35776877 -3.35773848 -3.35770435 -3.35766881 -3.35762413 -3.35758878 -3.35756425 -3.35757299 -3.35758176 -3.35763495 -3.35772312 -3.35784158 -3.35798314 -3.35812561 -3.35825318 -3.35836094 -3.35842310 -3.35845359 -3.35846743 -3.35847468 -3.35848265 -3.35847834
-3.35921977 -3.35914806 -3.35903834 -3.35890859 -3.35876099 -3.35861570 -3.35849712 -3.35839434 -3.35833053 -3.35829177 -3.35825881 -3.35823558 -3.35821083 -3.35819018 -3.35815479 -3.35813153 -3.35813033 -3.35812900 -3.35817555 -3.35822819 -3.35831738 -3.35843954 -3.35857845 -3.35873369 -3.35887293 -3.35900727 -3.35909960 -3.35916101 -3.35920925 -3.35923101 -3.35924779 -3.35924225
-3.35979026 -3.35969355 -3.35955561 -3.35938612 -3.35920770 -3.35903771 -3.35889575 -3.35877668 -3.35871122 -3.35867112 -3.35864006 -3.35862764 -3.35862067 -3.35859790 -3.35857971 -3.35857351 -3.35857483 -3.35858228 -3.35861606 -3.35867686 -3.35876414 -3.35889020 -3.35902904 -3.35918030 -3.35934501 -3.35948906 -3.35961553 -3.35970574 -3.35978155 -3.35982394 -3.35984303 -3.35983753
-3.36019935 -3.36008461 -3.35992162 -3.35972731 -3.35952384 -3.35934660 -3.35920696 -3.35908634 -3.35901575 -3.35897452 -3.35895863 -3.35895710 -3.35896019 -3.35894678 -3.35894225 -3.35892953 -3.35893394 -3.35894350 -3.35895790 -3.35900412 -3.35907987 -3.35918832 -3.35932978 -3.35948140 -3.35965083 -3.35980860 -3.35995330 -3.36008003 -3.36018297 -3.36024306 -3.36026678 -3.36025937
-3.36045057 -3.36033186 -3.36017201 -3.35997523 -3.35976978 -3.35959227 -3.35944734 -3.35934599 -3.35928155 -3.35925847 -3.35925891 -3.35926612 -3.35928448 -3.35927790 -3.35926180 -3.35925114 -3.35922967 -3.35921907 -3.35921104 -3.35923131 -3.35928129 -3.35936629 -3.35949499 -3.35963958 -3.35981710 -3.35999231 -3.36015978 -3.36030273 -3.36042161 -3.36050590 -3.36053723 -3.36051804
-3.36059848 -3.36048450 -3.36033002 -3.36015459 -3.35997103 -3.35980512 -3.35968091 -3.35958593 -3.35954609 -3.35953886 -3.35955555 -3.35958071 -3.35961076 -3.35961068 -3.35959071 -3.35954839 -3.35950493 -3.35944938 -3.35940390 -3.35938542 -3.35940091 -3.35945776 -3.35955953 -3.35970540 -3.35989171 -3.36007202 -3.36024878 -3.36040054 -3.36052521 -3.36062292 -3.36066024 -3.36065436
-3.36065395 -3.36056892 -3.36044214 -3.36029513 -3.36014845 -3.36000724 -3.35990695 -3.35984373 -3.35982298 -3.35983960 -3.35987434 -3.35991391 -3.35993816 -3.35994459 -3.35991512 -3.35984541 -3.35975198 -3.35966114 -3.35956154 -3.35949132 -3.35946794 -3.35948414 -3.35956053 -3.35969623 -3.35986046 -3.36003823 -3.36022180 -3.36038859 -3.36052605 -3.36062815 -3.36068989 -3.36070273
