32 32 0 1
-3.36006730 -3.36005873 -3.36002792 -3.35999946 -3.35997157 -3.35995116 -3.35993947 -3.35995568 -3.35999190 -3.36003613 -3.36008525 -3.36012353 -3.36012025 -3.36008601 -3.36001166 -3.35987901 -3.35971416 -3.35953702 -3.35936500 -3.35922058 -3.35912258 -3.35907537 -3.35908459 -3.35914982 -3.35925508 -3.35940218 -3.35955478 -3.35969244 -3.35982013 -3.35992562 -3.36000299 -3.36005283
-3.36010523 -3.36013470 -3.36015930 -3.36016466 -3.36016503 -3.36016620 -3.36017446 -3.36021958 -3.36026331 -3.36033012 -3.36038323 -3.36042639 -3.36043937 -3.36039320 -3.36029639 -3.36013729 -3.35993548 -3.35970727 -3.35947969 -3.35928522 -3.35915069 -3.35905166 -3.35903077 -3.35905636 -3.35914802 -3.35926937 -3.35941997 -3.35957403 -3.35971857 -3.35985339 -3.35995585 -3.36004425
-3.36012899 -3.36020863 -3.36026899 -3.36031802 -3.36035633 -3.36037704 -3.36040669 -3.36045012 -3.36051054 -3.36058642 -3.36064956 -3.36069128 -3.36069412 -3.36064170 -3.36052856 -3.36033831 -3.36010853 -3.35984981 -3.35958441 -3.35934914 -3.35916159 -3.35903313 -3.35896479 -3.35897314 -3.35901593 -3.35913151 -3.35927043 -3.35943906 -3.35960203 -3.35976337 -3.35990000 -3.36002573
-3.36012559 -3.36024028 -3.36034062 -3.36043371 -3.36049791 -3.36053905 -3.36059000 -3.36065463 -3.36071032 -3.36078287 -3.36085024 -3.36088365 -3.36087480 -3.36080360 -3.36066722 -3.36046169 -3.36021544 -3.35993120 -3.35964731 -3.35937743 -3.35915590 -3.35899179 -3.35889213 -3.35886801 -3.35889076 -3.35898427 -3.35912152 -3.35928250 -3.35946977 -3.35964541 -3.35981622 -3.35997977
-3.36005391 -3.36020588 -3.36033735 -3.36045652 -3.36055269 -3.36063050 -3.36069342 -3.36076598 -3.36083095 -3.36090285 -3.36094995 -3.36097494 -3.36095988 -3.36086838 -3.36071575 -3.36050072 -3.36023927 -3.35994002 -3.35963982 -3.35935905 -3.35911423 -3.35892505 -3.35879920 -3.35873950 -3.35875053 -3.35881430 -3.35893716 -3.35910634 -3.35929701 -3.35949481 -3.35968829 -3.35988190
-3.35990747 -3.36008423 -3.36024255 -3.36039720 -3.36052010 -3.36061253 -3.36069831 -3.36077179 -3.36084611 -3.36090985 -3.36095224 -3.36095799 -3.36092728 -3.36083826 -3.36066580 -3.36044889 -3.36017138 -3.35987034 -3.35956515 -3.35927051 -3.35901199 -3.35881260 -3.35866263 -3.35857672 -3.35856670 -3.35861321 -3.35872791 -3.35889125 -3.35908519 -3.35929428 -3.35951013 -3.35971883
-3.35965774 -3.35986016 -3.36005111 -3.36021842 -3.36035889 -3.36048399 -3.36059581 -3.36067182 -3.36075076 -3.36081256 -3.36083874 -3.36084335 -3.36078835 -3.36069285 -3.36051712 -3.36028778 -3.36001257 -3.35970986 -3.35940568 -3.35911419 -3.35885051 -3.35863898 -3.35847226 -3.35836505 -3.35832731 -3.35837087 -3.35847217 -3.35862721 -3.35881447 -3.35902364 -3.35923560 -3.35944564
-3.35928090 -3.35949847 -3.35972059 -3.35991701 -3.36007561 -3.36022533 -3.36035181 -3.36045397 -3.36053403 -3.36058377 -3.36060912 -3.36060262 -3.36053324 -3.36042279 -3.36025026 -3.36001756 -3.35974732 -3.35944984 -3.35915412 -3.35885790 -3.35859913 -3.35837729 -3.35820132 -3.35807782 -3.35803569 -3.35806235 -3.35814834 -3.35828105 -3.35847043 -3.35866528 -3.35886242 -3.35906077
-3.35879110 -3.35901735 -3.35924925 -3.35946565 -3.35965586 -3.35983172 -3.35997620 -3.36008372 -3.36016845 -3.36022254 -3.36024645 -3.36023022 -3.36015708 -3.36003382 -3.35985211 -3.35962540 -3.35936191 -3.35908167 -3.35878581 -3.35849749 -3.35824562 -3.35802581 -3.35784127 -3.35772194 -3.35766474 -3.35767837 -3.35775083 -3.35787606 -3.35803390 -3.35820096 -3.35838766 -3.35858111
-3.35820260 -3.35841730 -3.35865133 -3.35888430 -3.35909057 -3.35929087 -3.35945109 -3.35957142 -3.35966039 -3.35971364 -3.35972991 -3.35971449 -3.35964563 -3.35951743 -3.35933896 -3.35910748 -3.35885616 -3.35858308 -3.35830856 -3.35803582 -3.35777706 -3.35755851 -3.35738091 -3.35726810 -3.35721039 -3.35722384 -3.35728835 -3.35739101 -3.35751639 -3.35766320 -3.35782484 -3.35800606
-3.35750256 -3.35770282 -3.35793358 -3.35817639 -3.35839038 -3.35859495 -3.35875929 -3.35889571 -3.35899662 -3.35904879 -3.35907291 -3.35904833 -3.35897861 -3.35885176 -3.35868271 -3.35846006 -3.35822056 -3.35795923 -3.35769967 -3.35744402 -3.35720306 -3.35700333 -3.35684042 -3.35672963 -3.35668717 -3.35668952 -3.35674441 -3.35682586 -3.35693010 -3.35704469 -3.35717335 -3.35732605
-3.35672669 -3.35690671 -3.35712163 -3.35734542 -3.35756744 -3.35777086 -3.35793419 -3.35807624 -3.35817258 -3.35823352 -3.35826186 -3.35824357 -3.35817525 -3.35805568 -3.35789278 -3.35768175 -3.35745359 -3.35721243 -3.35697248 -3.35673250 -3.35652603 -3.35634377 -3.35620862 -3.35612283 -3.35608565 -3.35609005 -3.35613415 -3.35620269 -3.35627888 -3.35636206 -3.35645587 -3.35657678
-3.35589354 -3.35604253 -3.35623027 -3.35644121 -3.35664591 -3.35683704 -3.35700757 -3.35714139 -3.35723943 -3.35731061 -3.35733513 -3.35731381 -3.35725451 -3.35714820 -3.35699185 -3.35680606 -3.35660123 -3.35638221 -3.35615639 -3.35595183 -3.35577465 -3.35563051 -3.35552205 -3.35545687 -3.35544021 -3.35545212 -3.35549316 -3.35553471 -3.35558318 -3.35564204 -3.35570392 -3.35578106
-3.35504994 -3.35516695 -3.35531989 -3.35549467 -3.35569339 -3.35587746 -3.35602811 -3.35615890 -3.35626815 -3.35634440 -3.35636706 -3.35634420 -3.35627668 -3.35618203 -3.35604195 -3.35587487 -3.35569538 -3.35550234 -3.35530924 -3.35514338 -3.35499992 -3.35489068 -3.35481495 -3.35478240 -3.35479061 -3.35480866 -3.35484073 -3.35487021 -3.35490077 -3.35492367 -3.35494320 -3.35498716
-3.35428026 -3.35435003 -3.35447616 -3.35462761 -3.35479382 -3.35496402 -3.35511277 -3.35523641 -3.35533609 -3.35540252 -3.35542948 -3.35541295 -3.35536091 -3.35526490 -3.35514189 -3.35499150 -3.35482909 -3.35467087 -3.35451059 -3.35437935 -3.35426899 -3.35420569 -3.35417010 -3.35416470 -3.35418513 -3.35421485 -3.35424844 -3.35426756 -3.35426511 -3.35425217 -3.35424419 -3.35424844
-3.35362983 -3.35367510 -3.35377255 -3.35390013 -3.35405142 -3.35421358 -3.35435794 -3.35446916 -3.35456256 -3.35461969 -3.35463595 -3.35462622 -3.35457620 -3.35448881 -3.35437942 -3.35424671 -3.35410283 -3.35397146 -3.35384474 -3.35373768 -3.35366385 -3.35363039 -3.35363078 -3.35366216 -3.35369846 -3.35374480 -3.35377805 -3.35376479 -3.35374041 -3.35369591 -3.35364771 -3.35362795
-3.35320133 -3.35322672 -3.35330675 -3.35342316 -3.35356044 -3.35371021 -3.35384841 -3.35396041 -3.35403848 -3.35408416 -3.35410231 -3.35407621 -3.35401548 -3.35393592 -3.35383155 -3.35371634 -3.35358857 -3.35348789 -3.35338120 -3.35330602 -3.35325806 -3.35325480 -3.35329134 -3.35334448 -3.35339974 -3.35344276 -3.35346703 -3.35344336 -3.35340118 -3.35331885 -3.35325837 -3.35321018
-3.35303694 -3.35307453 -3.35315048 -3.35326237 -3.35338867 -3.35352676 -3.35365629 -3.35376169 -3.35383720 -3.35386606 -3.35386089 -3.35382879 -3.35377094 -3.35367811 -3.35358745 -3.35347324 -3.35336509 -3.35325909 -3.35318145 -3.35313063 -3.35311746 -3.35314134 -3.35319040 -3.35326319 -3.35333086 -3.35337438 -3.35338379 -3.35334669 -3.35327464 -3.35319095 -3.35311118 -3.35305341
-3.35318972 -3.35322925 -3.35330426 -3.35341919 -3.35355803 -3.35368699 -3.35380896 -3.35390499 -3.35395917 -3.35397033 -3.35394441 -3.35389085 -3.35381721 -3.35372697 -3.35363297 -3.35353410 -3.35343742 -3.35334725 -3.35328028 -3.35324597 -3.35325031 -3.35329434 -3.35336831 -3.35344960 -3.35351537 -3.35355778 -3.35354429 -3.35349297 -3.35340960 -3.35332610 -3.35324436 -3.35319391
-3.35362771 -3.35368165 -3.35376636 -3.35389059 -3.35402868 -3.35415067 -3.35426287 -3.35433895 -3.35437253 -3.35436683 -3.35431954 -3.35424463 -3.35415842 -3.35405594 -3.35397330 -3.35387357 -3.35377690 -3.35370139 -3.35364319 -3.35361687 -3.35363904 -3.35370050 -3.35378429 -3.35387177 -3.35394464 -3.35397870 -3.35395136 -3.35388543 -3.35380642 -3.35372645 -3.35364785 -3.35361995
-3.35430125 -3.35437615 -3.35447711 -3.35459513 -3.35473265 -3.35484153 -3.35493236 -3.35498759 -3.35499440 -3.35497262 -3.35489626 -3.35481280 -3.35471868 -3.35460887 -3.35451235 -3.35440814 -3.35432054 -3.35426177 -3.35421738 -3.35419844 -3.35422968 -3.35430847 -3.35440345 -3.35449694 -3.35456959 -3.35460192 -3.35457431 -3.35449626 -3.35440796 -3.35434229 -3.35428548 -3.35427570
-3.35513814 -3.35522909 -3.35533209 -3.35543381 -3.35556211 -3.35565449 -3.35571362 -3.35574941 -3.35573613 -3.35568661 -3.35560357 -3.35550831 -3.35539943 -3.35529065 -3.35518239 -3.35508006 -3.35500440 -3.35494573 -3.35491019 -3.35490339 -3.35495148 -3.35503957 -3.35514897 -3.35525417 -3.35531592 -3.35534252 -3.35532133 -3.35525170 -3.35517586 -3.35511338 -3.35508058 -3.35508769
-3.35604472 -3.35612989 -3.35622226 -3.35632832 -3.35641049 -3.35648259 -3.35651866 -3.35652511 -3.35649799 -3.35643210 -3.35633936 -3.35622942 -3.35610782 -3.35599070 -3.35589236 -3.35579652 -3.35572407 -3.35566770 -3.35564490 -3.35565978 -3.35572337 -3.35582170 -3.35594145 -3.35605258 -3.35611581 -3.35615556 -3.35613406 -3.35609047 -3.35602902 -3.35597199 -3.35595602 -3.35598230
-3.35693673 -3.35701443 -3.35709050 -3.35715579 -3.35720729 -3.35723589 -3.35725030 -3.35723600 -3.35718639 -3.35711590 -3.35701393 -3.35689837 -3.35677000 -3.35666288 -3.35656117 -3.35647371 -3.35640117 -3.35636117 -3.35635854 -3.35639566 -3.35646807 -3.35658338 -3.35670346 -3.35681704 -3.35690578 -3.35695016 -3.35695291 -3.35690833 -3.35686495 -3.35684433 -3.35684348 -3.35687135
-3.35775088 -3.35779841 -3.35784706 -3.35787147 -3.35788748 -3.35788286 -3.35786396 -3.35782500 -3.35776277 -3.35768497 -3.35758336 -3.35746761 -3.35735003 -3.35724548 -3.35715094 -3.35706869 -3.35701085 -3.35698420 -3.35699599 -3.35703885 -3.35713215 -3.35725601 -3.35738551 -3.35751309 -3.35762160 -3.35767710 -3.35769322 -3.35767608 -3.35766281 -3.35764878 -3.35766427 -3.35770035
-3.35842887 -3.35845262 -3.35846143 -3.35844413 -3.35842252 -3.35838216 -3.35833190 -3.35826988 -3.35820481 -3.35813032 -3.35802550 -3.35792521 -3.35782293 -3.35772139 -3.35763439 -3.35757023 -3.35752140 -3.35752436 -3.35753408 -3.35759431 -3.35769209 -3.35781784 -3.35795979 -3.35809517 -3.35821102 -3.35829576 -3.35833377 -3.35835002 -3.35835463 -3.35835319 -3.35837462 -3.35840312
-3.35897399 -3.35896208 -3.35892024 -3.35887403 -3.35881100 -3.35874199 -3.35867808 -3.35859912 -3.35853370 -3.35846357 -3.35837400 -3.35828878 -3.35820387 -3.35812407 -3.35803686 -3.35797789 -3.35795564 -3.35794220 -3.35798794 -3.35804674 -3.35814387 -3.35826969 -3.35841159 -3.35855758 -3.35867515 -3.35878463 -3.35885773 -3.35889646 -3.35892035 -3.35893465 -3.35895050 -3.35896277
-3.35937972 -3.35933298 -3.35926790 -3.35918077 -3.35909090 -3.35900089 -3.35892504 -3.35884941 -3.35878880 -3.35872757 -3.35866314 -3.35859955 -3.35853483 -3.35846442 -3.35839699 -3.35834069 -3.35831850 -3.35831022 -3.35834126 -3.35839462 -3.35848606 -3.35861501 -3.35874962 -3.35888801 -3.35902961 -3.35914630 -3.35924281 -3.35930721 -3.35934985 -3.35937731 -3.35939246 -3.35939599
-3.35965910 -3.35959675 -3.35950363 -3.35939966 -3.35928863 -3.35919422 -3.35912529 -3.35905601 -3.35900636 -3.35896229 -3.35891654 -3.35887487 -3.35883165 -3.35876821 -3.35871696 -3.35866681 -3.35864178 -3.35862730 -3.35862612 -3.35866961 -3.35874242 -3.35885012 -3.35897911 -3.35910890 -3.35925402 -3.35938231 -3.35949625 -3.35958457 -3.35965407 -3.35968331 -3.35969654 -3.35969345
-3.35982821 -3.35975696 -3.35966682 -3.35955937 -3.35945312 -3.35936798 -3.35929654 -3.35924313 -3.35921014 -3.35919293 -3.35917944 -3.35915658 -3.35913301 -3.35908477 -3.35902736 -3.35897741 -3.35892674 -3.35888470 -3.35885920 -3.35886768 -3.35890592 -3.35897976 -3.35909524 -3.35921636 -3.35936986 -3.35951196 -3.35963986 -3.35974423 -3.35982627 -3.35988001 -3.35988517 -3.35987081
-3.35994810 -3.35987828 -3.35978974 -3.35970005 -3.35961241 -3.35953851 -3.35948917 -3.35944709 -3.35943934 -3.35944490 -3.35945473 -3.35945699 -3.35945510 -3.35941749 -3.35935865 -3.35927984 -3.35920394 -3.35912522 -3.35905902 -3.35901763 -3.35901721 -3.35905528 -3.35913742 -3.35925224 -3.35940171 -3.35954388 -3.35968781 -3.35980171 -3.35989389 -3.35996216 -3.35998479 -3.35997985
-3.36001060 -3.35997251 -3.35991320 -3.35984648 -3.35978517 -3.35972589 -3.35969955 -3.35969065 -3.35970227 -3.35973290 -3.35976590 -3.35978598 -3.35978182 -3.35975639 -3.35969309 -3.35958966 -3.35946402 -3.35934458 -3.35922483 -3.35913547 -3.35909153 -3.35908356 -3.35912803 -3.35923127 -3.35935638 -3.35949383 -3.35964158 -3.35977546 -3.35988799 -3.35996874 -3.36001920 -3.36003669
