32 32 0 1
-3.36002171 -3.35990318 -3.35976279 -3.35963022 -3.35951942 -3.35943422 -3.35937371 -3.35935312 -3.35936264 -3.35938622 -3.35941754 -3.35944035 -3.35942506 -3.35938066 -3.35931016 -3.35919590 -3.35906623 -3.35894544 -3.35884448 -3.35878611 -3.35877819 -3.35883256 -3.35893951 -3.35909451 -3.35928715 -3.35950495 -3.35971445 -3.35988801 -3.36002857 -3.36011566 -3.36013736 -3.36010831
-3.35992200 -3.35984198 -3.35976293 -3.35967478 -3.35960930 -3.35955155 -3.35952131 -3.35953552 -3.35955675 -3.35960801 -3.35965000 -3.35968709 -3.35969337 -3.35965101 -3.35956788 -3.35943386 -3.35927128 -3.35910023 -3.35894640 -3.35883913 -3.35879942 -3.35880285 -3.35887719 -3.35899468 -3.35916411 -3.35934855 -3.35953629 -3.35970701 -3.35983981 -3.35993484 -3.35996879 -3.35996583
-3.35982318 -3.35979760 -3.35975826 -3.35973102 -3.35970668 -3.35967989 -3.35967658 -3.35969451 -3.35973991 -3.35980458 -3.35986610 -3.35991130 -3.35992747 -3.35988748 -3.35979835 -3.35963891 -3.35945660 -3.35925787 -3.35906795 -3.35891534 -3.35882174 -3.35879072 -3.35881780 -3.35890794 -3.35902906 -3.35919498 -3.35935530 -3.35952311 -3.35964556 -3.35974883 -3.35980060 -3.35982617
-3.35973117 -3.35974466 -3.35975451 -3.35977211 -3.35978210 -3.35978743 -3.35980882 -3.35985074 -3.35989624 -3.35996655 -3.36004125 -3.36008919 -3.36010372 -3.36006312 -3.35996359 -3.35980351 -3.35960785 -3.35937743 -3.35916560 -3.35897963 -3.35884549 -3.35877204 -3.35876588 -3.35881919 -3.35890668 -3.35904180 -3.35918879 -3.35932839 -3.35946535 -3.35956677 -3.35964399 -3.35969880
-3.35963623 -3.35968917 -3.35973851 -3.35978462 -3.35982950 -3.35987407 -3.35990632 -3.35995651 -3.36001056 -3.36008604 -3.36014449 -3.36019837 -3.36021885 -3.36017546 -3.36007809 -3.35991717 -3.35971141 -3.35946992 -3.35923795 -3.35903008 -3.35886415 -3.35876306 -3.35871854 -3.35872842 -3.35879623 -3.35889070 -3.35901657 -3.35915001 -3.35928200 -3.35939281 -3.35948834 -3.35956820
-3.35954237 -3.35962977 -3.35970764 -3.35979191 -3.35986722 -3.35991496 -3.35996902 -3.36001800 -3.36008171 -3.36014475 -3.36020893 -3.36024887 -3.36026815 -3.36023960 -3.36013363 -3.35997878 -3.35976982 -3.35952945 -3.35928438 -3.35905692 -3.35886986 -3.35874406 -3.35866620 -3.35865151 -3.35868134 -3.35875068 -3.35886112 -3.35898608 -3.35910982 -3.35923520 -3.35935226 -3.35945299
-3.35944060 -3.35955059 -3.35966532 -3.35977181 -3.35985620 -3.35993449 -3.36000749 -3.36005582 -3.36012265 -3.36018173 -3.36023303 -3.36027530 -3.36027625 -3.36024824 -3.36014717 -3.35999044 -3.35978470 -3.35953672 -3.35929040 -3.35905131 -3.35885512 -3.35871277 -3.35861279 -3.35856259 -3.35856823 -3.35863136 -3.35871987 -3.35883423 -3.35896139 -3.35908681 -3.35920569 -3.35932183
-3.35930774 -3.35945051 -3.35959906 -3.35972491 -3.35981974 -3.35992356 -3.36000378 -3.36006683 -3.36012879 -3.36018119 -3.36022819 -3.36025812 -3.36025093 -3.36021456 -3.36012334 -3.35996036 -3.35975361 -3.35951725 -3.35927492 -3.35903032 -3.35882280 -3.35866392 -3.35854764 -3.35847829 -3.35847127 -3.35850940 -3.35858662 -3.35869209 -3.35882403 -3.35894238 -3.35905579 -3.35917107
-3.35918220 -3.35934063 -3.35950624 -3.35965403 -3.35978088 -3.35989298 -3.35998519 -3.36005439 -3.36011368 -3.36016142 -3.36020317 -3.36022798 -3.36021652 -3.36016204 -3.36005664 -3.35989670 -3.35969254 -3.35946887 -3.35922276 -3.35898522 -3.35877656 -3.35861597 -3.35848244 -3.35841407 -3.35838962 -3.35841127 -3.35847909 -3.35857778 -3.35868702 -3.35879496 -3.35891238 -3.35903759
-3.35908037 -3.35924690 -3.35941403 -3.35957960 -3.35971906 -3.35984722 -3.35994843 -3.36002608 -3.36008600 -3.36013289 -3.36016742 -3.36018962 -3.36017042 -3.36010184 -3.35998817 -3.35981698 -3.35962244 -3.35939497 -3.35916250 -3.35893415 -3.35872339 -3.35855926 -3.35843033 -3.35835739 -3.35832928 -3.35835222 -3.35840679 -3.35848252 -3.35857692 -3.35868124 -3.35879229 -3.35892604
-3.35897907 -3.35915022 -3.35933324 -3.35951135 -3.35965292 -3.35978735 -3.35988674 -3.35996741 -3.36004044 -3.36008336 -3.36012205 -3.36013180 -3.36010321 -3.36002381 -3.35990260 -3.35972824 -3.35953702 -3.35931368 -3.35909091 -3.35887654 -3.35867729 -3.35852714 -3.35840833 -3.35833267 -3.35831394 -3.35832028 -3.35836371 -3.35842349 -3.35850772 -3.35859505 -3.35869658 -3.35882896
-3.35891706 -3.35908726 -3.35927050 -3.35943976 -3.35959267 -3.35971493 -3.35980848 -3.35989196 -3.35995433 -3.36000763 -3.36004327 -3.36005209 -3.36001880 -3.35993066 -3.35980214 -3.35962352 -3.35942741 -3.35921615 -3.35900329 -3.35880332 -3.35863251 -3.35849708 -3.35840107 -3.35834399 -3.35832422 -3.35833284 -3.35836598 -3.35841373 -3.35847407 -3.35855034 -3.35864281 -3.35876686
-3.35888634 -3.35904619 -3.35922017 -3.35938258 -3.35952372 -3.35962962 -3.35971503 -3.35978867 -3.35984543 -3.35990061 -3.35993316 -3.35993131 -3.35989840 -3.35980976 -3.35967463 -3.35950159 -3.35931286 -3.35911575 -3.35891371 -3.35873871 -3.35859523 -3.35848924 -3.35842040 -3.35838361 -3.35838015 -3.35838943 -3.35841843 -3.35844485 -3.35848795 -3.35855277 -3.35863414 -3.35874417
-3.35887668 -3.35902662 -3.35918239 -3.35932368 -3.35945458 -3.35954603 -3.35960695 -3.35966995 -3.35972869 -3.35977797 -3.35980370 -3.35979138 -3.35973600 -3.35965593 -3.35951980 -3.35935766 -3.35917585 -3.35899161 -3.35881841 -3.35867580 -3.35856534 -3.35849776 -3.35845552 -3.35845152 -3.35847146 -3.35848452 -3.35850598 -3.35852489 -3.35855224 -3.35859664 -3.35865914 -3.35876042
-3.35890197 -3.35902091 -3.35916825 -3.35929226 -3.35938991 -3.35946659 -3.35951599 -3.35954895 -3.35959135 -3.35962664 -3.35964393 -3.35963127 -3.35957873 -3.35948694 -3.35935567 -3.35919516 -3.35902344 -3.35886855 -3.35871798 -3.35861565 -3.35854323 -3.35851322 -3.35851502 -3.35853856 -3.35857526 -3.35860754 -3.35863366 -3.35864690 -3.35864922 -3.35866990 -3.35871911 -3.35880037
-3.35892896 -3.35903867 -3.35916409 -3.35927005 -3.35935260 -3.35941076 -3.35943902 -3.35944506 -3.35946512 -3.35947905 -3.35947987 -3.35946310 -3.35940470 -3.35931098 -3.35918807 -3.35903575 -3.35887885 -3.35874346 -3.35862714 -3.35854798 -3.35851448 -3.35852103 -3.35856102 -3.35862726 -3.35869514 -3.35874521 -3.35877538 -3.35877036 -3.35876015 -3.35875851 -3.35878010 -3.35884490
-3.35898605 -3.35908058 -3.35919277 -3.35928365 -3.35934948 -3.35938159 -3.35939044 -3.35938004 -3.35936732 -3.35935771 -3.35934161 -3.35930218 -3.35923007 -3.35914466 -3.35901947 -3.35888166 -3.35874117 -3.35862924 -3.35853567 -3.35848321 -3.35848271 -3.35852339 -3.35861191 -3.35871651 -3.35881262 -3.35887642 -3.35891452 -3.35891022 -3.35889262 -3.35885759 -3.35886871 -3.35891105
-3.35905216 -3.35915412 -3.35925312 -3.35932924 -3.35937526 -3.35939206 -3.35937900 -3.35934752 -3.35931566 -3.35927463 -3.35922874 -3.35917374 -3.35910319 -3.35899936 -3.35888534 -3.35875066 -3.35863205 -3.35851790 -3.35845516 -3.35843201 -3.35846006 -3.35854042 -3.35865409 -3.35879166 -3.35891854 -3.35900146 -3.35904686 -3.35904497 -3.35900931 -3.35897223 -3.35896399 -3.35899193
-3.35915795 -3.35924666 -3.35933063 -3.35939961 -3.35943798 -3.35943919 -3.35940889 -3.35936214 -3.35929986 -3.35923151 -3.35915749 -3.35907583 -3.35898585 -3.35888402 -3.35877061 -3.35864880 -3.35854521 -3.35845007 -3.35839900 -3.35839685 -3.35844706 -3.35855612 -3.35870248 -3.35886445 -3.35900463 -3.35910419 -3.35915461 -3.35915195 -3.35911580 -3.35908502 -3.35907093 -3.35909959
-3.35927736 -3.35935489 -3.35943126 -3.35948851 -3.35952235 -3.35950889 -3.35946533 -3.35939882 -3.35930946 -3.35922226 -3.35912559 -3.35902341 -3.35891796 -3.35880086 -3.35869834 -3.35858218 -3.35848101 -3.35840617 -3.35836318 -3.35837011 -3.35844857 -3.35857365 -3.35873839 -3.35891635 -3.35908126 -3.35919705 -3.35924981 -3.35924938 -3.35923294 -3.35920742 -3.35919131 -3.35922341
-3.35940087 -3.35947493 -3.35954294 -3.35958761 -3.35961104 -3.35958602 -3.35952389 -3.35944107 -3.35933215 -3.35922817 -3.35910378 -3.35898899 -3.35888259 -3.35875823 -3.35864565 -3.35853195 -3.35844162 -3.35838401 -3.35835828 -3.35837429 -3.35845945 -3.35860153 -3.35878206 -3.35896726 -3.35914437 -3.35927953 -3.35934411 -3.35935433 -3.35933834 -3.35932501 -3.35932237 -3.35934911
-3.35953777 -3.35960185 -3.35965294 -3.35967558 -3.35968514 -3.35964568 -3.35956959 -3.35947581 -3.35935587 -3.35923146 -3.35910299 -3.35898049 -3.35885889 -3.35873209 -3.35861899 -3.35850765 -3.35843255 -3.35838020 -3.35836819 -3.35839263 -3.35848691 -3.35864028 -3.35882924 -3.35903123 -3.35919916 -3.35933704 -3.35942589 -3.35945474 -3.35945464 -3.35944836 -3.35945631 -3.35948405
-3.35967359 -3.35971759 -3.35974414 -3.35975361 -3.35972437 -3.35966648 -3.35958500 -3.35948125 -3.35936160 -3.35923032 -3.35909723 -3.35896490 -3.35882997 -3.35870138 -3.35859541 -3.35849811 -3.35843003 -3.35838426 -3.35838977 -3.35843075 -3.35853598 -3.35869436 -3.35889208 -3.35908202 -3.35925864 -3.35941197 -3.35951177 -3.35956777 -3.35958654 -3.35958482 -3.35959638 -3.35963048
-3.35981473 -3.35983214 -3.35982220 -3.35978983 -3.35973396 -3.35964329 -3.35954739 -3.35944423 -3.35932296 -3.35919835 -3.35906444 -3.35893141 -3.35879408 -3.35867753 -3.35856882 -3.35848609 -3.35841925 -3.35839665 -3.35841999 -3.35847848 -3.35859486 -3.35875945 -3.35894134 -3.35913943 -3.35932721 -3.35948050 -3.35960185 -3.35966498 -3.35970628 -3.35973881 -3.35976318 -3.35978147
-3.35995202 -3.35992539 -3.35987514 -3.35979223 -3.35970329 -3.35959283 -3.35948012 -3.35936774 -3.35925152 -3.35913236 -3.35900880 -3.35887364 -3.35874552 -3.35863917 -3.35854095 -3.35846319 -3.35841892 -3.35840933 -3.35844516 -3.35852034 -3.35865047 -3.35881551 -3.35900170 -3.35920233 -3.35939346 -3.35956344 -3.35968957 -3.35978722 -3.35985586 -3.35989915 -3.35993111 -3.35995261
-3.36006609 -3.36000452 -3.35990175 -3.35977557 -3.35964402 -3.35950819 -3.35937381 -3.35924872 -3.35914137 -3.35903860 -3.35891532 -3.35879830 -3.35868676 -3.35858361 -3.35850126 -3.35844426 -3.35840759 -3.35843562 -3.35847763 -3.35856811 -3.35870408 -3.35886466 -3.35905597 -3.35925649 -3.35945503 -3.35964263 -3.35978960 -3.35990975 -3.36000480 -3.36006117 -3.36009627 -3.36009952
-3.36016386 -3.36005124 -3.35990006 -3.35973651 -3.35956454 -3.35939833 -3.35926434 -3.35913383 -3.35902760 -3.35893213 -3.35882965 -3.35873383 -3.35863455 -3.35855285 -3.35847361 -3.35842282 -3.35841320 -3.35843432 -3.35851228 -3.35860771 -3.35874348 -3.35891175 -3.35909819 -3.35930595 -3.35950947 -3.35971406 -3.35988917 -3.36002991 -3.36014038 -3.36021310 -3.36024105 -3.36022036
-3.36022427 -3.36007334 -3.35988733 -3.35969226 -3.35949279 -3.35930742 -3.35916038 -3.35903417 -3.35893732 -3.35885632 -3.35877639 -3.35869640 -3.35862203 -3.35854325 -3.35847945 -3.35843467 -3.35843679 -3.35846365 -3.35853064 -3.35863143 -3.35876736 -3.35894321 -3.35913038 -3.35933608 -3.35955937 -3.35976769 -3.35996699 -3.36013062 -3.36025754 -3.36033289 -3.36035209 -3.36031862
-3.36025147 -3.36007802 -3.35986392 -3.35964356 -3.35942460 -3.35924275 -3.35909830 -3.35897999 -3.35889890 -3.35883956 -3.35877375 -3.35871727 -3.35865651 -3.35858334 -3.35853403 -3.35848956 -3.35848606 -3.35850638 -3.35856053 -3.35865494 -3.35878755 -3.35895180 -3.35914082 -3.35934602 -3.35957130 -3.35980067 -3.36000729 -3.36018984 -3.36033842 -3.36040805 -3.36042106 -3.36036950
-3.36023472 -3.36004721 -3.35983538 -3.35961171 -3.35939571 -3.35922054 -3.35907879 -3.35898413 -3.35891523 -3.35887652 -3.35884256 -3.35880011 -3.35875953 -3.35870021 -3.35863855 -3.35859948 -3.35856955 -3.35857572 -3.35860395 -3.35868051 -3.35878278 -3.35893799 -3.35912072 -3.35931864 -3.35955418 -3.35978702 -3.36000773 -3.36019813 -3.36034432 -3.36043396 -3.36042979 -3.36036287
-3.36018506 -3.36000801 -3.35980404 -3.35959624 -3.35940410 -3.35924515 -3.35913375 -3.35905184 -3.35901284 -3.35899023 -3.35897796 -3.35896037 -3.35893652 -3.35888510 -3.35881924 -3.35874853 -3.35870418 -3.35867544 -3.35867188 -3.35870900 -3.35878747 -3.35890825 -3.35907518 -3.35927057 -3.35950917 -3.35973775 -3.35996479 -3.36015098 -3.36029302 -3.36037992 -3.36037947 -3.36031027
-3.36010904 -3.35995644 -3.35978205 -3.35960692 -3.35945128 -3.35931439 -3.35923345 -3.35918152 -3.35916265 -3.35917056 -3.35917834 -3.35918179 -3.35915873 -3.35911789 -3.35905232 -3.35896390 -3.35886836 -3.35880273 -3.35875239 -3.35874235 -3.35878715 -3.35887247 -3.35901051 -3.35919665 -3.35940991 -3.35963451 -3.35985384 -3.36004447 -3.36019140 -3.36026990 -3.36028105 -3.36022883
