32 32 0 1
-3.36016705 -3.36008893 -3.35998675 -3.35989221 -3.35980762 -3.35973789 -3.35967892 -3.35964308 -3.35961596 -3.35959599 -3.35957459 -3.35954073 -3.35948192 -3.35941086 -3.35933231 -3.35922955 -3.35912748 -3.35903851 -3.35896506 -3.35892053 -3.35891313 -3.35894895 -3.35903276 -3.35916256 -3.35933117 -3.35952998 -3.35973172 -3.35990533 -3.36005700 -3.36016034 -3.36021204 -3.36021581
-3.36008279 -3.36004848 -3.36001538 -3.35996911 -3.35992760 -3.35988684 -3.35985010 -3.35984343 -3.35982502 -3.35982187 -3.35980539 -3.35978206 -3.35973936 -3.35966454 -3.35956948 -3.35944195 -3.35930391 -3.35916182 -3.35902959 -3.35893525 -3.35889454 -3.35888503 -3.35893845 -3.35903262 -3.35918007 -3.35935006 -3.35953524 -3.35971194 -3.35985858 -3.35997963 -3.36004907 -3.36008216
-3.36000221 -3.36002602 -3.36003782 -3.36005592 -3.36005661 -3.36004535 -3.36003452 -3.36002494 -3.36002256 -3.36002679 -3.36002008 -3.36000385 -3.35996132 -3.35988213 -3.35977588 -3.35962106 -3.35945539 -3.35928259 -3.35911110 -3.35896973 -3.35887945 -3.35883688 -3.35884830 -3.35892048 -3.35902624 -3.35918460 -3.35934440 -3.35952384 -3.35966642 -3.35979651 -3.35988470 -3.35995588
-3.35992338 -3.35999419 -3.36005397 -3.36011856 -3.36015945 -3.36017332 -3.36018676 -3.36019471 -3.36018815 -3.36019014 -3.36019297 -3.36017247 -3.36012780 -3.36004565 -3.35992515 -3.35976456 -3.35958041 -3.35936779 -3.35917445 -3.35899548 -3.35886729 -3.35879113 -3.35877333 -3.35881560 -3.35889505 -3.35902722 -3.35917751 -3.35932835 -3.35948824 -3.35962019 -3.35973332 -3.35983954
-3.35983258 -3.35994249 -3.36004631 -3.36013548 -3.36021178 -3.36026523 -3.36028684 -3.36030394 -3.36030186 -3.36031267 -3.36029590 -3.36027990 -3.36023540 -3.36014735 -3.36002464 -3.35985840 -3.35966025 -3.35943698 -3.35922289 -3.35902451 -3.35886658 -3.35876572 -3.35871363 -3.35872317 -3.35878485 -3.35888228 -3.35901369 -3.35915817 -3.35930955 -3.35944865 -3.35957877 -3.35970972
-3.35972761 -3.35986963 -3.35999959 -3.36012927 -3.36023308 -3.36029305 -3.36033370 -3.36035007 -3.36035851 -3.36035611 -3.36034882 -3.36031834 -3.36027756 -3.36020425 -3.36007302 -3.35991376 -3.35971238 -3.35949025 -3.35926219 -3.35905089 -3.35886935 -3.35874881 -3.35866962 -3.35865390 -3.35868856 -3.35876049 -3.35887576 -3.35900675 -3.35914343 -3.35929046 -3.35944165 -3.35958648
-3.35960975 -3.35976883 -3.35993107 -3.36007976 -3.36019045 -3.36027521 -3.36033615 -3.36035190 -3.36036598 -3.36036382 -3.36034740 -3.36032920 -3.36027570 -3.36020615 -3.36008898 -3.35992863 -3.35973180 -3.35950495 -3.35928092 -3.35906370 -3.35887587 -3.35874056 -3.35864491 -3.35859660 -3.35860476 -3.35866795 -3.35875612 -3.35887290 -3.35900644 -3.35914820 -3.35929153 -3.35944263
-3.35945605 -3.35964073 -3.35982639 -3.35998646 -3.36010341 -3.36020963 -3.36027606 -3.36030638 -3.36032039 -3.36031531 -3.36030234 -3.36028300 -3.36023061 -3.36016510 -3.36006387 -3.35990897 -3.35971868 -3.35950452 -3.35928934 -3.35907251 -3.35888461 -3.35873812 -3.35862479 -3.35855507 -3.35854448 -3.35858085 -3.35865340 -3.35875206 -3.35888450 -3.35900966 -3.35914234 -3.35928224
-3.35930712 -3.35949407 -3.35969094 -3.35986179 -3.36000224 -3.36010899 -3.36018222 -3.36022153 -3.36023594 -3.36023603 -3.36022642 -3.36021249 -3.36016994 -3.36010247 -3.35999951 -3.35985923 -3.35968368 -3.35948958 -3.35927853 -3.35907256 -3.35888997 -3.35874330 -3.35861395 -3.35854382 -3.35851147 -3.35852657 -3.35858055 -3.35866705 -3.35877055 -3.35887590 -3.35900143 -3.35914102
-3.35919615 -3.35937464 -3.35955573 -3.35973217 -3.35987227 -3.35998832 -3.36006512 -3.36010822 -3.36012885 -3.36013288 -3.36012785 -3.36012330 -3.36008741 -3.36002361 -3.35992821 -3.35979323 -3.35963800 -3.35945497 -3.35926718 -3.35907994 -3.35889829 -3.35874590 -3.35862162 -3.35854285 -3.35850382 -3.35851097 -3.35855161 -3.35861128 -3.35868849 -3.35878174 -3.35889295 -3.35902947
-3.35909408 -3.35926591 -3.35944144 -3.35961651 -3.35974258 -3.35985541 -3.35992228 -3.35996364 -3.35999852 -3.36000442 -3.36001520 -3.36001226 -3.35998227 -3.35992239 -3.35984066 -3.35971439 -3.35957824 -3.35941422 -3.35924525 -3.35907599 -3.35890918 -3.35877307 -3.35865882 -3.35857677 -3.35854050 -3.35852841 -3.35855338 -3.35859445 -3.35865652 -3.35873215 -3.35882347 -3.35894695
-3.35904500 -3.35919987 -3.35936388 -3.35950712 -3.35963168 -3.35971859 -3.35977403 -3.35981421 -3.35984080 -3.35986087 -3.35987709 -3.35988334 -3.35986929 -3.35981269 -3.35973641 -3.35962339 -3.35949763 -3.35935556 -3.35920641 -3.35905487 -3.35891884 -3.35880103 -3.35871281 -3.35864126 -3.35860135 -3.35859191 -3.35860237 -3.35862897 -3.35866647 -3.35872843 -3.35880121 -3.35891033
-3.35903275 -3.35916433 -3.35930514 -3.35942842 -3.35952435 -3.35958587 -3.35962356 -3.35965335 -3.35967481 -3.35970347 -3.35972209 -3.35973177 -3.35972463 -3.35968451 -3.35961151 -3.35951431 -3.35940919 -3.35928925 -3.35915455 -3.35903167 -3.35892646 -3.35884066 -3.35877524 -3.35872475 -3.35870372 -3.35869438 -3.35870311 -3.35870515 -3.35872426 -3.35876821 -3.35882895 -3.35891534
-3.35904891 -3.35916271 -3.35927124 -3.35936210 -3.35943986 -3.35947732 -3.35948584 -3.35950106 -3.35952434 -3.35955095 -3.35957186 -3.35957485 -3.35955687 -3.35953185 -3.35946719 -3.35938913 -3.35929471 -3.35919168 -3.35908798 -3.35900063 -3.35892850 -3.35887742 -3.35884121 -3.35882500 -3.35883129 -3.35882703 -3.35882612 -3.35882235 -3.35882684 -3.35885127 -3.35889271 -3.35896618
-3.35909872 -3.35917685 -3.35927096 -3.35933787 -3.35937395 -3.35939135 -3.35938627 -3.35937324 -3.35937918 -3.35939605 -3.35941500 -3.35942270 -3.35941245 -3.35938206 -3.35932653 -3.35924783 -3.35916294 -3.35908949 -3.35900860 -3.35896072 -3.35892124 -3.35891124 -3.35891630 -3.35893292 -3.35895814 -3.35897016 -3.35898006 -3.35897434 -3.35896140 -3.35895929 -3.35898400 -3.35903600
-3.35914593 -3.35921278 -3.35928485 -3.35933084 -3.35934850 -3.35934517 -3.35932336 -3.35928592 -3.35927520 -3.35927459 -3.35927773 -3.35928183 -3.35926719 -3.35923672 -3.35918616 -3.35911263 -3.35903893 -3.35897955 -3.35893076 -3.35889852 -3.35889682 -3.35892115 -3.35896606 -3.35902675 -3.35908327 -3.35911731 -3.35913312 -3.35911365 -3.35908827 -3.35906605 -3.35906480 -3.35910060
-3.35921337 -3.35926509 -3.35932664 -3.35936106 -3.35936389 -3.35934249 -3.35930197 -3.35925780 -3.35921536 -3.35919283 -3.35918436 -3.35916644 -3.35913536 -3.35910397 -3.35904583 -3.35898230 -3.35891439 -3.35887291 -3.35884140 -3.35883200 -3.35885663 -3.35891612 -3.35900663 -3.35910718 -3.35919071 -3.35923880 -3.35926214 -3.35924603 -3.35921475 -3.35916757 -3.35915738 -3.35917528
-3.35928048 -3.35934288 -3.35940057 -3.35942859 -3.35941923 -3.35938789 -3.35933065 -3.35926485 -3.35920924 -3.35916117 -3.35912069 -3.35908748 -3.35905097 -3.35899489 -3.35893963 -3.35886704 -3.35881086 -3.35875863 -3.35874693 -3.35876097 -3.35881656 -3.35891079 -3.35902805 -3.35915993 -3.35927193 -3.35934033 -3.35936898 -3.35935489 -3.35930954 -3.35926221 -3.35924040 -3.35924581
-3.35937033 -3.35943590 -3.35948634 -3.35951675 -3.35951264 -3.35947083 -3.35940561 -3.35933025 -3.35924990 -3.35917206 -3.35910274 -3.35903342 -3.35896678 -3.35890486 -3.35883983 -3.35876792 -3.35871898 -3.35867491 -3.35867078 -3.35869949 -3.35877420 -3.35889431 -3.35904102 -3.35919622 -3.35932629 -3.35941091 -3.35944209 -3.35942775 -3.35938455 -3.35934379 -3.35931655 -3.35932812
-3.35946719 -3.35953344 -3.35958949 -3.35962626 -3.35962476 -3.35957869 -3.35950741 -3.35941687 -3.35931110 -3.35921349 -3.35911327 -3.35901495 -3.35892159 -3.35883247 -3.35876592 -3.35869032 -3.35863193 -3.35860415 -3.35859940 -3.35863709 -3.35873796 -3.35887505 -3.35903996 -3.35921275 -3.35936404 -3.35946507 -3.35950053 -3.35948420 -3.35945934 -3.35942509 -3.35939959 -3.35942679
-3.35957606 -3.35964624 -3.35970701 -3.35973687 -3.35974205 -3.35969486 -3.35960980 -3.35950542 -3.35937694 -3.35925899 -3.35912198 -3.35900072 -3.35889557 -3.35878356 -3.35869518 -3.35861488 -3.35855857 -3.35853958 -3.35855286 -3.35859854 -3.35870875 -3.35886331 -3.35904777 -3.35922628 -3.35939044 -3.35950664 -3.35955411 -3.35954953 -3.35952241 -3.35950646 -3.35949895 -3.35952680
-3.35970126 -3.35977135 -3.35982218 -3.35984069 -3.35984025 -3.35978737 -3.35969376 -3.35957887 -3.35943417 -3.35928905 -3.35914157 -3.35900121 -3.35886927 -3.35874582 -3.35864192 -3.35855359 -3.35850553 -3.35849124 -3.35851317 -3.35857177 -3.35869159 -3.35886399 -3.35905714 -3.35925389 -3.35941154 -3.35953402 -3.35960664 -3.35961812 -3.35960961 -3.35960225 -3.35961103 -3.35964469
-3.35983607 -3.35988568 -3.35991877 -3.35993670 -3.35990218 -3.35983587 -3.35973895 -3.35961430 -3.35946531 -3.35930592 -3.35914717 -3.35898754 -3.35882915 -3.35869259 -3.35858706 -3.35850393 -3.35846249 -3.35844847 -3.35848897 -3.35856651 -3.35870522 -3.35888291 -3.35909144 -3.35927979 -3.35944601 -3.35958883 -3.35967232 -3.35971639 -3.35972643 -3.35972406 -3.35974099 -3.35978245
-3.35998298 -3.36001036 -3.36001623 -3.35998900 -3.35993643 -3.35983704 -3.35972527 -3.35960325 -3.35944976 -3.35928848 -3.35911806 -3.35895055 -3.35878480 -3.35864477 -3.35853576 -3.35846339 -3.35841631 -3.35842464 -3.35848404 -3.35858350 -3.35873437 -3.35892501 -3.35911936 -3.35932008 -3.35950348 -3.35964836 -3.35976007 -3.35981381 -3.35984723 -3.35987540 -3.35990740 -3.35993761
-3.36012900 -3.36011563 -3.36007918 -3.36000688 -3.35991996 -3.35980592 -3.35967924 -3.35954339 -3.35939482 -3.35923581 -3.35906695 -3.35889371 -3.35872946 -3.35859625 -3.35849139 -3.35842037 -3.35839720 -3.35841781 -3.35849308 -3.35860849 -3.35877135 -3.35896740 -3.35916892 -3.35937632 -3.35956600 -3.35972782 -3.35985128 -3.35994035 -3.36000244 -3.36004430 -3.36008336 -3.36011455
-3.36025050 -3.36020053 -3.36011371 -3.35999593 -3.35987217 -3.35973460 -3.35958989 -3.35944287 -3.35930088 -3.35915559 -3.35898629 -3.35882403 -3.35867425 -3.35854247 -3.35845151 -3.35839879 -3.35838388 -3.35844109 -3.35852404 -3.35865445 -3.35882364 -3.35901030 -3.35921938 -3.35942752 -3.35962571 -3.35980820 -3.35995227 -3.36006951 -3.36015868 -3.36021588 -3.36025599 -3.36027222
-3.36035087 -3.36025145 -3.36011143 -3.35995758 -3.35979619 -3.35963133 -3.35948961 -3.35933783 -3.35920069 -3.35906489 -3.35891705 -3.35877245 -3.35863589 -3.35852700 -3.35843894 -3.35839533 -3.35840615 -3.35845891 -3.35857093 -3.35870710 -3.35887543 -3.35906595 -3.35926675 -3.35947894 -3.35968047 -3.35987922 -3.36004936 -3.36018601 -3.36029835 -3.36037189 -3.36040384 -3.36039545
-3.36040619 -3.36026849 -3.36009575 -3.35991252 -3.35972549 -3.35954591 -3.35939216 -3.35924747 -3.35912347 -3.35900425 -3.35887930 -3.35875465 -3.35864535 -3.35854231 -3.35847059 -3.35843251 -3.35845705 -3.35851648 -3.35862007 -3.35875648 -3.35891937 -3.35910663 -3.35929975 -3.35950620 -3.35972330 -3.35992155 -3.36011705 -3.36027556 -3.36040335 -3.36048263 -3.36051299 -3.36048921
-3.36041897 -3.36026196 -3.36006460 -3.35986053 -3.35965352 -3.35947909 -3.35933801 -3.35920690 -3.35909833 -3.35900119 -3.35889556 -3.35879340 -3.35870249 -3.35860502 -3.35855055 -3.35851643 -3.35853802 -3.35859478 -3.35868183 -3.35880367 -3.35895269 -3.35912157 -3.35930843 -3.35950482 -3.35972001 -3.35993833 -3.36013692 -3.36031529 -3.36046521 -3.36054325 -3.36056434 -3.36052470
-3.36038446 -3.36021874 -3.36002630 -3.35982336 -3.35962570 -3.35946191 -3.35932712 -3.35921988 -3.35912955 -3.35905419 -3.35897799 -3.35889771 -3.35882066 -3.35874151 -3.35867816 -3.35864760 -3.35864832 -3.35868640 -3.35874890 -3.35884694 -3.35895941 -3.35910838 -3.35927929 -3.35946311 -3.35968034 -3.35989900 -3.36011097 -3.36029700 -3.36044401 -3.36053995 -3.36054931 -3.36049773
-3.36032436 -3.36017416 -3.35999471 -3.35981156 -3.35964534 -3.35950034 -3.35939790 -3.35930637 -3.35923932 -3.35918144 -3.35912584 -3.35906514 -3.35900717 -3.35893467 -3.35886666 -3.35880944 -3.35879161 -3.35879491 -3.35882616 -3.35888191 -3.35896279 -3.35907637 -3.35922313 -3.35939523 -3.35961008 -3.35982090 -3.36003457 -3.36021640 -3.36036510 -3.36046143 -3.36047573 -3.36042717
-3.36024713 -3.36012682 -3.35998615 -3.35983947 -3.35970892 -3.35959215 -3.35951301 -3.35945091 -3.35940241 -3.35937215 -3.35933045 -3.35928757 -3.35922828 -3.35916366 -3.35909443 -3.35901655 -3.35895230 -3.35891760 -3.35889480 -3.35890274 -3.35895029 -3.35901869 -3.35913218 -3.35929553 -3.35948216 -3.35968569 -3.35989571 -3.36008250 -3.36023448 -3.36032758 -3.36036048 -3.36033450
