32 32 0 1
-3.36053337 -3.36053705 -3.36050207 -3.36046596 -3.36041720 -3.36037071 -3.36033132 -3.36031743 -3.36032487 -3.36035040 -3.36038556 -3.36042060 -3.36042142 -3.36039429 -3.36033206 -3.36021464 -3.36006182 -3.35989666 -3.35972943 -3.35958527 -3.35948611 -3.35943590 -3.35943945 -3.35949788 -3.35960290 -3.35974692 -3.35990449 -3.36005387 -3.36020207 -3.36033231 -3.36043238 -3.36050336
-3.36051754 -3.36055784 -3.36058864 -3.36058771 -3.36057514 -3.36055536 -3.36054044 -3.36055881 -3.36057640 -3.36062427 -3.36066845 -3.36071303 -3.36073260 -3.36070334 -3.36062304 -3.36048023 -3.36029478 -3.36008398 -3.35986757 -3.35967635 -3.35954317 -3.35944036 -3.35941192 -3.35942269 -3.35950248 -3.35961165 -3.35975308 -3.35990603 -3.36005894 -3.36020800 -3.36032830 -3.36043966
-3.36048745 -3.36057897 -3.36064510 -3.36069406 -3.36072047 -3.36072187 -3.36072838 -3.36074640 -3.36078308 -3.36084494 -3.36090075 -3.36094726 -3.36096439 -3.36093323 -3.36084193 -3.36067416 -3.36046958 -3.36023329 -3.35998876 -3.35976666 -3.35958279 -3.35945378 -3.35937515 -3.35936442 -3.35938719 -3.35948172 -3.35959857 -3.35975506 -3.35991054 -3.36007692 -3.36022370 -3.36036640
-3.36043402 -3.36056085 -3.36066342 -3.36075244 -3.36080526 -3.36082586 -3.36085303 -3.36089016 -3.36092068 -3.36097867 -3.36104466 -3.36108753 -3.36109861 -3.36105292 -3.36095084 -3.36077919 -3.36056729 -3.36031478 -3.36006077 -3.35981244 -3.35960495 -3.35944290 -3.35933084 -3.35928456 -3.35928026 -3.35934451 -3.35944880 -3.35958628 -3.35975522 -3.35992623 -3.36010467 -3.36027844
-3.36032176 -3.36048634 -3.36061796 -3.36072694 -3.36080657 -3.36085674 -3.36088483 -3.36092737 -3.36096710 -3.36102471 -3.36106276 -3.36110011 -3.36110971 -3.36105671 -3.36094654 -3.36078006 -3.36056500 -3.36031252 -3.36005612 -3.35980731 -3.35958154 -3.35939909 -3.35925924 -3.35917927 -3.35915369 -3.35917974 -3.35926316 -3.35939528 -3.35956133 -3.35974683 -3.35994219 -3.36014012
-3.36014096 -3.36032162 -3.36048229 -3.36061661 -3.36071799 -3.36077760 -3.36081680 -3.36084640 -3.36088243 -3.36092692 -3.36096457 -3.36098514 -3.36098690 -3.36094220 -3.36082465 -3.36067229 -3.36045478 -3.36021325 -3.35995973 -3.35970996 -3.35948471 -3.35929305 -3.35913586 -3.35902390 -3.35897214 -3.35896944 -3.35903716 -3.35916101 -3.35932287 -3.35951953 -3.35973409 -3.35994211
-3.35985985 -3.36005740 -3.36023442 -3.36038376 -3.36048879 -3.36056415 -3.36062268 -3.36065052 -3.36068189 -3.36071288 -3.36073577 -3.36075579 -3.36074070 -3.36069735 -3.36058844 -3.36043280 -3.36023463 -3.36000419 -3.35976628 -3.35953069 -3.35930165 -3.35910938 -3.35893358 -3.35879883 -3.35871598 -3.35870809 -3.35875373 -3.35886564 -3.35902957 -3.35922322 -3.35942967 -3.35964236
-3.35944203 -3.35964745 -3.35985024 -3.36001352 -3.36012357 -3.36021708 -3.36027859 -3.36031764 -3.36034348 -3.36035739 -3.36037451 -3.36038381 -3.36035760 -3.36031038 -3.36021575 -3.36006366 -3.35988532 -3.35967590 -3.35945865 -3.35922939 -3.35901082 -3.35880756 -3.35862448 -3.35847221 -3.35838495 -3.35835659 -3.35839553 -3.35848835 -3.35864713 -3.35882379 -3.35901662 -3.35922351
-3.35888433 -3.35909996 -3.35930872 -3.35947897 -3.35961108 -3.35971535 -3.35977983 -3.35981815 -3.35984305 -3.35986013 -3.35987522 -3.35987564 -3.35985130 -3.35979518 -3.35969808 -3.35956725 -3.35940390 -3.35922174 -3.35900938 -3.35878995 -3.35858361 -3.35838614 -3.35819522 -3.35804922 -3.35794798 -3.35791190 -3.35793388 -3.35801662 -3.35814993 -3.35830140 -3.35848592 -3.35867721
-3.35821287 -3.35841948 -3.35862093 -3.35880143 -3.35894176 -3.35905774 -3.35912931 -3.35917337 -3.35920104 -3.35921494 -3.35922459 -3.35923082 -3.35920632 -3.35915288 -3.35906386 -3.35893694 -3.35879134 -3.35861844 -3.35842995 -3.35822618 -3.35802376 -3.35782687 -3.35764216 -3.35750011 -3.35740234 -3.35736805 -3.35738164 -3.35744351 -3.35754316 -3.35767848 -3.35783123 -3.35801479
-3.35740834 -3.35760665 -3.35780356 -3.35799039 -3.35812570 -3.35824315 -3.35831467 -3.35836079 -3.35840031 -3.35841945 -3.35843977 -3.35843753 -3.35842177 -3.35836786 -3.35828802 -3.35817342 -3.35803851 -3.35788150 -3.35771156 -3.35752539 -3.35733235 -3.35715336 -3.35698723 -3.35684779 -3.35676436 -3.35671350 -3.35672289 -3.35676442 -3.35684374 -3.35695289 -3.35707764 -3.35723058
-3.35652664 -3.35670473 -3.35689215 -3.35706029 -3.35719960 -3.35730514 -3.35737130 -3.35742044 -3.35745714 -3.35748440 -3.35751181 -3.35752248 -3.35751389 -3.35746763 -3.35739771 -3.35728430 -3.35716455 -3.35702213 -3.35686452 -3.35669613 -3.35652803 -3.35636810 -3.35622378 -3.35610391 -3.35602122 -3.35598376 -3.35597865 -3.35600865 -3.35606538 -3.35614007 -3.35623662 -3.35636445
-3.35559747 -3.35574963 -3.35591367 -3.35606731 -3.35618682 -3.35627227 -3.35634150 -3.35638344 -3.35641893 -3.35645814 -3.35648913 -3.35650822 -3.35650435 -3.35647567 -3.35641325 -3.35632098 -3.35621255 -3.35608838 -3.35593952 -3.35579743 -3.35565106 -3.35551733 -3.35539536 -3.35529436 -3.35524029 -3.35520234 -3.35519747 -3.35520842 -3.35523845 -3.35529742 -3.35536583 -3.35546433
-3.35468221 -3.35480627 -3.35493436 -3.35505670 -3.35516351 -3.35523410 -3.35527588 -3.35532021 -3.35536554 -3.35540958 -3.35544819 -3.35547237 -3.35546672 -3.35545365 -3.35540341 -3.35532773 -3.35523347 -3.35512312 -3.35500610 -3.35487913 -3.35476111 -3.35464983 -3.35455460 -3.35448904 -3.35445483 -3.35442617 -3.35442166 -3.35443032 -3.35444792 -3.35447509 -3.35451500 -3.35458522
-3.35386924 -3.35395332 -3.35406038 -3.35415164 -3.35422258 -3.35427497 -3.35430448 -3.35433450 -3.35437445 -3.35441661 -3.35447000 -3.35450656 -3.35452410 -3.35451135 -3.35447443 -3.35441156 -3.35432513 -3.35423643 -3.35413583 -3.35403108 -3.35393187 -3.35385642 -3.35379349 -3.35375445 -3.35373877 -3.35373107 -3.35374098 -3.35374469 -3.35374050 -3.35374353 -3.35376374 -3.35380231
-3.35322099 -3.35327792 -3.35335578 -3.35342060 -3.35346518 -3.35350410 -3.35352247 -3.35353514 -3.35356970 -3.35361076 -3.35365882 -3.35371195 -3.35374066 -3.35374222 -3.35371640 -3.35366626 -3.35359373 -3.35351627 -3.35342825 -3.35333426 -3.35325636 -3.35320212 -3.35316832 -3.35316769 -3.35317929 -3.35320256 -3.35322293 -3.35321213 -3.35319592 -3.35317658 -3.35316345 -3.35318408
-3.35283226 -3.35286385 -3.35291650 -3.35296241 -3.35298392 -3.35300630 -3.35300970 -3.35302327 -3.35304547 -3.35307978 -3.35314047 -3.35318376 -3.35320659 -3.35322491 -3.35320941 -3.35316965 -3.35310295 -3.35303881 -3.35295674 -3.35288156 -3.35281604 -3.35278390 -3.35278552 -3.35281164 -3.35285179 -3.35289117 -3.35291716 -3.35291364 -3.35289378 -3.35284061 -3.35281802 -3.35281401
-3.35273791 -3.35276806 -3.35280504 -3.35283689 -3.35284143 -3.35284730 -3.35284258 -3.35284856 -3.35287185 -3.35289763 -3.35293916 -3.35298115 -3.35301788 -3.35302421 -3.35302249 -3.35298104 -3.35292755 -3.35284999 -3.35278162 -3.35271923 -3.35267525 -3.35266643 -3.35268249 -3.35273480 -3.35279938 -3.35285788 -3.35289412 -3.35289210 -3.35285249 -3.35280220 -3.35275968 -3.35273722
-3.35297890 -3.35299575 -3.35301522 -3.35304645 -3.35305401 -3.35305250 -3.35304345 -3.35304200 -3.35305046 -3.35306227 -3.35308704 -3.35311379 -3.35313969 -3.35314902 -3.35314600 -3.35311330 -3.35306893 -3.35299983 -3.35293485 -3.35287572 -3.35284467 -3.35285204 -3.35289596 -3.35296394 -3.35304393 -3.35311665 -3.35315225 -3.35315208 -3.35311000 -3.35305980 -3.35300579 -3.35297945
-3.35350734 -3.35352062 -3.35354081 -3.35357127 -3.35358171 -3.35357960 -3.35357002 -3.35355496 -3.35354502 -3.35354493 -3.35355400 -3.35356120 -3.35357164 -3.35357062 -3.35357474 -3.35354707 -3.35349332 -3.35343136 -3.35336645 -3.35331226 -3.35330012 -3.35331979 -3.35337816 -3.35346395 -3.35356685 -3.35364636 -3.35368348 -3.35367201 -3.35364116 -3.35359273 -3.35353543 -3.35351148
-3.35426716 -3.35428715 -3.35431319 -3.35433495 -3.35435090 -3.35434420 -3.35432660 -3.35430670 -3.35427158 -3.35426153 -3.35424054 -3.35423580 -3.35423511 -3.35422485 -3.35421097 -3.35417647 -3.35413157 -3.35408019 -3.35402532 -3.35397902 -3.35397575 -3.35401438 -3.35408607 -3.35419177 -3.35430163 -3.35438830 -3.35443141 -3.35442043 -3.35437974 -3.35433850 -3.35429010 -3.35427203
-3.35518468 -3.35520848 -3.35523355 -3.35524392 -3.35525941 -3.35524779 -3.35521604 -3.35518217 -3.35513573 -3.35509928 -3.35506606 -3.35504715 -3.35502409 -3.35500235 -3.35497805 -3.35494120 -3.35490483 -3.35485540 -3.35481017 -3.35477909 -3.35479230 -3.35484690 -3.35493388 -3.35506124 -3.35516309 -3.35524757 -3.35530255 -3.35529997 -3.35527209 -3.35522837 -3.35519027 -3.35518018
-3.35616730 -3.35618304 -3.35619372 -3.35621294 -3.35620037 -3.35617822 -3.35613638 -3.35608735 -3.35603208 -3.35598103 -3.35592799 -3.35588497 -3.35584167 -3.35580155 -3.35577712 -3.35574406 -3.35570887 -3.35566626 -3.35563586 -3.35563083 -3.35566282 -3.35573464 -3.35583969 -3.35596367 -3.35607670 -3.35617623 -3.35622803 -3.35624784 -3.35622782 -3.35618801 -3.35616174 -3.35615776
-3.35713410 -3.35714634 -3.35714059 -3.35712314 -3.35709813 -3.35704632 -3.35699227 -3.35693351 -3.35686085 -3.35679792 -3.35673089 -3.35666674 -3.35660845 -3.35656612 -3.35652829 -3.35649759 -3.35646363 -3.35643811 -3.35643513 -3.35645507 -3.35650288 -3.35659720 -3.35670764 -3.35683750 -3.35696877 -3.35707042 -3.35713554 -3.35715458 -3.35715165 -3.35714405 -3.35713119 -3.35712125
-3.35802885 -3.35801353 -3.35798717 -3.35793839 -3.35788718 -3.35781433 -3.35773786 -3.35765402 -3.35757408 -3.35749607 -3.35741545 -3.35733606 -3.35727620 -3.35723208 -3.35719169 -3.35715219 -3.35713751 -3.35712991 -3.35713884 -3.35717417 -3.35724957 -3.35735891 -3.35748627 -3.35762831 -3.35777058 -3.35788046 -3.35795528 -3.35799861 -3.35802383 -3.35802071 -3.35802944 -3.35802991
-3.35878971 -3.35875533 -3.35870146 -3.35862150 -3.35853053 -3.35843572 -3.35833077 -3.35823129 -3.35813993 -3.35805647 -3.35796030 -3.35788815 -3.35782101 -3.35777206 -3.35773567 -3.35771196 -3.35769732 -3.35771626 -3.35773632 -3.35778767 -3.35787798 -3.35799261 -3.35813775 -3.35828811 -3.35843232 -3.35856632 -3.35865907 -3.35872988 -3.35877708 -3.35879625 -3.35881101 -3.35880870
-3.35941621 -3.35935284 -3.35925858 -3.35915302 -3.35903253 -3.35890466 -3.35879281 -3.35867957 -3.35858097 -3.35849430 -3.35840562 -3.35833494 -3.35827352 -3.35822991 -3.35818685 -3.35816427 -3.35816543 -3.35817270 -3.35822706 -3.35829036 -3.35837556 -3.35850116 -3.35864723 -3.35881197 -3.35895645 -3.35910821 -3.35922799 -3.35931750 -3.35938668 -3.35942800 -3.35944723 -3.35943898
-3.35988683 -3.35980235 -3.35968764 -3.35954712 -3.35940586 -3.35926481 -3.35913917 -3.35902148 -3.35893086 -3.35885078 -3.35877198 -3.35871041 -3.35866580 -3.35862054 -3.35857882 -3.35855666 -3.35856195 -3.35857010 -3.35860638 -3.35866510 -3.35875326 -3.35888122 -3.35902518 -3.35917929 -3.35935177 -3.35950383 -3.35965189 -3.35976206 -3.35984887 -3.35990029 -3.35992866 -3.35992641
-3.36021075 -3.36011530 -3.35998393 -3.35983434 -3.35967459 -3.35953292 -3.35941852 -3.35930669 -3.35922416 -3.35915128 -3.35909211 -3.35904821 -3.35901553 -3.35896910 -3.35894022 -3.35890935 -3.35889908 -3.35890254 -3.35891189 -3.35895993 -3.35902898 -3.35913693 -3.35927473 -3.35942431 -3.35959741 -3.35976139 -3.35991595 -3.36005121 -3.36016611 -3.36022807 -3.36026105 -3.36025998
-3.36039331 -3.36030038 -3.36017952 -3.36003587 -3.35988978 -3.35976011 -3.35964557 -3.35955353 -3.35948562 -3.35944003 -3.35940952 -3.35937899 -3.35935852 -3.35932266 -3.35927925 -3.35924754 -3.35920744 -3.35918163 -3.35916075 -3.35917083 -3.35921152 -3.35928770 -3.35940511 -3.35954026 -3.35971397 -3.35988852 -3.36005118 -3.36019970 -3.36032620 -3.36041415 -3.36044602 -3.36044057
-3.36049326 -3.36041693 -3.36031305 -3.36019346 -3.36007501 -3.35996546 -3.35987746 -3.35979928 -3.35975672 -3.35973516 -3.35972637 -3.35972075 -3.35971755 -3.35968847 -3.35964073 -3.35957579 -3.35951065 -3.35943854 -3.35938094 -3.35934241 -3.35934026 -3.35937511 -3.35946019 -3.35958240 -3.35974591 -3.35991309 -3.36008393 -3.36023463 -3.36036480 -3.36046765 -3.36051589 -3.36052093
-3.36052428 -3.36048914 -3.36042356 -3.36033701 -3.36025112 -3.36016476 -3.36010326 -3.36006074 -3.36004054 -3.36004492 -3.36006131 -3.36007728 -3.36007370 -3.36005159 -3.36000185 -3.35991017 -3.35979448 -3.35968471 -3.35956733 -3.35948054 -3.35943386 -3.35942000 -3.35946462 -3.35956981 -3.35970019 -3.35984860 -3.36001822 -3.36017520 -3.36031617 -3.36042677 -3.36050223 -3.36053892
