32 32 0 1
-3.36012551 -3.36000263 -3.35985266 -3.35970970 -3.35958602 -3.35950044 -3.35946126 -3.35948290 -3.35955170 -3.35965182 -3.35976472 -3.35987247 -3.35994158 -3.35997212 -3.35996279 -3.35989539 -3.35979167 -3.35968120 -3.35956479 -3.35947539 -3.35942851 -3.35943080 -3.35947919 -3.35957259 -3.35969572 -3.35984285 -3.35998640 -3.36010160 -3.36019365 -3.36024256 -3.36025071 -3.36021576
-3.36011116 -3.36002727 -3.35994349 -3.35984196 -3.35975739 -3.35970116 -3.35968563 -3.35973733 -3.35981532 -3.35994183 -3.36006518 -3.36018691 -3.36027644 -3.36030540 -3.36028464 -3.36019564 -3.36005904 -3.35989391 -3.35972362 -3.35958332 -3.35949650 -3.35943976 -3.35945028 -3.35949586 -3.35959030 -3.35970531 -3.35983321 -3.35995183 -3.36005067 -3.36012309 -3.36015219 -3.36015320
-3.36009612 -3.36006761 -3.36001839 -3.35997209 -3.35993155 -3.35990055 -3.35990609 -3.35995941 -3.36005655 -3.36019444 -3.36033172 -3.36045590 -3.36054323 -3.36057525 -3.36054207 -3.36042483 -3.36026841 -3.36007599 -3.35986928 -3.35968667 -3.35954428 -3.35945085 -3.35941024 -3.35942587 -3.35946647 -3.35956433 -3.35967109 -3.35979780 -3.35990513 -3.36000067 -3.36005289 -3.36008948
-3.36007002 -3.36008247 -3.36007823 -3.36007290 -3.36006087 -3.36005012 -3.36007847 -3.36015174 -3.36024495 -3.36037614 -3.36052089 -3.36064125 -3.36072501 -3.36074335 -3.36069302 -3.36057182 -3.36040133 -3.36018271 -3.35995911 -3.35974120 -3.35956769 -3.35943328 -3.35935451 -3.35933412 -3.35934926 -3.35941786 -3.35951623 -3.35962793 -3.35975124 -3.35985487 -3.35994446 -3.36002092
-3.35999991 -3.36005084 -3.36008203 -3.36010425 -3.36012149 -3.36014331 -3.36017453 -3.36025286 -3.36034803 -3.36047919 -3.36060365 -3.36072042 -3.36079663 -3.36080558 -3.36074819 -3.36062096 -3.36043740 -3.36021227 -3.35997569 -3.35974366 -3.35954091 -3.35938563 -3.35927607 -3.35921921 -3.35921511 -3.35925219 -3.35933015 -3.35944167 -3.35956851 -3.35969922 -3.35981715 -3.35992395
-3.35986987 -3.35995032 -3.36001418 -3.36007088 -3.36011007 -3.36013629 -3.36018337 -3.36024543 -3.36034045 -3.36045848 -3.36057406 -3.36067417 -3.36074728 -3.36076069 -3.36068846 -3.36056833 -3.36037179 -3.36014682 -3.35990563 -3.35966275 -3.35945029 -3.35927640 -3.35914429 -3.35906186 -3.35903207 -3.35904583 -3.35911570 -3.35922535 -3.35935621 -3.35950114 -3.35964664 -3.35977338
-3.35965443 -3.35976456 -3.35984679 -3.35991900 -3.35996353 -3.36001215 -3.36007335 -3.36012757 -3.36021432 -3.36032268 -3.36042659 -3.36052321 -3.36057480 -3.36058442 -3.36051518 -3.36038508 -3.36019852 -3.35997222 -3.35973645 -3.35949596 -3.35927347 -3.35908910 -3.35894049 -3.35883377 -3.35878097 -3.35879703 -3.35885496 -3.35896263 -3.35909826 -3.35925064 -3.35939667 -3.35953164
-3.35931571 -3.35943220 -3.35954821 -3.35963734 -3.35968855 -3.35975510 -3.35981279 -3.35988097 -3.35996065 -3.36005133 -3.36014563 -3.36023465 -3.36027040 -3.36027742 -3.36021316 -3.36007659 -3.35990025 -3.35968593 -3.35945350 -3.35921295 -3.35899168 -3.35879808 -3.35863414 -3.35851067 -3.35845324 -3.35845314 -3.35850374 -3.35860164 -3.35874617 -3.35889102 -3.35903969 -3.35917758
-3.35883722 -3.35897309 -3.35909600 -3.35919380 -3.35926762 -3.35934014 -3.35940254 -3.35946694 -3.35954631 -3.35963459 -3.35973127 -3.35980883 -3.35985100 -3.35984254 -3.35977476 -3.35964936 -3.35947572 -3.35926950 -3.35903546 -3.35879157 -3.35857335 -3.35837873 -3.35820307 -3.35808078 -3.35800936 -3.35799940 -3.35804844 -3.35814115 -3.35827644 -3.35841191 -3.35856014 -3.35870024
-3.35824375 -3.35837886 -3.35850149 -3.35860700 -3.35868777 -3.35876519 -3.35883687 -3.35890562 -3.35898273 -3.35907072 -3.35916158 -3.35924523 -3.35928739 -3.35928756 -3.35922566 -3.35909937 -3.35893255 -3.35872188 -3.35849485 -3.35825668 -3.35802904 -3.35781952 -3.35764189 -3.35751600 -3.35744397 -3.35744038 -3.35748081 -3.35756859 -3.35768570 -3.35782091 -3.35796148 -3.35810231
-3.35750748 -3.35763775 -3.35776692 -3.35787663 -3.35795115 -3.35803337 -3.35809413 -3.35816531 -3.35825508 -3.35834343 -3.35844730 -3.35852883 -3.35858432 -3.35859089 -3.35853990 -3.35842000 -3.35825803 -3.35805148 -3.35782906 -3.35758364 -3.35734873 -3.35714362 -3.35696277 -3.35683093 -3.35676749 -3.35673984 -3.35678902 -3.35686967 -3.35698196 -3.35711132 -3.35724007 -3.35736924
-3.35666636 -3.35679029 -3.35691239 -3.35701018 -3.35708428 -3.35714899 -3.35720267 -3.35727334 -3.35736203 -3.35746383 -3.35757400 -3.35767348 -3.35775248 -3.35776533 -3.35773065 -3.35761585 -3.35746087 -3.35726078 -3.35702916 -3.35678467 -3.35654915 -3.35633567 -3.35616074 -3.35603286 -3.35595694 -3.35594254 -3.35598133 -3.35606330 -3.35617148 -3.35629485 -3.35641493 -3.35654222
-3.35575951 -3.35586352 -3.35596312 -3.35605143 -3.35610205 -3.35614417 -3.35620051 -3.35626014 -3.35634543 -3.35646263 -3.35658637 -3.35670259 -3.35679159 -3.35683651 -3.35681020 -3.35672271 -3.35657666 -3.35638355 -3.35614708 -3.35590341 -3.35566561 -3.35545544 -3.35527410 -3.35513932 -3.35508044 -3.35506524 -3.35510776 -3.35518558 -3.35528417 -3.35540830 -3.35552861 -3.35564648
-3.35482789 -3.35491703 -3.35498728 -3.35503624 -3.35507731 -3.35510342 -3.35513539 -3.35519225 -3.35528562 -3.35541451 -3.35555148 -3.35568048 -3.35577920 -3.35584802 -3.35584301 -3.35577258 -3.35564176 -3.35545110 -3.35522616 -3.35498563 -3.35475079 -3.35453865 -3.35435877 -3.35423609 -3.35418093 -3.35416766 -3.35421342 -3.35429555 -3.35440341 -3.35451811 -3.35462844 -3.35473932
-3.35396239 -3.35401716 -3.35406569 -3.35409058 -3.35409589 -3.35410172 -3.35412397 -3.35417096 -3.35425683 -3.35438550 -3.35454297 -3.35469404 -3.35481877 -3.35489519 -3.35491635 -3.35485664 -3.35473299 -3.35456130 -3.35434101 -3.35411043 -3.35387611 -3.35367058 -3.35350002 -3.35338888 -3.35333618 -3.35334023 -3.35339801 -3.35348141 -3.35358029 -3.35368338 -3.35379127 -3.35388961
-3.35322167 -3.35325764 -3.35328313 -3.35328471 -3.35326461 -3.35325938 -3.35327124 -3.35330398 -3.35339186 -3.35351943 -3.35367278 -3.35384186 -3.35398336 -3.35407984 -3.35411316 -3.35407110 -3.35395837 -3.35379549 -3.35358774 -3.35335456 -3.35313093 -3.35293230 -3.35277637 -3.35268786 -3.35264931 -3.35267078 -3.35274002 -3.35281265 -3.35290694 -3.35299700 -3.35308113 -3.35316724
-3.35271840 -3.35273375 -3.35273842 -3.35272212 -3.35268786 -3.35267032 -3.35267159 -3.35270581 -3.35278623 -3.35290941 -3.35307361 -3.35323043 -3.35336891 -3.35347957 -3.35351829 -3.35349289 -3.35338689 -3.35323691 -3.35303489 -3.35281830 -3.35260153 -3.35242092 -3.35229346 -3.35222124 -3.35220823 -3.35223749 -3.35230978 -3.35238933 -3.35247626 -3.35253722 -3.35261670 -3.35267756
-3.35250600 -3.35252098 -3.35251199 -3.35248413 -3.35244030 -3.35241045 -3.35240891 -3.35244077 -3.35252220 -3.35263938 -3.35278399 -3.35293970 -3.35307959 -3.35317847 -3.35322625 -3.35319458 -3.35310423 -3.35294162 -3.35276016 -3.35256423 -3.35237622 -3.35222080 -3.35211059 -3.35206799 -3.35207349 -3.35212129 -3.35218985 -3.35226632 -3.35232972 -3.35238702 -3.35244141 -3.35248329
-3.35263967 -3.35263872 -3.35261437 -3.35258752 -3.35255247 -3.35252294 -3.35252167 -3.35255419 -3.35262667 -3.35272723 -3.35285267 -3.35298745 -3.35310620 -3.35319653 -3.35323422 -3.35320971 -3.35312424 -3.35297938 -3.35281106 -3.35263463 -3.35247148 -3.35234785 -3.35227620 -3.35225788 -3.35228188 -3.35234185 -3.35240130 -3.35246645 -3.35251287 -3.35255818 -3.35259090 -3.35261905
-3.35308502 -3.35307522 -3.35305175 -3.35303021 -3.35300129 -3.35297513 -3.35297949 -3.35300905 -3.35306346 -3.35315514 -3.35325679 -3.35336223 -3.35346005 -3.35352139 -3.35356018 -3.35353135 -3.35344006 -3.35331326 -3.35315734 -3.35300065 -3.35287564 -3.35279130 -3.35275085 -3.35276404 -3.35281776 -3.35288318 -3.35293976 -3.35298094 -3.35302000 -3.35304578 -3.35306040 -3.35307805
-3.35379623 -3.35378969 -3.35376796 -3.35374066 -3.35372604 -3.35370481 -3.35370334 -3.35372717 -3.35376224 -3.35383545 -3.35390665 -3.35399342 -3.35407233 -3.35410617 -3.35411882 -3.35407693 -3.35399410 -3.35388393 -3.35375656 -3.35362317 -3.35353489 -3.35349291 -3.35349403 -3.35354371 -3.35361499 -3.35369346 -3.35374847 -3.35377294 -3.35378274 -3.35379321 -3.35379439 -3.35380179
-3.35469678 -3.35469269 -3.35466711 -3.35462940 -3.35461963 -3.35459692 -3.35458470 -3.35460269 -3.35462686 -3.35466867 -3.35472706 -3.35478697 -3.35483288 -3.35484756 -3.35483274 -3.35478369 -3.35471306 -3.35461541 -3.35451096 -3.35441413 -3.35436473 -3.35436067 -3.35440695 -3.35449418 -3.35457436 -3.35465874 -3.35471788 -3.35473942 -3.35473266 -3.35472516 -3.35471212 -3.35470890
-3.35569537 -3.35567111 -3.35563125 -3.35560611 -3.35556549 -3.35553592 -3.35551524 -3.35551944 -3.35553309 -3.35556271 -3.35558973 -3.35561997 -3.35563237 -3.35562415 -3.35560178 -3.35555398 -3.35548867 -3.35540655 -3.35532562 -3.35527724 -3.35526895 -3.35530535 -3.35539455 -3.35550069 -3.35560632 -3.35570966 -3.35576134 -3.35578876 -3.35577838 -3.35574770 -3.35572821 -3.35571241
-3.35669094 -3.35665639 -3.35659936 -3.35653668 -3.35647447 -3.35642032 -3.35638780 -3.35637651 -3.35637817 -3.35638834 -3.35639674 -3.35640038 -3.35638974 -3.35637181 -3.35633334 -3.35628933 -3.35622800 -3.35616762 -3.35613627 -3.35612658 -3.35615059 -3.35623516 -3.35634603 -3.35648345 -3.35661609 -3.35672440 -3.35679631 -3.35680876 -3.35679857 -3.35678125 -3.35675462 -3.35671758
-3.35761838 -3.35754635 -3.35746572 -3.35736882 -3.35728037 -3.35719241 -3.35713897 -3.35710143 -3.35708751 -3.35708324 -3.35707813 -3.35706398 -3.35704415 -3.35701909 -3.35698195 -3.35693485 -3.35689399 -3.35686391 -3.35685111 -3.35687740 -3.35694625 -3.35706395 -3.35720524 -3.35736944 -3.35752636 -3.35764661 -3.35772162 -3.35775227 -3.35776229 -3.35773692 -3.35770718 -3.35766994
-3.35840533 -3.35831003 -3.35819169 -3.35805143 -3.35792486 -3.35781032 -3.35771916 -3.35766245 -3.35763609 -3.35762677 -3.35760172 -3.35759155 -3.35756823 -3.35753776 -3.35750576 -3.35747351 -3.35744638 -3.35745332 -3.35746657 -3.35751833 -3.35762220 -3.35775541 -3.35792631 -3.35810648 -3.35827515 -3.35842063 -3.35851348 -3.35856995 -3.35858680 -3.35857204 -3.35853764 -3.35848176
-3.35904706 -3.35891388 -3.35874507 -3.35857148 -3.35840339 -3.35825575 -3.35814934 -3.35807364 -3.35803719 -3.35802554 -3.35801278 -3.35799774 -3.35797998 -3.35796352 -3.35792887 -3.35790898 -3.35790582 -3.35791344 -3.35797147 -3.35804176 -3.35815200 -3.35831479 -3.35848877 -3.35869112 -3.35886895 -3.35903410 -3.35914986 -3.35922186 -3.35925711 -3.35924635 -3.35920903 -3.35914041
-3.35952075 -3.35935014 -3.35914927 -3.35893982 -3.35874212 -3.35856929 -3.35844920 -3.35836327 -3.35833385 -3.35832782 -3.35832314 -3.35831959 -3.35832021 -3.35830525 -3.35828597 -3.35827438 -3.35828717 -3.35830321 -3.35835715 -3.35844056 -3.35856400 -3.35873267 -3.35891526 -3.35911260 -3.35931320 -3.35947829 -3.35961608 -3.35970654 -3.35975766 -3.35975863 -3.35971935 -3.35964573
-3.35983763 -3.35964539 -3.35941924 -3.35918708 -3.35896287 -3.35879038 -3.35867310 -3.35859413 -3.35856925 -3.35856765 -3.35858056 -3.35859990 -3.35862194 -3.35860948 -3.35860795 -3.35860012 -3.35861103 -3.35863175 -3.35867283 -3.35875125 -3.35886611 -3.35902248 -3.35920739 -3.35940278 -3.35960150 -3.35977822 -3.35992520 -3.36003328 -3.36009915 -3.36010526 -3.36006533 -3.35998288
-3.36001129 -3.35981068 -3.35958626 -3.35935067 -3.35913279 -3.35896328 -3.35884737 -3.35879000 -3.35877977 -3.35880673 -3.35884940 -3.35888626 -3.35892108 -3.35892903 -3.35892229 -3.35892152 -3.35891091 -3.35891646 -3.35893851 -3.35899572 -3.35908227 -3.35920896 -3.35937522 -3.35955424 -3.35975322 -3.35993483 -3.36009062 -3.36020847 -3.36028214 -3.36030588 -3.36025837 -3.36016341
-3.36010361 -3.35991478 -3.35969316 -3.35947835 -3.35928043 -3.35912739 -3.35903655 -3.35899223 -3.35900919 -3.35906161 -3.35912956 -3.35919394 -3.35925064 -3.35927200 -3.35926549 -3.35923834 -3.35921204 -3.35918262 -3.35917471 -3.35919006 -3.35924282 -3.35933169 -3.35946590 -3.35962901 -3.35981847 -3.35998720 -3.36014685 -3.36026004 -3.36033743 -3.36036990 -3.36033169 -3.36023997
-3.36012450 -3.35996902 -3.35978145 -3.35959390 -3.35942947 -3.35929713 -3.35923558 -3.35922523 -3.35926655 -3.35934806 -3.35944082 -3.35952703 -3.35959073 -3.35962334 -3.35962195 -3.35957593 -3.35950645 -3.35944503 -3.35937929 -3.35934680 -3.35935934 -3.35940176 -3.35949476 -3.35963887 -3.35979060 -3.35994484 -3.36009551 -3.36021753 -3.36030124 -3.36033549 -3.36032395 -3.36025568
