32 32 0 1
-3.36085594 -3.36079988 -3.36069110 -3.36056452 -3.36042229 -3.36028945 -3.36017499 -3.36011371 -3.36009676 -3.36011959 -3.36017608 -3.36024470 -3.36029697 -3.36032600 -3.36032522 -3.36027017 -3.36017842 -3.36006847 -3.35994846 -3.35984215 -3.35976741 -3.35973555 -3.35975284 -3.35981990 -3.35992817 -3.36008118 -3.36025362 -3.36041461 -3.36057494 -3.36070981 -3.36080825 -3.36086326
-3.36088335 -3.36086173 -3.36080869 -3.36071220 -3.36060143 -3.36048882 -3.36039387 -3.36035664 -3.36034317 -3.36038734 -3.36044741 -3.36052580 -3.36059368 -3.36061647 -3.36060129 -3.36052349 -3.36039604 -3.36023763 -3.36006433 -3.35991369 -3.35980539 -3.35972745 -3.35971855 -3.35975096 -3.35984579 -3.35997689 -3.36014232 -3.36031651 -3.36048901 -3.36064660 -3.36076454 -3.36084916
-3.36088690 -3.36090668 -3.36088162 -3.36082886 -3.36075222 -3.36065888 -3.36058546 -3.36054427 -3.36054643 -3.36060190 -3.36067531 -3.36075472 -3.36081412 -3.36083561 -3.36080434 -3.36069654 -3.36055088 -3.36036519 -3.36016152 -3.35997282 -3.35982191 -3.35971658 -3.35966635 -3.35968310 -3.35973507 -3.35986277 -3.36001311 -3.36020216 -3.36038412 -3.36056189 -3.36070072 -3.36081516
-3.36084500 -3.36089244 -3.36089941 -3.36088442 -3.36083634 -3.36076430 -3.36071183 -3.36068936 -3.36068831 -3.36073456 -3.36081353 -3.36088338 -3.36093881 -3.36094212 -3.36089324 -3.36077876 -3.36061778 -3.36040681 -3.36019143 -3.35997753 -3.35980110 -3.35966820 -3.35959211 -3.35957980 -3.35961674 -3.35972281 -3.35987399 -3.36005061 -3.36024980 -3.36043377 -3.36060166 -3.36074553
-3.36072742 -3.36080490 -3.36084267 -3.36085404 -3.36083237 -3.36079307 -3.36075013 -3.36073525 -3.36073880 -3.36078821 -3.36083972 -3.36089997 -3.36094177 -3.36093474 -3.36087504 -3.36075614 -3.36058241 -3.36036969 -3.36014621 -3.35992971 -3.35973494 -3.35958447 -3.35948612 -3.35944581 -3.35947496 -3.35955710 -3.35969497 -3.35987542 -3.36007544 -3.36027114 -3.36045139 -3.36061041
-3.36052808 -3.36062578 -3.36069268 -3.36072970 -3.36073767 -3.36071847 -3.36069176 -3.36066646 -3.36067527 -3.36070903 -3.36075211 -3.36079279 -3.36081895 -3.36081000 -3.36073462 -3.36061841 -3.36044403 -3.36023961 -3.36002133 -3.35979893 -3.35960550 -3.35945235 -3.35933849 -3.35928113 -3.35928677 -3.35934817 -3.35947508 -3.35964869 -3.35984109 -3.36004192 -3.36023800 -3.36039941
-3.36021368 -3.36033411 -3.36042309 -3.36048709 -3.36050847 -3.36051589 -3.36051229 -3.36048956 -3.36049136 -3.36050826 -3.36053499 -3.36056861 -3.36057164 -3.36055003 -3.36047381 -3.36035222 -3.36019065 -3.35999792 -3.35979642 -3.35959122 -3.35940221 -3.35925019 -3.35913006 -3.35904807 -3.35902547 -3.35908054 -3.35918821 -3.35934504 -3.35953536 -3.35972771 -3.35990754 -3.36007033
-3.35975879 -3.35988890 -3.36001583 -3.36010185 -3.36014193 -3.36017143 -3.36017883 -3.36017422 -3.36016931 -3.36017288 -3.36018170 -3.36019156 -3.36017474 -3.36015013 -3.36007431 -3.35995274 -3.35980590 -3.35963901 -3.35945300 -3.35926680 -3.35909526 -3.35894438 -3.35881323 -3.35871803 -3.35868829 -3.35871725 -3.35879906 -3.35893543 -3.35911592 -3.35928632 -3.35945005 -3.35960213
-3.35914667 -3.35929252 -3.35943230 -3.35954448 -3.35961938 -3.35967362 -3.35969512 -3.35969056 -3.35968455 -3.35967898 -3.35967223 -3.35966149 -3.35963645 -3.35959329 -3.35951737 -3.35940574 -3.35928350 -3.35913505 -3.35897547 -3.35880485 -3.35865196 -3.35850906 -3.35837293 -3.35827623 -3.35822529 -3.35823397 -3.35829728 -3.35841226 -3.35855829 -3.35870284 -3.35885201 -3.35900166
-3.35839127 -3.35854780 -3.35870396 -3.35883260 -3.35892665 -3.35899783 -3.35903700 -3.35904914 -3.35903308 -3.35901541 -3.35899485 -3.35897423 -3.35893696 -3.35888870 -3.35881865 -3.35871971 -3.35860693 -3.35848160 -3.35835545 -3.35820991 -3.35806539 -3.35792385 -3.35779002 -3.35768847 -3.35763251 -3.35762699 -3.35767051 -3.35774760 -3.35785647 -3.35797607 -3.35810879 -3.35824421
-3.35747836 -3.35763971 -3.35781330 -3.35797100 -3.35808148 -3.35817095 -3.35821125 -3.35821792 -3.35821525 -3.35818456 -3.35815679 -3.35812042 -3.35808438 -3.35803101 -3.35796715 -3.35788066 -3.35778991 -3.35768804 -3.35758212 -3.35746306 -3.35733882 -3.35721079 -3.35708668 -3.35698252 -3.35692121 -3.35688741 -3.35690368 -3.35694819 -3.35702160 -3.35710718 -3.35721227 -3.35733402
-3.35644200 -3.35661108 -3.35679213 -3.35695893 -3.35709994 -3.35719600 -3.35723374 -3.35724838 -3.35723231 -3.35720504 -3.35716986 -3.35712973 -3.35709811 -3.35704804 -3.35699262 -3.35691664 -3.35684765 -3.35676759 -3.35668391 -3.35658719 -3.35648200 -3.35637229 -3.35626236 -3.35616240 -3.35608297 -3.35603779 -3.35602227 -3.35603719 -3.35606290 -3.35611961 -3.35619588 -3.35630547
-3.35533160 -3.35549612 -3.35568257 -3.35586275 -3.35600570 -3.35611101 -3.35616090 -3.35616606 -3.35614837 -3.35612301 -3.35608190 -3.35604585 -3.35601502 -3.35597853 -3.35593541 -3.35588336 -3.35583009 -3.35577588 -3.35570683 -3.35563075 -3.35554930 -3.35546468 -3.35536126 -3.35525571 -3.35518009 -3.35511654 -3.35507623 -3.35504349 -3.35503344 -3.35506012 -3.35510929 -3.35520083
-3.35420868 -3.35437277 -3.35455454 -3.35473048 -3.35488590 -3.35499974 -3.35504809 -3.35505802 -3.35504241 -3.35502065 -3.35499131 -3.35495153 -3.35491649 -3.35489768 -3.35486952 -3.35483512 -3.35480347 -3.35476846 -3.35471881 -3.35466758 -3.35460211 -3.35452527 -3.35443361 -3.35434273 -3.35426508 -3.35418437 -3.35411967 -3.35405248 -3.35401574 -3.35400203 -3.35401899 -3.35409320
-3.35317337 -3.35331976 -3.35350493 -3.35368536 -3.35383836 -3.35395566 -3.35401471 -3.35402817 -3.35400884 -3.35398671 -3.35397057 -3.35394623 -3.35393308 -3.35391588 -3.35390324 -3.35388134 -3.35385842 -3.35384279 -3.35380876 -3.35377186 -3.35371705 -3.35365253 -3.35358244 -3.35349748 -3.35341553 -3.35332801 -3.35324532 -3.35315282 -3.35307286 -3.35302608 -3.35302103 -3.35306891
-3.35230721 -3.35245043 -3.35263583 -3.35281640 -3.35297734 -3.35310098 -3.35316963 -3.35318270 -3.35317351 -3.35315716 -3.35313757 -3.35313514 -3.35313639 -3.35313444 -3.35312948 -3.35312469 -3.35310895 -3.35309531 -3.35307042 -3.35302891 -3.35298324 -3.35292700 -3.35287034 -3.35280372 -3.35272335 -3.35263488 -3.35253791 -3.35241558 -3.35230282 -3.35222377 -3.35218121 -3.35221517
-3.35173130 -3.35186936 -3.35205140 -3.35223447 -3.35239752 -3.35252150 -3.35260075 -3.35262937 -3.35262264 -3.35261569 -3.35261642 -3.35261061 -3.35261320 -3.35262697 -3.35262905 -3.35262729 -3.35261259 -3.35260143 -3.35257024 -3.35253245 -3.35248372 -3.35243606 -3.35239588 -3.35234235 -3.35226814 -3.35217547 -3.35206822 -3.35193665 -3.35180516 -3.35168466 -3.35163706 -3.35164833
-3.35149932 -3.35164763 -3.35182692 -3.35200972 -3.35217029 -3.35229775 -3.35237988 -3.35242177 -3.35243660 -3.35243335 -3.35243278 -3.35243678 -3.35245370 -3.35245363 -3.35246379 -3.35245326 -3.35243453 -3.35239841 -3.35236263 -3.35232497 -3.35228642 -3.35224578 -3.35220536 -3.35216612 -3.35210632 -3.35201959 -3.35190571 -3.35176504 -3.35161455 -3.35149452 -3.35142409 -3.35142613
-3.35166251 -3.35179780 -3.35197037 -3.35215258 -3.35232332 -3.35244885 -3.35254206 -3.35259639 -3.35261655 -3.35261462 -3.35261024 -3.35261198 -3.35261978 -3.35261790 -3.35261987 -3.35260080 -3.35257452 -3.35253550 -3.35248893 -3.35244033 -3.35239768 -3.35236644 -3.35234336 -3.35231454 -3.35226266 -3.35218523 -3.35206613 -3.35192541 -3.35177435 -3.35165673 -3.35158625 -3.35158743
-3.35218225 -3.35231224 -3.35247570 -3.35265434 -3.35282219 -3.35294968 -3.35304518 -3.35309785 -3.35312321 -3.35312429 -3.35311832 -3.35310996 -3.35310491 -3.35308737 -3.35308623 -3.35305546 -3.35300271 -3.35295991 -3.35289968 -3.35284063 -3.35280461 -3.35278379 -3.35277123 -3.35275642 -3.35272816 -3.35266242 -3.35255218 -3.35241247 -3.35228065 -3.35216874 -3.35210359 -3.35211118
-3.35299944 -3.35312503 -3.35328165 -3.35343942 -3.35359714 -3.35371728 -3.35380628 -3.35385382 -3.35387548 -3.35387767 -3.35385453 -3.35384260 -3.35383140 -3.35379774 -3.35377354 -3.35371790 -3.35366012 -3.35361159 -3.35355039 -3.35349022 -3.35345906 -3.35345400 -3.35345645 -3.35346303 -3.35344995 -3.35340709 -3.35331553 -3.35318853 -3.35305914 -3.35296709 -3.35291743 -3.35293024
-3.35402433 -3.35414147 -3.35427766 -3.35440798 -3.35454736 -3.35465006 -3.35471424 -3.35476065 -3.35477744 -3.35476462 -3.35474433 -3.35472252 -3.35468909 -3.35464110 -3.35458882 -3.35452628 -3.35446726 -3.35440963 -3.35435304 -3.35429843 -3.35428088 -3.35429165 -3.35431305 -3.35434928 -3.35434851 -3.35432130 -3.35425634 -3.35415686 -3.35405352 -3.35397623 -3.35393828 -3.35395714
-3.35515989 -3.35524822 -3.35534728 -3.35546404 -3.35555025 -3.35562785 -3.35567497 -3.35570397 -3.35571159 -3.35570332 -3.35566905 -3.35563103 -3.35557599 -3.35551232 -3.35545512 -3.35539216 -3.35532867 -3.35526990 -3.35521530 -3.35519059 -3.35519654 -3.35522258 -3.35527285 -3.35531854 -3.35534071 -3.35534153 -3.35529730 -3.35523488 -3.35516769 -3.35509536 -3.35507907 -3.35509823
-3.35630114 -3.35636522 -3.35642416 -3.35648103 -3.35652966 -3.35655703 -3.35658110 -3.35659208 -3.35658428 -3.35657672 -3.35653391 -3.35647835 -3.35641135 -3.35634709 -3.35627854 -3.35621733 -3.35615699 -3.35610543 -3.35608727 -3.35608862 -3.35610654 -3.35616353 -3.35622671 -3.35629286 -3.35634623 -3.35636517 -3.35636086 -3.35631653 -3.35627738 -3.35624621 -3.35624419 -3.35625217
-3.35737570 -3.35739633 -3.35740908 -3.35740895 -3.35740513 -3.35738576 -3.35737564 -3.35735964 -3.35734014 -3.35731649 -3.35727352 -3.35720856 -3.35714295 -3.35707816 -3.35701439 -3.35695770 -3.35691410 -3.35688312 -3.35688388 -3.35690056 -3.35695640 -3.35703222 -3.35711910 -3.35720606 -3.35728394 -3.35733525 -3.35735512 -3.35735368 -3.35734341 -3.35733359 -3.35733748 -3.35735137
-3.35831169 -3.35829170 -3.35825322 -3.35819618 -3.35813299 -3.35807519 -3.35801590 -3.35797796 -3.35793863 -3.35790666 -3.35785501 -3.35780386 -3.35773879 -3.35767929 -3.35762919 -3.35759144 -3.35756353 -3.35756952 -3.35757774 -3.35762484 -3.35769970 -3.35778419 -3.35789116 -3.35800081 -3.35809404 -3.35818120 -3.35823807 -3.35827172 -3.35829376 -3.35830359 -3.35831229 -3.35831531
-3.35909888 -3.35902911 -3.35893475 -3.35882812 -3.35871739 -3.35860347 -3.35852294 -3.35844925 -3.35839698 -3.35835763 -3.35830829 -3.35826875 -3.35821860 -3.35818376 -3.35814144 -3.35811545 -3.35812030 -3.35812633 -3.35817301 -3.35822646 -3.35830800 -3.35841798 -3.35852663 -3.35865292 -3.35876975 -3.35888654 -3.35897091 -3.35903228 -3.35908780 -3.35911758 -3.35912770 -3.35911649
-3.35970701 -3.35960883 -3.35947748 -3.35932139 -3.35916150 -3.35901758 -3.35890254 -3.35880538 -3.35874744 -3.35870611 -3.35866623 -3.35863854 -3.35861865 -3.35858903 -3.35856717 -3.35856048 -3.35857925 -3.35860179 -3.35864972 -3.35870221 -3.35879296 -3.35890444 -3.35902372 -3.35915271 -3.35929448 -3.35942007 -3.35953829 -3.35962885 -3.35970302 -3.35974513 -3.35976737 -3.35976012
-3.36015801 -3.36004217 -3.35988266 -3.35969005 -3.35949309 -3.35932926 -3.35919801 -3.35909503 -3.35903135 -3.35899128 -3.35896642 -3.35895679 -3.35895642 -3.35894333 -3.35894574 -3.35894647 -3.35896093 -3.35899279 -3.35902751 -3.35908086 -3.35915497 -3.35925455 -3.35937386 -3.35950476 -3.35965119 -3.35979297 -3.35993030 -3.36004943 -3.36014840 -3.36020525 -3.36023375 -3.36022281
-3.36046148 -3.36033531 -3.36017237 -3.35997294 -3.35977243 -3.35958886 -3.35944328 -3.35934427 -3.35928234 -3.35925714 -3.35925645 -3.35926699 -3.35928828 -3.35929480 -3.35929372 -3.35930261 -3.35930494 -3.35931347 -3.35932768 -3.35935911 -3.35940678 -3.35948076 -3.35958830 -3.35971027 -3.35986746 -3.36002535 -3.36017820 -3.36031338 -3.36042761 -3.36051470 -3.36054442 -3.36053007
-3.36066484 -3.36054882 -3.36038547 -3.36020247 -3.36000472 -3.35982834 -3.35969319 -3.35958764 -3.35953957 -3.35953058 -3.35955121 -3.35958059 -3.35962562 -3.35964765 -3.35965428 -3.35964147 -3.35962492 -3.35959977 -3.35957931 -3.35957276 -3.35958583 -3.35962817 -3.35970595 -3.35982221 -3.35998074 -3.36013695 -3.36029777 -3.36044368 -3.36057564 -3.36067831 -3.36072166 -3.36071924
-3.36078114 -3.36069369 -3.36055804 -3.36039365 -3.36022560 -3.36005850 -3.35993486 -3.35984812 -3.35981198 -3.35982285 -3.35986043 -3.35991293 -3.35995948 -3.35999579 -3.36000656 -3.35997387 -3.35991620 -3.35985892 -3.35978425 -3.35972876 -3.35970552 -3.35970689 -3.35975815 -3.35985692 -3.35998504 -3.36013348 -3.36030374 -3.36046655 -3.36061456 -3.36072746 -3.36080422 -3.36082675
