32 32 0 1
-3.36021105 -3.36019043 -3.36014163 -3.36009168 -3.36004205 -3.36000448 -3.35998220 -3.35999396 -3.36002930 -3.36007195 -3.36011509 -3.36014637 -3.36013423 -3.36009150 -3.36000772 -3.35987372 -3.35970965 -3.35953617 -3.35937197 -3.35923520 -3.35914609 -3.35911082 -3.35913065 -3.35920326 -3.35932425 -3.35948121 -3.35964892 -3.35980281 -3.35994818 -3.36006578 -3.36015054 -3.36020223
-3.36024858 -3.36027079 -3.36028448 -3.36027743 -3.36026353 -3.36025029 -3.36024714 -3.36028531 -3.36032058 -3.36037922 -3.36041913 -3.36044542 -3.36043885 -3.36037313 -3.36026299 -3.36009729 -3.35989690 -3.35967790 -3.35946387 -3.35928564 -3.35917034 -3.35909115 -3.35908564 -3.35912472 -3.35922958 -3.35936132 -3.35952118 -3.35968415 -3.35984112 -3.35998460 -3.36009322 -3.36018871
-3.36026554 -3.36034393 -3.36039827 -3.36044086 -3.36046804 -3.36047699 -3.36049481 -3.36052483 -3.36056970 -3.36063040 -3.36067096 -3.36068631 -3.36066280 -3.36058707 -3.36045433 -3.36025882 -3.36003704 -3.35979557 -3.35955208 -3.35934075 -3.35918214 -3.35907925 -3.35903245 -3.35905788 -3.35911219 -3.35923202 -3.35937409 -3.35955070 -3.35971490 -3.35988339 -3.36002429 -3.36015767
-3.36024923 -3.36036941 -3.36046773 -3.36055265 -3.36060862 -3.36063894 -3.36067292 -3.36072016 -3.36075144 -3.36080017 -3.36083829 -3.36083814 -3.36080127 -3.36070744 -3.36056041 -3.36035677 -3.36012258 -3.35985908 -3.35960699 -3.35937241 -3.35918743 -3.35905432 -3.35898258 -3.35897303 -3.35900291 -3.35909735 -3.35923177 -3.35939241 -3.35957862 -3.35975337 -3.35992772 -3.36010053
-3.36016824 -3.36032559 -3.36045800 -3.36056979 -3.36065485 -3.36071833 -3.36075321 -3.36080058 -3.36083476 -3.36087452 -3.36088524 -3.36087594 -3.36083305 -3.36072737 -3.36057541 -3.36037146 -3.36013076 -3.35986496 -3.35960781 -3.35936696 -3.35916336 -3.35900762 -3.35890674 -3.35886222 -3.35887766 -3.35893968 -3.35905615 -3.35921249 -3.35939670 -3.35959404 -3.35978821 -3.35999023
-3.36001035 -3.36019029 -3.36034812 -3.36049122 -3.36059893 -3.36066673 -3.36072315 -3.36075674 -3.36078717 -3.36081068 -3.36081781 -3.36079541 -3.36074620 -3.36065343 -3.36048923 -3.36029749 -3.36005983 -3.35979994 -3.35954564 -3.35929848 -3.35908529 -3.35892271 -3.35879658 -3.35872199 -3.35871060 -3.35874357 -3.35884793 -3.35899894 -3.35917985 -3.35938876 -3.35960486 -3.35981442
-3.35975330 -3.35995410 -3.36013508 -3.36028952 -3.36040327 -3.36049241 -3.36055863 -3.36059065 -3.36062144 -3.36063628 -3.36062932 -3.36061323 -3.36055065 -3.36046014 -3.36031022 -3.36011936 -3.35989892 -3.35965144 -3.35940695 -3.35917116 -3.35895457 -3.35877485 -3.35862866 -3.35852565 -3.35848194 -3.35850970 -3.35859201 -3.35873029 -3.35891065 -3.35911602 -3.35932412 -3.35953652
-3.35936394 -3.35957421 -3.35978229 -3.35995097 -3.36007237 -3.36017447 -3.36024661 -3.36029061 -3.36031486 -3.36031911 -3.36031134 -3.36028473 -3.36022523 -3.36014037 -3.36001770 -3.35984270 -3.35963599 -3.35941248 -3.35918116 -3.35894262 -3.35872408 -3.35853458 -3.35837388 -3.35825022 -3.35819368 -3.35819912 -3.35826652 -3.35838397 -3.35855834 -3.35874548 -3.35894071 -3.35914347
-3.35885029 -3.35906335 -3.35927607 -3.35945470 -3.35959835 -3.35971523 -3.35978867 -3.35983432 -3.35985721 -3.35986269 -3.35985814 -3.35983555 -3.35978780 -3.35970806 -3.35959318 -3.35944058 -3.35925712 -3.35905864 -3.35883410 -3.35860310 -3.35838835 -3.35819703 -3.35801988 -3.35789206 -3.35781987 -3.35781193 -3.35785962 -3.35796310 -3.35810780 -3.35826453 -3.35845358 -3.35864554
-3.35823530 -3.35843181 -3.35863235 -3.35882187 -3.35896926 -3.35909840 -3.35918418 -3.35922901 -3.35925495 -3.35925978 -3.35925293 -3.35924652 -3.35920999 -3.35915173 -3.35905260 -3.35891565 -3.35875817 -3.35857295 -3.35837098 -3.35815292 -3.35792956 -3.35772847 -3.35754837 -3.35742507 -3.35734662 -3.35733797 -3.35737793 -3.35745763 -3.35756961 -3.35771123 -3.35786653 -3.35804513
-3.35749063 -3.35767352 -3.35786426 -3.35805180 -3.35819746 -3.35832430 -3.35840318 -3.35845958 -3.35849190 -3.35849911 -3.35851078 -3.35850497 -3.35849111 -3.35844299 -3.35837672 -3.35826231 -3.35812625 -3.35795600 -3.35776583 -3.35755601 -3.35734403 -3.35714955 -3.35697980 -3.35685228 -3.35679058 -3.35676959 -3.35680297 -3.35686327 -3.35695493 -3.35706418 -3.35718577 -3.35732977
-3.35666239 -3.35681728 -3.35699142 -3.35715374 -3.35729584 -3.35741427 -3.35748729 -3.35754052 -3.35757240 -3.35759701 -3.35762024 -3.35763300 -3.35764333 -3.35761950 -3.35757394 -3.35748285 -3.35736314 -3.35721029 -3.35703143 -3.35682711 -3.35663295 -3.35644935 -3.35629933 -3.35619227 -3.35613510 -3.35612016 -3.35614591 -3.35619722 -3.35626079 -3.35633633 -3.35642358 -3.35653181
-3.35576943 -3.35588517 -3.35602898 -3.35617090 -3.35629618 -3.35639555 -3.35647409 -3.35652312 -3.35656078 -3.35659313 -3.35662740 -3.35665981 -3.35668922 -3.35669742 -3.35666994 -3.35660808 -3.35651290 -3.35637874 -3.35620233 -3.35602297 -3.35584174 -3.35567961 -3.35554873 -3.35545957 -3.35542541 -3.35541950 -3.35544619 -3.35548279 -3.35551617 -3.35556257 -3.35561217 -3.35567756
-3.35485314 -3.35493359 -3.35503706 -3.35514525 -3.35526477 -3.35535711 -3.35541303 -3.35546570 -3.35551546 -3.35556881 -3.35561654 -3.35565799 -3.35569648 -3.35573245 -3.35573105 -3.35569397 -3.35561960 -3.35549633 -3.35534327 -3.35517958 -3.35501750 -3.35488075 -3.35477142 -3.35471480 -3.35470258 -3.35471126 -3.35473465 -3.35475303 -3.35477086 -3.35477848 -3.35478515 -3.35480730
-3.35399166 -3.35402556 -3.35410919 -3.35419703 -3.35428714 -3.35436854 -3.35442892 -3.35448000 -3.35453266 -3.35459238 -3.35465734 -3.35472667 -3.35479287 -3.35483665 -3.35485912 -3.35483814 -3.35477267 -3.35467096 -3.35453386 -3.35438932 -3.35424222 -3.35413402 -3.35405794 -3.35402439 -3.35402786 -3.35405248 -3.35408194 -3.35408811 -3.35406979 -3.35403243 -3.35400118 -3.35398126
-3.35324457 -3.35325465 -3.35331533 -3.35339123 -3.35347297 -3.35355590 -3.35362140 -3.35367270 -3.35373584 -3.35380439 -3.35387408 -3.35396238 -3.35404361 -3.35410502 -3.35413966 -3.35413216 -3.35408128 -3.35399060 -3.35386881 -3.35372434 -3.35360071 -3.35350933 -3.35346341 -3.35346067 -3.35348385 -3.35352212 -3.35354854 -3.35351942 -3.35347374 -3.35339582 -3.35331566 -3.35326739
-3.35272388 -3.35271980 -3.35276957 -3.35284254 -3.35292407 -3.35300940 -3.35308007 -3.35315043 -3.35321598 -3.35328693 -3.35337656 -3.35346204 -3.35353987 -3.35361600 -3.35365461 -3.35365966 -3.35361228 -3.35353509 -3.35341969 -3.35329200 -3.35318024 -3.35310716 -3.35309121 -3.35310544 -3.35314380 -3.35317497 -3.35318605 -3.35314249 -3.35306663 -3.35294191 -3.35284053 -3.35276225
-3.35248017 -3.35249414 -3.35254689 -3.35262558 -3.35271271 -3.35280072 -3.35288128 -3.35296587 -3.35304462 -3.35311737 -3.35319904 -3.35328491 -3.35337311 -3.35342969 -3.35347906 -3.35348114 -3.35344541 -3.35335228 -3.35325243 -3.35314081 -3.35305252 -3.35299735 -3.35298509 -3.35301001 -3.35305043 -3.35307842 -3.35306606 -3.35299766 -3.35288354 -3.35274924 -3.35262472 -3.35252651
-3.35257855 -3.35260016 -3.35265683 -3.35275047 -3.35286120 -3.35295821 -3.35305426 -3.35314386 -3.35322135 -3.35328557 -3.35335571 -3.35342778 -3.35349966 -3.35355527 -3.35359533 -3.35359965 -3.35356979 -3.35348881 -3.35339655 -3.35329634 -3.35321836 -3.35317781 -3.35318155 -3.35320687 -3.35323389 -3.35324891 -3.35320585 -3.35311401 -3.35298097 -3.35284240 -3.35270434 -3.35261088
-3.35299137 -3.35302737 -3.35310348 -3.35321854 -3.35334098 -3.35344973 -3.35355039 -3.35363417 -3.35370507 -3.35376323 -3.35381840 -3.35386623 -3.35391733 -3.35395206 -3.35399727 -3.35399953 -3.35395883 -3.35389642 -3.35381019 -3.35371780 -3.35365767 -3.35363026 -3.35363561 -3.35365790 -3.35368498 -3.35367563 -3.35361117 -3.35349770 -3.35336428 -3.35322214 -3.35308512 -3.35301581
-3.35367750 -3.35373549 -3.35383044 -3.35394754 -3.35408006 -3.35418329 -3.35427536 -3.35435599 -3.35440764 -3.35445357 -3.35447503 -3.35450980 -3.35454653 -3.35456806 -3.35458810 -3.35458136 -3.35455275 -3.35450381 -3.35443237 -3.35435743 -3.35430968 -3.35429414 -3.35430343 -3.35432486 -3.35434151 -3.35432391 -3.35425113 -3.35412032 -3.35397495 -3.35384873 -3.35373357 -3.35367827
-3.35455621 -3.35463002 -3.35472947 -3.35483242 -3.35495892 -3.35505741 -3.35512828 -3.35519395 -3.35522869 -3.35524431 -3.35525712 -3.35527125 -3.35528016 -3.35528996 -3.35529458 -3.35528167 -3.35526514 -3.35522507 -3.35517016 -3.35511475 -3.35508268 -3.35508208 -3.35509776 -3.35512792 -3.35512813 -3.35509870 -3.35502806 -3.35490711 -3.35477559 -3.35465443 -3.35456722 -3.35453324
-3.35552799 -3.35559556 -3.35568394 -3.35578822 -3.35587165 -3.35595347 -3.35600421 -3.35604288 -3.35605974 -3.35605993 -3.35605192 -3.35603971 -3.35602673 -3.35601576 -3.35602134 -3.35601272 -3.35599787 -3.35596882 -3.35593556 -3.35590251 -3.35589714 -3.35590715 -3.35593939 -3.35596699 -3.35596503 -3.35595051 -3.35587952 -3.35578713 -3.35567770 -3.35556686 -3.35550591 -3.35549463
-3.35650562 -3.35656829 -3.35662868 -3.35668951 -3.35674186 -3.35677691 -3.35680273 -3.35681897 -3.35681405 -3.35680300 -3.35677311 -3.35674258 -3.35671203 -3.35669986 -3.35669301 -3.35669000 -3.35667829 -3.35666769 -3.35666057 -3.35665921 -3.35666718 -3.35669750 -3.35673323 -3.35676847 -3.35678950 -3.35677942 -3.35673992 -3.35665442 -3.35657322 -3.35651192 -3.35647651 -3.35647012
-3.35742121 -3.35744397 -3.35747195 -3.35748373 -3.35749551 -3.35749025 -3.35748537 -3.35746381 -3.35744083 -3.35741238 -3.35737182 -3.35733265 -3.35730077 -3.35728523 -3.35727509 -3.35727045 -3.35727533 -3.35727991 -3.35729094 -3.35730657 -3.35733831 -3.35738412 -3.35743512 -3.35748907 -3.35753427 -3.35754298 -3.35752473 -3.35748226 -3.35744217 -3.35739948 -3.35738842 -3.35739616
-3.35819584 -3.35819264 -3.35817402 -3.35813721 -3.35810270 -3.35805608 -3.35800642 -3.35796396 -3.35792594 -3.35789177 -3.35784063 -3.35780545 -3.35777835 -3.35776049 -3.35774962 -3.35775412 -3.35776278 -3.35779800 -3.35781108 -3.35784356 -3.35788728 -3.35794457 -3.35801501 -3.35808719 -3.35814737 -3.35819520 -3.35821393 -3.35821748 -3.35820596 -3.35819037 -3.35819512 -3.35819686
-3.35883731 -3.35878954 -3.35871615 -3.35864190 -3.35855875 -3.35847386 -3.35840727 -3.35833983 -3.35829617 -3.35825715 -3.35821233 -3.35818558 -3.35816252 -3.35815155 -3.35813768 -3.35814490 -3.35816684 -3.35818228 -3.35822981 -3.35826212 -3.35831374 -3.35838175 -3.35846315 -3.35855379 -3.35863799 -3.35872343 -3.35878050 -3.35881672 -3.35884224 -3.35885408 -3.35885895 -3.35885030
-3.35932806 -3.35924537 -3.35914139 -3.35902100 -3.35890513 -3.35879118 -3.35870843 -3.35863561 -3.35859153 -3.35856099 -3.35853231 -3.35851525 -3.35850237 -3.35849081 -3.35848133 -3.35847994 -3.35850102 -3.35851272 -3.35854156 -3.35857266 -3.35862479 -3.35870182 -3.35879132 -3.35889467 -3.35901080 -3.35911289 -3.35921451 -3.35928525 -3.35933880 -3.35936381 -3.35937666 -3.35936601
-3.35967765 -3.35957664 -3.35944791 -3.35930788 -3.35916187 -3.35904061 -3.35896298 -3.35889296 -3.35885945 -3.35883555 -3.35881979 -3.35881509 -3.35881441 -3.35879500 -3.35878995 -3.35878066 -3.35878430 -3.35878346 -3.35878267 -3.35880752 -3.35885135 -3.35892193 -3.35901752 -3.35912430 -3.35925631 -3.35938450 -3.35950613 -3.35960838 -3.35969733 -3.35973748 -3.35975220 -3.35973755
-3.35990028 -3.35979605 -3.35966852 -3.35951969 -3.35938375 -3.35927122 -3.35918792 -3.35913416 -3.35911025 -3.35911099 -3.35912129 -3.35912325 -3.35913006 -3.35911695 -3.35908840 -3.35906477 -3.35903390 -3.35900077 -3.35897312 -3.35897251 -3.35898988 -3.35903811 -3.35913104 -3.35923635 -3.35938797 -3.35953662 -3.35968106 -3.35980722 -3.35990917 -3.35997539 -3.35998622 -3.35996456
-3.36005462 -3.35996153 -3.35984106 -3.35971804 -3.35959917 -3.35950123 -3.35944047 -3.35939789 -3.35939391 -3.35940918 -3.35943489 -3.35945187 -3.35946606 -3.35944567 -3.35940419 -3.35933891 -3.35927295 -3.35919979 -3.35913475 -3.35908838 -3.35907438 -3.35909966 -3.35917374 -3.35928460 -3.35944071 -3.35959731 -3.35975669 -3.35988983 -3.36000242 -3.36008643 -3.36011432 -3.36010452
-3.36014387 -3.36008825 -3.36000091 -3.35990436 -3.35981993 -3.35974027 -3.35970244 -3.35969056 -3.35970359 -3.35973864 -3.35977697 -3.35980320 -3.35980316 -3.35977763 -3.35971911 -3.35961928 -3.35949559 -3.35938201 -3.35926277 -3.35917216 -3.35912753 -3.35912220 -3.35916655 -3.35927587 -3.35941065 -3.35956127 -3.35972694 -3.35988238 -3.36001294 -3.36010608 -3.36016165 -3.36017967
