32 32 0 1
-3.36073088 -3.36061247 -3.36046196 -3.36030750 -3.36015569 -3.36002267 -3.35992047 -3.35986462 -3.35985182 -3.35986926 -3.35990803 -3.35995689 -3.35998444 -3.35999605 -3.35998569 -3.35993695 -3.35987455 -3.35981053 -3.35975974 -3.35973340 -3.35974615 -3.35979875 -3.35989593 -3.36002431 -3.36017511 -3.36034683 -3.36050672 -3.36063384 -3.36073918 -3.36080619 -3.36083069 -3.36080907
-3.36076384 -3.36068566 -3.36059631 -3.36047702 -3.36035994 -3.36025118 -3.36016809 -3.36014062 -3.36013423 -3.36017477 -3.36022495 -3.36028986 -3.36034268 -3.36035336 -3.36033646 -3.36026940 -3.36017355 -3.36006493 -3.35995241 -3.35987812 -3.35984964 -3.35984748 -3.35990556 -3.35998770 -3.36011435 -3.36025283 -3.36039881 -3.36053562 -3.36064899 -3.36073809 -3.36078220 -3.36079575
-3.36076967 -3.36074775 -3.36069351 -3.36062518 -3.36054908 -3.36046750 -3.36040758 -3.36037772 -3.36038955 -3.36044418 -3.36051413 -3.36058418 -3.36063412 -3.36065132 -3.36062208 -3.36053187 -3.36041324 -3.36027092 -3.36012491 -3.36000532 -3.35992401 -3.35988082 -3.35988394 -3.35993908 -3.36000888 -3.36013349 -3.36026029 -3.36040627 -3.36052915 -3.36063914 -3.36070827 -3.36075291
-3.36072616 -3.36074631 -3.36073393 -3.36071707 -3.36067733 -3.36062010 -3.36058563 -3.36057977 -3.36059058 -3.36064246 -3.36071487 -3.36078196 -3.36083477 -3.36083908 -3.36079948 -3.36069942 -3.36056436 -3.36039628 -3.36022593 -3.36006636 -3.35994280 -3.35986087 -3.35982124 -3.35983658 -3.35988387 -3.35997782 -3.36009760 -3.36022388 -3.36036512 -3.36048487 -3.36058750 -3.36067424
-3.36060112 -3.36066174 -3.36069493 -3.36071205 -3.36070792 -3.36068965 -3.36066719 -3.36067327 -3.36069809 -3.36075863 -3.36081597 -3.36087953 -3.36092298 -3.36091603 -3.36086500 -3.36075690 -3.36060681 -3.36042296 -3.36023474 -3.36005437 -3.35990059 -3.35978586 -3.35971291 -3.35968934 -3.35971827 -3.35977880 -3.35987995 -3.36000872 -3.36014843 -3.36028437 -3.36040608 -3.36051628
-3.36038857 -3.36047767 -3.36054775 -3.36060273 -3.36063506 -3.36064310 -3.36064711 -3.36065496 -3.36069018 -3.36073928 -3.36079527 -3.36084372 -3.36087406 -3.36086505 -3.36079487 -3.36068608 -3.36051973 -3.36033172 -3.36013289 -3.35993273 -3.35976374 -3.35963173 -3.35954017 -3.35948881 -3.35949039 -3.35952369 -3.35961348 -3.35973363 -3.35986608 -3.36001374 -3.36016188 -3.36028210
-3.36005840 -3.36017109 -3.36027222 -3.36036045 -3.36041194 -3.36045773 -3.36049363 -3.36051122 -3.36054595 -3.36059117 -3.36063603 -3.36068374 -3.36068723 -3.36066656 -3.36058786 -3.36046089 -3.36029433 -3.36009906 -3.35990071 -3.35970720 -3.35952939 -3.35939059 -3.35927995 -3.35920625 -3.35917904 -3.35921072 -3.35928040 -3.35939131 -3.35952332 -3.35966759 -3.35980221 -3.35993052
-3.35958124 -3.35971062 -3.35984721 -3.35995912 -3.36003212 -3.36010919 -3.36016323 -3.36020653 -3.36024562 -3.36028537 -3.36032118 -3.36034685 -3.36033684 -3.36030553 -3.36021521 -3.36007530 -3.35990827 -3.35971859 -3.35952427 -3.35933167 -3.35916008 -3.35901833 -3.35890181 -3.35881506 -3.35878194 -3.35879454 -3.35885164 -3.35894802 -3.35907594 -3.35919962 -3.35932413 -3.35944313
-3.35895863 -3.35909476 -3.35924342 -3.35937521 -3.35948636 -3.35958155 -3.35965599 -3.35970946 -3.35975876 -3.35979398 -3.35983000 -3.35984171 -3.35982479 -3.35976582 -3.35966784 -3.35952454 -3.35935805 -3.35917538 -3.35898522 -3.35879633 -3.35863503 -3.35850077 -3.35838432 -3.35830443 -3.35826467 -3.35827350 -3.35832363 -3.35840713 -3.35851181 -3.35860915 -3.35871581 -3.35883195
-3.35820793 -3.35834257 -3.35848768 -3.35863125 -3.35875173 -3.35886648 -3.35895691 -3.35902371 -3.35907674 -3.35911531 -3.35914121 -3.35915319 -3.35911960 -3.35905650 -3.35894939 -3.35880384 -3.35864050 -3.35846087 -3.35828913 -3.35811297 -3.35795754 -3.35782434 -3.35772004 -3.35764865 -3.35762575 -3.35764494 -3.35769202 -3.35774810 -3.35782335 -3.35790754 -3.35799669 -3.35809063
-3.35732147 -3.35744677 -3.35758855 -3.35773569 -3.35785439 -3.35797688 -3.35806528 -3.35813971 -3.35820442 -3.35824217 -3.35826701 -3.35826289 -3.35823338 -3.35816396 -3.35805906 -3.35791502 -3.35776016 -3.35758899 -3.35742881 -3.35727597 -3.35713620 -3.35702764 -3.35694528 -3.35689747 -3.35689072 -3.35690182 -3.35694303 -3.35698522 -3.35703905 -3.35709299 -3.35715478 -3.35722635
-3.35634038 -3.35644525 -3.35657771 -3.35670306 -3.35683061 -3.35694066 -3.35702167 -3.35709459 -3.35715140 -3.35719375 -3.35721734 -3.35721403 -3.35718819 -3.35711377 -3.35701572 -3.35687519 -3.35673329 -3.35658090 -3.35643966 -3.35630842 -3.35619992 -3.35611909 -3.35606916 -3.35604899 -3.35605152 -3.35607313 -3.35610451 -3.35614231 -3.35616571 -3.35619356 -3.35622193 -3.35627098
-3.35530756 -3.35537923 -3.35548496 -3.35559763 -3.35570034 -3.35579999 -3.35587969 -3.35593995 -3.35598923 -3.35603364 -3.35605083 -3.35604323 -3.35601565 -3.35595337 -3.35585938 -3.35574206 -3.35561394 -3.35549255 -3.35536793 -3.35527184 -3.35519872 -3.35516059 -3.35514001 -3.35513748 -3.35517352 -3.35520144 -3.35523209 -3.35524783 -3.35524761 -3.35525264 -3.35525274 -3.35526810
-3.35427868 -3.35432226 -3.35439236 -3.35447164 -3.35456070 -3.35464873 -3.35470799 -3.35476260 -3.35480783 -3.35484863 -3.35486558 -3.35484685 -3.35480509 -3.35475819 -3.35467312 -3.35457516 -3.35447438 -3.35437997 -3.35429053 -3.35423284 -3.35420161 -3.35419987 -3.35421080 -3.35425096 -3.35430907 -3.35434307 -3.35436918 -3.35437110 -3.35435740 -3.35432588 -3.35428577 -3.35427398
-3.35333477 -3.35334236 -3.35338831 -3.35344286 -3.35350905 -3.35357970 -3.35363422 -3.35367864 -3.35370999 -3.35373808 -3.35375357 -3.35374186 -3.35370683 -3.35365107 -3.35357503 -3.35349394 -3.35341253 -3.35334931 -3.35329756 -3.35327943 -3.35328354 -3.35332200 -3.35338002 -3.35345015 -3.35352267 -3.35357440 -3.35359906 -3.35359052 -3.35354313 -3.35347941 -3.35341250 -3.35336141
-3.35255165 -3.35253375 -3.35255985 -3.35259879 -3.35265451 -3.35271688 -3.35277034 -3.35280120 -3.35282992 -3.35285183 -3.35284827 -3.35283808 -3.35280074 -3.35274435 -3.35267190 -3.35260490 -3.35254252 -3.35250496 -3.35248710 -3.35249060 -3.35253557 -3.35260403 -3.35270417 -3.35280865 -3.35290164 -3.35296664 -3.35299190 -3.35295797 -3.35288419 -3.35278856 -3.35267955 -3.35260556
-3.35203052 -3.35199413 -3.35200533 -3.35203973 -3.35208863 -3.35214634 -3.35220067 -3.35224267 -3.35226261 -3.35227754 -3.35227733 -3.35224290 -3.35218812 -3.35213090 -3.35205958 -3.35199807 -3.35194405 -3.35193175 -3.35193057 -3.35196298 -3.35203206 -3.35213456 -3.35227090 -3.35240132 -3.35251123 -3.35258047 -3.35260152 -3.35255720 -3.35246555 -3.35232787 -3.35220688 -3.35210356
-3.35181704 -3.35178892 -3.35179682 -3.35183109 -3.35187958 -3.35194343 -3.35200227 -3.35205068 -3.35208576 -3.35209331 -3.35207265 -3.35202985 -3.35196628 -3.35188639 -3.35181596 -3.35174260 -3.35169499 -3.35167216 -3.35169109 -3.35174600 -3.35184512 -3.35197455 -3.35211992 -3.35227182 -3.35239460 -3.35247289 -3.35248386 -3.35243105 -3.35231017 -3.35217151 -3.35202212 -3.35190265
-3.35196310 -3.35193138 -3.35193716 -3.35198290 -3.35205112 -3.35212135 -3.35219878 -3.35225920 -3.35229450 -3.35229489 -3.35225625 -3.35219211 -3.35211050 -3.35201463 -3.35192890 -3.35185206 -3.35180166 -3.35178563 -3.35180853 -3.35186825 -3.35197717 -3.35212032 -3.35228925 -3.35244958 -3.35257626 -3.35265330 -3.35265342 -3.35259026 -3.35246130 -3.35231936 -3.35216365 -3.35204014
-3.35243846 -3.35241009 -3.35242517 -3.35248852 -3.35256915 -3.35265401 -3.35274123 -3.35281168 -3.35284580 -3.35284124 -3.35279514 -3.35271125 -3.35261044 -3.35248795 -3.35239625 -3.35230674 -3.35223913 -3.35221962 -3.35223207 -3.35229230 -3.35240769 -3.35256226 -3.35273279 -3.35290018 -3.35303839 -3.35311511 -3.35310683 -3.35303390 -3.35291693 -3.35277452 -3.35262868 -3.35251202
-3.35319713 -3.35318637 -3.35321053 -3.35327238 -3.35336580 -3.35345466 -3.35354451 -3.35361399 -3.35364470 -3.35363999 -3.35357844 -3.35348910 -3.35337595 -3.35323471 -3.35311592 -3.35300370 -3.35293020 -3.35290846 -3.35291592 -3.35296931 -3.35308203 -3.35324248 -3.35341782 -3.35359200 -3.35373108 -3.35381279 -3.35380989 -3.35373407 -3.35361740 -3.35348896 -3.35336067 -3.35325924
-3.35416109 -3.35416486 -3.35418882 -3.35424186 -3.35433651 -3.35442119 -3.35449454 -3.35456115 -3.35458860 -3.35457257 -3.35451018 -3.35441364 -3.35427993 -3.35413051 -3.35399160 -3.35386796 -3.35379057 -3.35375400 -3.35375731 -3.35381018 -3.35391919 -3.35408264 -3.35426221 -3.35444238 -3.35457551 -3.35465553 -3.35467016 -3.35461002 -3.35451506 -3.35439831 -3.35429047 -3.35420976
-3.35524620 -3.35523972 -3.35525272 -3.35530481 -3.35535921 -3.35542842 -3.35548685 -3.35553858 -3.35555745 -3.35553972 -3.35546606 -3.35535921 -3.35521596 -3.35505462 -3.35491551 -3.35479346 -3.35470619 -3.35465747 -3.35466040 -3.35472734 -3.35484437 -3.35500343 -3.35518984 -3.35536343 -3.35550457 -3.35560264 -3.35562377 -3.35559659 -3.35552738 -3.35542599 -3.35534446 -3.35527908
-3.35634827 -3.35633665 -3.35632743 -3.35633252 -3.35635903 -3.35638283 -3.35641660 -3.35644534 -3.35644533 -3.35642486 -3.35634725 -3.35622694 -3.35608109 -3.35592755 -3.35578578 -3.35566566 -3.35557759 -3.35553697 -3.35556395 -3.35563996 -3.35575809 -3.35592387 -3.35611012 -3.35629341 -3.35644973 -3.35655888 -3.35660691 -3.35659164 -3.35654948 -3.35649264 -3.35643602 -3.35637720
-3.35739143 -3.35735025 -3.35731135 -3.35727122 -3.35724966 -3.35723181 -3.35722737 -3.35722279 -3.35719989 -3.35715997 -3.35707894 -3.35695587 -3.35681659 -3.35667538 -3.35654430 -3.35643410 -3.35636619 -3.35634110 -3.35638155 -3.35646379 -3.35660462 -3.35678330 -3.35697527 -3.35716936 -3.35733714 -3.35746696 -3.35753483 -3.35756043 -3.35754809 -3.35751503 -3.35747515 -3.35743261
-3.35830361 -3.35823206 -3.35815116 -3.35806436 -3.35798633 -3.35792407 -3.35787517 -3.35783177 -3.35778422 -3.35772920 -3.35763735 -3.35753515 -3.35740675 -3.35728048 -3.35716984 -3.35708256 -3.35703128 -3.35704611 -3.35709286 -3.35719832 -3.35734912 -3.35752934 -3.35773712 -3.35794052 -3.35812180 -3.35827515 -3.35837408 -3.35842781 -3.35844714 -3.35843747 -3.35840972 -3.35836080
-3.35906416 -3.35895176 -3.35881873 -3.35868589 -3.35856342 -3.35845049 -3.35836453 -3.35828285 -3.35821912 -3.35815080 -3.35806522 -3.35797485 -3.35786808 -3.35776833 -3.35767391 -3.35760945 -3.35759811 -3.35761610 -3.35770154 -3.35781440 -3.35797205 -3.35817304 -3.35837741 -3.35859553 -3.35878976 -3.35896443 -3.35908677 -3.35916704 -3.35921373 -3.35921935 -3.35919603 -3.35913694
-3.35965513 -3.35950960 -3.35933956 -3.35915902 -3.35898995 -3.35883964 -3.35871959 -3.35861429 -3.35854018 -3.35847244 -3.35839546 -3.35831843 -3.35824600 -3.35815765 -3.35808459 -3.35805162 -3.35806247 -3.35810163 -3.35818695 -3.35831509 -3.35848404 -3.35868748 -3.35889949 -3.35911482 -3.35933111 -3.35950899 -3.35966105 -3.35976296 -3.35982021 -3.35983304 -3.35981266 -3.35975064
-3.36007811 -3.35991196 -3.35970864 -3.35949352 -3.35928803 -3.35911660 -3.35898427 -3.35887612 -3.35880010 -3.35873644 -3.35867200 -3.35861739 -3.35856157 -3.35850016 -3.35846288 -3.35843958 -3.35846057 -3.35851797 -3.35859911 -3.35872369 -3.35888183 -3.35908222 -3.35929517 -3.35950608 -3.35972290 -3.35991207 -3.36007337 -3.36019079 -3.36026740 -3.36028682 -3.36026372 -3.36020144
-3.36035834 -3.36017568 -3.35996795 -3.35974415 -3.35952688 -3.35934563 -3.35920138 -3.35910073 -3.35902648 -3.35898112 -3.35894897 -3.35891362 -3.35889094 -3.35885354 -3.35882265 -3.35881930 -3.35883115 -3.35887288 -3.35894421 -3.35905443 -3.35919204 -3.35935804 -3.35956075 -3.35976440 -3.35998482 -3.36018153 -3.36034823 -3.36047407 -3.36055848 -3.36059671 -3.36056428 -3.36048708
-3.36054372 -3.36036851 -3.36016416 -3.35994788 -3.35973949 -3.35956102 -3.35943208 -3.35933056 -3.35927319 -3.35924794 -3.35923968 -3.35923638 -3.35924179 -3.35922798 -3.35921125 -3.35919134 -3.35919490 -3.35920896 -3.35924945 -3.35932714 -3.35943106 -3.35956988 -3.35973938 -3.35993129 -3.36014832 -3.36033478 -3.36050111 -3.36062682 -3.36071470 -3.36076406 -3.36074181 -3.36066647
-3.36065421 -3.36050162 -3.36032036 -3.36013006 -3.35995016 -3.35978568 -3.35966676 -3.35958521 -3.35954841 -3.35954915 -3.35956530 -3.35959080 -3.35960431 -3.35961487 -3.35960535 -3.35957699 -3.35954000 -3.35952800 -3.35952173 -3.35954801 -3.35961710 -3.35971187 -3.35984807 -3.36001854 -3.36019527 -3.36037136 -3.36053836 -3.36067290 -3.36077278 -3.36082311 -3.36082572 -3.36077011
