32 32 0 1
-3.36068907 -3.36063535 -3.36054762 -3.36044450 -3.36033067 -3.36022596 -3.36013130 -3.36006485 -3.36002788 -3.36000859 -3.35999989 -3.35999264 -3.35995762 -3.35990473 -3.35982371 -3.35970454 -3.35957334 -3.35944745 -3.35933926 -3.35926900 -3.35925167 -3.35929215 -3.35938978 -3.35953007 -3.35970655 -3.35991201 -3.36011526 -3.36029456 -3.36045614 -3.36057888 -3.36066246 -3.36070356
-3.36069207 -3.36067525 -3.36063960 -3.36056855 -3.36048898 -3.36040377 -3.36033070 -3.36029891 -3.36027441 -3.36028301 -3.36029011 -3.36029767 -3.36028519 -3.36022823 -3.36013340 -3.35998731 -3.35981906 -3.35963937 -3.35947311 -3.35935398 -3.35930102 -3.35928474 -3.35934477 -3.35944294 -3.35959760 -3.35977149 -3.35996548 -3.36015273 -3.36032544 -3.36047613 -3.36058202 -3.36065930
-3.36067525 -3.36070619 -3.36069915 -3.36067492 -3.36062910 -3.36056426 -3.36051474 -3.36048587 -3.36048716 -3.36051934 -3.36054430 -3.36056272 -3.36054944 -3.36049153 -3.36037937 -3.36020573 -3.36001269 -3.35979869 -3.35959614 -3.35943234 -3.35932614 -3.35928056 -3.35928981 -3.35936435 -3.35946546 -3.35962498 -3.35979720 -3.35999606 -3.36017796 -3.36035215 -3.36048584 -3.36059833
-3.36062374 -3.36068945 -3.36071933 -3.36073073 -3.36070802 -3.36066703 -3.36064129 -3.36063662 -3.36064037 -3.36067492 -3.36071795 -3.36073626 -3.36072560 -3.36065112 -3.36052542 -3.36034077 -3.36012760 -3.35988716 -3.35966181 -3.35946549 -3.35932620 -3.35924450 -3.35921695 -3.35925570 -3.35933510 -3.35946598 -3.35963161 -3.35981424 -3.36001467 -3.36019564 -3.36036484 -3.36051226
-3.36050575 -3.36060402 -3.36066226 -3.36069490 -3.36070396 -3.36069641 -3.36068307 -3.36069383 -3.36071096 -3.36075435 -3.36078401 -3.36080347 -3.36078697 -3.36070848 -3.36057251 -3.36037833 -3.36015008 -3.35990198 -3.35966653 -3.35945335 -3.35928583 -3.35917770 -3.35912355 -3.35912591 -3.35918221 -3.35928055 -3.35942517 -3.35960682 -3.35980695 -3.36001061 -3.36019919 -3.36037167
-3.36032064 -3.36043769 -3.36052099 -3.36058399 -3.36061230 -3.36061457 -3.36061924 -3.36063038 -3.36066098 -3.36070414 -3.36073871 -3.36074733 -3.36072972 -3.36065562 -3.36050513 -3.36032111 -3.36008162 -3.35983004 -3.35958712 -3.35936554 -3.35918916 -3.35906255 -3.35898488 -3.35895675 -3.35898741 -3.35906242 -3.35919354 -3.35936823 -3.35956949 -3.35978526 -3.35999281 -3.36017392
-3.36003811 -3.36017080 -3.36026716 -3.36034049 -3.36037825 -3.36040356 -3.36043220 -3.36044733 -3.36048466 -3.36052595 -3.36055905 -3.36058047 -3.36054915 -3.36047451 -3.36032804 -3.36013368 -3.35990674 -3.35965548 -3.35941769 -3.35920085 -3.35901709 -3.35888178 -3.35878213 -3.35872715 -3.35872869 -3.35879751 -3.35891484 -3.35907701 -3.35927216 -3.35948757 -3.35968750 -3.35987599
-3.35962781 -3.35976153 -3.35988422 -3.35996629 -3.36000750 -3.36005375 -3.36008765 -3.36012264 -3.36016357 -3.36019850 -3.36023083 -3.36024981 -3.36021612 -3.36014585 -3.36001448 -3.35982384 -3.35960250 -3.35937264 -3.35914438 -3.35892588 -3.35874004 -3.35859248 -3.35848059 -3.35840910 -3.35840159 -3.35845033 -3.35854878 -3.35869871 -3.35889133 -3.35909376 -3.35928191 -3.35946275
-3.35908209 -3.35922371 -3.35933757 -3.35942040 -3.35948878 -3.35954111 -3.35958324 -3.35962086 -3.35966312 -3.35970830 -3.35974469 -3.35976024 -3.35974035 -3.35967022 -3.35954597 -3.35936952 -3.35916513 -3.35895528 -3.35873029 -3.35851705 -3.35833928 -3.35818874 -3.35806248 -3.35799192 -3.35796533 -3.35799873 -3.35809602 -3.35823411 -3.35841080 -3.35858188 -3.35876658 -3.35892971
-3.35843273 -3.35855303 -3.35866075 -3.35874650 -3.35880115 -3.35885986 -3.35890832 -3.35895595 -3.35900136 -3.35904298 -3.35908664 -3.35911794 -3.35910358 -3.35905214 -3.35894192 -3.35878051 -3.35859593 -3.35838657 -3.35818432 -3.35798018 -3.35780028 -3.35764428 -3.35751885 -3.35744434 -3.35742058 -3.35746221 -3.35754804 -3.35766962 -3.35781913 -3.35798398 -3.35814106 -3.35828990
-3.35766326 -3.35776296 -3.35785442 -3.35792659 -3.35796703 -3.35801604 -3.35805318 -3.35809713 -3.35815431 -3.35820205 -3.35826224 -3.35830152 -3.35830688 -3.35827007 -3.35818382 -3.35804464 -3.35787819 -3.35768582 -3.35749322 -3.35730230 -3.35711974 -3.35697805 -3.35686490 -3.35679290 -3.35678386 -3.35681073 -3.35689494 -3.35700951 -3.35714526 -3.35728887 -3.35742181 -3.35754426
-3.35680989 -3.35688461 -3.35694347 -3.35698485 -3.35700941 -3.35703111 -3.35704397 -3.35708301 -3.35713318 -3.35719921 -3.35727213 -3.35733044 -3.35736830 -3.35735167 -3.35729170 -3.35717418 -3.35702960 -3.35685461 -3.35667115 -3.35648751 -3.35632890 -3.35619835 -3.35610508 -3.35605054 -3.35604647 -3.35608623 -3.35616515 -3.35627432 -3.35639647 -3.35651855 -3.35662622 -3.35673057
-3.35591412 -3.35594139 -3.35596448 -3.35596968 -3.35595274 -3.35593754 -3.35593544 -3.35595218 -3.35599597 -3.35607333 -3.35616143 -3.35624254 -3.35630898 -3.35632767 -3.35629501 -3.35621206 -3.35609542 -3.35594141 -3.35576196 -3.35560271 -3.35546115 -3.35536007 -3.35528120 -3.35524216 -3.35526486 -3.35531471 -3.35540142 -3.35550011 -3.35560452 -3.35571025 -3.35579883 -3.35586513
-3.35500920 -3.35500040 -3.35496726 -3.35491901 -3.35487009 -3.35481958 -3.35478105 -3.35478360 -3.35482713 -3.35491450 -3.35501893 -3.35512212 -3.35520175 -3.35526207 -3.35526296 -3.35521347 -3.35512602 -3.35498943 -3.35483482 -3.35469866 -3.35458240 -3.35449875 -3.35444728 -3.35444120 -3.35448360 -3.35455239 -3.35464358 -3.35474125 -3.35483853 -3.35491664 -3.35497115 -3.35500739
-3.35417365 -3.35411589 -3.35404754 -3.35395433 -3.35385442 -3.35376730 -3.35370585 -3.35368652 -3.35372016 -3.35380909 -3.35392932 -3.35406313 -3.35417877 -3.35426619 -3.35429991 -3.35427876 -3.35421037 -3.35410816 -3.35397931 -3.35386305 -3.35376593 -3.35371220 -3.35369242 -3.35371249 -3.35377790 -3.35386553 -3.35396833 -3.35406104 -3.35413342 -3.35418403 -3.35421453 -3.35421378
-3.35347052 -3.35337845 -3.35327228 -3.35315056 -3.35302144 -3.35290477 -3.35282472 -3.35277946 -3.35281111 -3.35289576 -3.35302103 -3.35317783 -3.35331676 -3.35343208 -3.35349416 -3.35350672 -3.35346022 -3.35337960 -3.35327952 -3.35317377 -3.35310789 -3.35307106 -3.35307871 -3.35313554 -3.35322274 -3.35332693 -3.35343467 -3.35350975 -3.35356369 -3.35358544 -3.35357347 -3.35354524
-3.35299741 -3.35288189 -3.35275442 -3.35261029 -3.35245991 -3.35232834 -3.35223045 -3.35218532 -3.35220206 -3.35227944 -3.35241556 -3.35256698 -3.35270927 -3.35284715 -3.35293224 -3.35297065 -3.35294261 -3.35289191 -3.35280741 -3.35272654 -3.35267519 -3.35266391 -3.35270447 -3.35278224 -3.35288785 -3.35299295 -3.35309695 -3.35316819 -3.35319952 -3.35317853 -3.35314858 -3.35308839
-3.35279471 -3.35268916 -3.35255603 -3.35241269 -3.35225318 -3.35211789 -3.35201398 -3.35196200 -3.35197924 -3.35204356 -3.35215900 -3.35230843 -3.35246022 -3.35258524 -3.35268947 -3.35273120 -3.35272842 -3.35267687 -3.35261810 -3.35256155 -3.35253932 -3.35254987 -3.35260155 -3.35270118 -3.35281647 -3.35292653 -3.35301712 -3.35307255 -3.35307158 -3.35303909 -3.35298166 -3.35290163
-3.35292047 -3.35281707 -3.35269336 -3.35256701 -3.35243215 -3.35230300 -3.35220602 -3.35215311 -3.35215595 -3.35219883 -3.35229021 -3.35241262 -3.35254073 -3.35265565 -3.35275485 -3.35280233 -3.35281377 -3.35278245 -3.35274105 -3.35270790 -3.35270116 -3.35273257 -3.35280959 -3.35292101 -3.35303421 -3.35314247 -3.35320778 -3.35324032 -3.35322336 -3.35317888 -3.35310509 -3.35301845
-3.35335182 -3.35326787 -3.35316814 -3.35307043 -3.35296326 -3.35285351 -3.35276697 -3.35271252 -3.35269629 -3.35271743 -3.35277554 -3.35285526 -3.35295199 -3.35303750 -3.35312682 -3.35317140 -3.35317234 -3.35316187 -3.35313380 -3.35311648 -3.35313515 -3.35319136 -3.35327903 -3.35340261 -3.35352644 -3.35362590 -3.35367162 -3.35367863 -3.35365410 -3.35359584 -3.35351902 -3.35343627
-3.35404630 -3.35398991 -3.35392448 -3.35385147 -3.35377299 -3.35368591 -3.35360727 -3.35355352 -3.35351162 -3.35350890 -3.35351988 -3.35356086 -3.35361931 -3.35366199 -3.35371166 -3.35373504 -3.35374216 -3.35374888 -3.35373858 -3.35374082 -3.35378249 -3.35386551 -3.35397384 -3.35410550 -3.35422892 -3.35432647 -3.35436625 -3.35435017 -3.35430650 -3.35424760 -3.35417951 -3.35411114
-3.35493019 -3.35490680 -3.35486616 -3.35481173 -3.35475981 -3.35468891 -3.35461122 -3.35455395 -3.35449271 -3.35445148 -3.35442619 -3.35442310 -3.35442685 -3.35442998 -3.35443935 -3.35443953 -3.35445056 -3.35445823 -3.35446881 -3.35449276 -3.35456170 -3.35466818 -3.35479821 -3.35494949 -3.35506813 -3.35515907 -3.35519633 -3.35517955 -3.35513513 -3.35507500 -3.35501606 -3.35497150
-3.35591501 -3.35590223 -3.35587473 -3.35585232 -3.35579374 -3.35573498 -3.35566028 -3.35559319 -3.35551476 -3.35544669 -3.35538010 -3.35532553 -3.35527539 -3.35522991 -3.35520871 -3.35519536 -3.35520120 -3.35520847 -3.35523895 -3.35529505 -3.35539191 -3.35552478 -3.35568379 -3.35583370 -3.35595950 -3.35606615 -3.35609901 -3.35609794 -3.35606160 -3.35600191 -3.35596006 -3.35593253
-3.35691222 -3.35690828 -3.35688685 -3.35684639 -3.35679332 -3.35671542 -3.35664125 -3.35655844 -3.35646382 -3.35637050 -3.35626930 -3.35617085 -3.35607419 -3.35600328 -3.35594587 -3.35591803 -3.35590733 -3.35592666 -3.35599060 -3.35607581 -3.35619482 -3.35635488 -3.35652504 -3.35669203 -3.35684092 -3.35694926 -3.35700941 -3.35700306 -3.35697955 -3.35695595 -3.35693494 -3.35691153
-3.35784612 -3.35782994 -3.35779516 -3.35774074 -3.35766945 -3.35757696 -3.35748379 -3.35738382 -3.35727129 -3.35715564 -3.35703184 -3.35689890 -3.35677943 -3.35668123 -3.35660323 -3.35655511 -3.35654947 -3.35658067 -3.35665390 -3.35676669 -3.35691507 -3.35709565 -3.35728590 -3.35747863 -3.35764380 -3.35776600 -3.35783938 -3.35786889 -3.35787085 -3.35785733 -3.35785037 -3.35785212
-3.35865555 -3.35862222 -3.35856741 -3.35847733 -3.35837902 -3.35826894 -3.35814894 -3.35802779 -3.35790236 -3.35777819 -3.35762914 -3.35749377 -3.35735463 -3.35723790 -3.35715400 -3.35710812 -3.35709711 -3.35715038 -3.35723037 -3.35736073 -3.35752873 -3.35771896 -3.35793033 -3.35813386 -3.35831813 -3.35846765 -3.35856841 -3.35863074 -3.35865401 -3.35866618 -3.35867242 -3.35866998
-3.35932443 -3.35926313 -3.35916412 -3.35905501 -3.35892431 -3.35878194 -3.35865075 -3.35851180 -3.35837823 -3.35824721 -3.35810240 -3.35796003 -3.35782227 -3.35771280 -3.35761640 -3.35756883 -3.35757545 -3.35761865 -3.35772611 -3.35785391 -3.35802868 -3.35823387 -3.35844681 -3.35866743 -3.35886541 -3.35903825 -3.35917233 -3.35925963 -3.35931988 -3.35934107 -3.35935597 -3.35934448
-3.35983980 -3.35974646 -3.35962187 -3.35947388 -3.35931677 -3.35915666 -3.35900517 -3.35885573 -3.35872970 -3.35860338 -3.35846871 -3.35833798 -3.35821809 -3.35810496 -3.35802345 -3.35797689 -3.35798445 -3.35802729 -3.35811914 -3.35824570 -3.35842000 -3.35862945 -3.35884404 -3.35906567 -3.35929026 -3.35948008 -3.35964033 -3.35974900 -3.35983656 -3.35988039 -3.35989510 -3.35988628
-3.36020421 -3.36009436 -3.35994812 -3.35977485 -3.35959122 -3.35942514 -3.35927682 -3.35912961 -3.35900955 -3.35888935 -3.35877124 -3.35866323 -3.35856496 -3.35846395 -3.35838984 -3.35834325 -3.35834134 -3.35837859 -3.35844537 -3.35856550 -3.35871782 -3.35890912 -3.35912838 -3.35934849 -3.35957600 -3.35977992 -3.35995665 -3.36010054 -3.36020442 -3.36026218 -3.36028271 -3.36026924
-3.36043387 -3.36031836 -3.36016964 -3.35999321 -3.35981186 -3.35964207 -3.35949118 -3.35936314 -3.35924971 -3.35915517 -3.35906739 -3.35897718 -3.35890367 -3.35881887 -3.35874285 -3.35869819 -3.35866902 -3.35868127 -3.35872232 -3.35881074 -3.35893282 -3.35909184 -3.35929539 -3.35950400 -3.35973938 -3.35995838 -3.36015044 -3.36030818 -3.36042830 -3.36050964 -3.36052679 -3.36050256
-3.36057895 -3.36046881 -3.36032251 -3.36016189 -3.35999430 -3.35983981 -3.35970921 -3.35958731 -3.35949870 -3.35942684 -3.35936446 -3.35930301 -3.35925420 -3.35918257 -3.35911093 -3.35904118 -3.35899414 -3.35896234 -3.35896529 -3.35900136 -3.35908781 -3.35921526 -3.35938398 -3.35958247 -3.35981491 -3.36002850 -3.36023177 -3.36039729 -3.36053068 -3.36062452 -3.36065346 -3.36063788
-3.36065141 -3.36056820 -3.36044798 -3.36030845 -3.36016925 -3.36002737 -3.35991534 -3.35982552 -3.35975631 -3.35971590 -3.35968263 -3.35964946 -3.35960572 -3.35955265 -3.35948169 -3.35938918 -3.35929110 -3.35922226 -3.35916695 -3.35915573 -3.35919511 -3.35927540 -3.35940795 -3.35959185 -3.35979260 -3.35999946 -3.36020637 -3.36038619 -3.36053416 -3.36063576 -3.36069547 -3.36070496
