32 32 0 1
-3.36081606 -3.36076417 -3.36066406 -3.36054116 -3.36040629 -3.36028220 -3.36017665 -3.36011878 -3.36010276 -3.36011235 -3.36014534 -3.36017291 -3.36016920 -3.36012819 -3.36005290 -3.35992616 -3.35977484 -3.35962951 -3.35950126 -3.35941222 -3.35937866 -3.35940327 -3.35949061 -3.35962153 -3.35978738 -3.35998188 -3.36018088 -3.36035599 -3.36052167 -3.36066067 -3.36075809 -3.36081868
-3.36084155 -3.36082185 -3.36077344 -3.36067951 -3.36057053 -3.36046511 -3.36037835 -3.36034636 -3.36033300 -3.36036575 -3.36040367 -3.36044379 -3.36045757 -3.36041628 -3.36032778 -3.36017988 -3.35999926 -3.35981087 -3.35962961 -3.35949529 -3.35942652 -3.35940898 -3.35946561 -3.35956091 -3.35971650 -3.35988640 -3.36007676 -3.36026236 -3.36043837 -3.36059543 -3.36071412 -3.36080250
-3.36082641 -3.36085196 -3.36082637 -3.36077695 -3.36070596 -3.36061514 -3.36054947 -3.36051509 -3.36052185 -3.36056982 -3.36062489 -3.36066828 -3.36067883 -3.36063885 -3.36054475 -3.36037590 -3.36017978 -3.35996180 -3.35974815 -3.35957589 -3.35946507 -3.35941632 -3.35942573 -3.35950491 -3.35960865 -3.35977404 -3.35994739 -3.36014568 -3.36032826 -3.36050589 -3.36063840 -3.36075183
-3.36076389 -3.36081532 -3.36082236 -3.36080670 -3.36076026 -3.36069543 -3.36065197 -3.36063967 -3.36064599 -3.36069617 -3.36075853 -3.36080230 -3.36081261 -3.36076471 -3.36065823 -3.36048742 -3.36027984 -3.36004693 -3.35981610 -3.35961572 -3.35947124 -3.35938490 -3.35936092 -3.35940617 -3.35949449 -3.35963381 -3.35980742 -3.35998715 -3.36018434 -3.36036393 -3.36052373 -3.36066296
-3.36062139 -3.36069379 -3.36073296 -3.36074020 -3.36072875 -3.36069276 -3.36065945 -3.36066357 -3.36068381 -3.36074047 -3.36078848 -3.36083128 -3.36084363 -3.36078898 -3.36068060 -3.36051304 -3.36029597 -3.36005347 -3.35981599 -3.35960483 -3.35943622 -3.35932964 -3.35927432 -3.35928193 -3.35935265 -3.35946475 -3.35961648 -3.35979745 -3.35999368 -3.36017722 -3.36034728 -3.36050165
-3.36038352 -3.36047954 -3.36054251 -3.36058521 -3.36059765 -3.36058242 -3.36057555 -3.36057781 -3.36060844 -3.36065818 -3.36071005 -3.36074745 -3.36075186 -3.36070744 -3.36058809 -3.36042464 -3.36021203 -3.35997309 -3.35973736 -3.35951443 -3.35933500 -3.35921321 -3.35913960 -3.35911913 -3.35916273 -3.35924624 -3.35938631 -3.35955728 -3.35973882 -3.35992557 -3.36010930 -3.36026072
-3.36003767 -3.36014805 -3.36023315 -3.36029626 -3.36032284 -3.36034687 -3.36037026 -3.36038263 -3.36042048 -3.36047407 -3.36052101 -3.36055329 -3.36053962 -3.36049367 -3.36038177 -3.36022123 -3.36001731 -3.35978960 -3.35956021 -3.35934423 -3.35915772 -3.35902400 -3.35892964 -3.35888483 -3.35889347 -3.35897430 -3.35908582 -3.35924349 -3.35941662 -3.35959099 -3.35975577 -3.35990365
-3.35954616 -3.35966187 -3.35977487 -3.35986323 -3.35990874 -3.35996743 -3.36001020 -3.36004973 -3.36009618 -3.36014690 -3.36018911 -3.36020975 -3.36019008 -3.36014276 -3.36004006 -3.35988028 -3.35969314 -3.35948481 -3.35927072 -3.35905464 -3.35886828 -3.35872608 -3.35861518 -3.35854937 -3.35855013 -3.35860287 -3.35869433 -3.35882158 -3.35898423 -3.35913437 -3.35927746 -3.35940758
-3.35890511 -3.35903006 -3.35915252 -3.35925610 -3.35933883 -3.35942033 -3.35948155 -3.35953858 -3.35959874 -3.35964724 -3.35968862 -3.35971589 -3.35970026 -3.35965070 -3.35954758 -3.35940202 -3.35922778 -3.35903486 -3.35883615 -3.35862918 -3.35844888 -3.35830689 -3.35818255 -3.35810839 -3.35808109 -3.35811253 -3.35818545 -3.35829245 -3.35842187 -3.35853822 -3.35866362 -3.35878445
-3.35812404 -3.35824514 -3.35836863 -3.35848464 -3.35858949 -3.35868653 -3.35877054 -3.35885172 -3.35891799 -3.35897390 -3.35901943 -3.35905251 -3.35905201 -3.35900805 -3.35891673 -3.35878409 -3.35862443 -3.35844769 -3.35826753 -3.35807611 -3.35789791 -3.35773513 -3.35761113 -3.35752589 -3.35748928 -3.35750884 -3.35755902 -3.35763292 -3.35772435 -3.35782383 -3.35791642 -3.35801406
-3.35720555 -3.35731363 -3.35743620 -3.35755876 -3.35766589 -3.35777539 -3.35786825 -3.35795824 -3.35804811 -3.35811774 -3.35818349 -3.35822291 -3.35823050 -3.35820365 -3.35813617 -3.35802116 -3.35789216 -3.35772840 -3.35755843 -3.35738307 -3.35720660 -3.35705487 -3.35692372 -3.35683438 -3.35679069 -3.35678220 -3.35681541 -3.35686261 -3.35692320 -3.35698304 -3.35704539 -3.35711602
-3.35618306 -3.35627062 -3.35638500 -3.35648785 -3.35659749 -3.35670687 -3.35679549 -3.35689611 -3.35699239 -3.35708579 -3.35717115 -3.35723408 -3.35727526 -3.35726126 -3.35722096 -3.35712683 -3.35702032 -3.35688422 -3.35672832 -3.35656180 -3.35640059 -3.35625238 -3.35612760 -3.35603669 -3.35597968 -3.35596506 -3.35597079 -3.35599607 -3.35601900 -3.35604748 -3.35607468 -3.35612222
-3.35510686 -3.35516009 -3.35524091 -3.35533479 -3.35542155 -3.35551297 -3.35560769 -3.35570611 -3.35581673 -3.35592833 -3.35603645 -3.35612897 -3.35619053 -3.35621641 -3.35620331 -3.35614735 -3.35606513 -3.35595934 -3.35581101 -3.35566202 -3.35551250 -3.35537957 -3.35525676 -3.35515705 -3.35511380 -3.35508080 -3.35506988 -3.35506558 -3.35506014 -3.35506366 -3.35505899 -3.35507235
-3.35402592 -3.35405024 -3.35409174 -3.35414539 -3.35421696 -3.35429755 -3.35437516 -3.35447832 -3.35460222 -3.35474095 -3.35487494 -3.35498854 -3.35506698 -3.35513037 -3.35514682 -3.35512420 -3.35506877 -3.35498066 -3.35485701 -3.35472789 -3.35459757 -3.35446888 -3.35435046 -3.35426832 -3.35422485 -3.35418363 -3.35416111 -3.35413674 -3.35411380 -3.35408564 -3.35404620 -3.35402865
-3.35303168 -3.35301320 -3.35302755 -3.35305558 -3.35309101 -3.35315014 -3.35322851 -3.35332925 -3.35345604 -3.35361405 -3.35377684 -3.35391630 -3.35403764 -3.35411737 -3.35415608 -3.35415650 -3.35411856 -3.35405180 -3.35395029 -3.35383495 -3.35371517 -3.35359696 -3.35350370 -3.35342910 -3.35338358 -3.35335021 -3.35332570 -3.35328621 -3.35323539 -3.35317504 -3.35311884 -3.35306961
-3.35219482 -3.35215379 -3.35214538 -3.35214540 -3.35216455 -3.35221314 -3.35228853 -3.35238032 -3.35251733 -3.35268742 -3.35285657 -3.35302455 -3.35317052 -3.35327030 -3.35332519 -3.35333946 -3.35331373 -3.35325579 -3.35317167 -3.35305829 -3.35294994 -3.35284827 -3.35277225 -3.35271660 -3.35268306 -3.35265708 -3.35263415 -3.35257453 -3.35250233 -3.35241910 -3.35232966 -3.35226090
-3.35162936 -3.35156781 -3.35154269 -3.35152808 -3.35153729 -3.35157869 -3.35164843 -3.35174952 -3.35188862 -3.35206585 -3.35225349 -3.35241639 -3.35255999 -3.35267126 -3.35273332 -3.35275294 -3.35272478 -3.35267691 -3.35258888 -3.35249239 -3.35239056 -3.35230147 -3.35224930 -3.35221291 -3.35219181 -3.35217238 -3.35214640 -3.35208771 -3.35200114 -3.35188774 -3.35179530 -3.35170378
-3.35137412 -3.35132502 -3.35129782 -3.35127952 -3.35128705 -3.35132658 -3.35139868 -3.35150751 -3.35166016 -3.35183106 -3.35200616 -3.35216711 -3.35231265 -3.35240458 -3.35246289 -3.35246540 -3.35243637 -3.35236591 -3.35228238 -3.35219698 -3.35210934 -3.35204424 -3.35199599 -3.35198038 -3.35197632 -3.35196714 -3.35193738 -3.35187535 -3.35177415 -3.35166412 -3.35155708 -3.35145514
-3.35149012 -3.35144485 -3.35142276 -3.35141825 -3.35144127 -3.35148931 -3.35157061 -3.35168813 -3.35183677 -3.35198874 -3.35214421 -3.35228414 -3.35240177 -3.35247537 -3.35251271 -3.35250543 -3.35246448 -3.35239121 -3.35230273 -3.35221824 -3.35213928 -3.35209015 -3.35207012 -3.35206985 -3.35207313 -3.35207166 -3.35203281 -3.35196583 -3.35186773 -3.35175654 -3.35165019 -3.35155341
-3.35194575 -3.35192041 -3.35191636 -3.35193245 -3.35197443 -3.35203382 -3.35212515 -3.35223700 -3.35237483 -3.35250819 -3.35264130 -3.35274818 -3.35283336 -3.35287676 -3.35289641 -3.35287048 -3.35280416 -3.35272713 -3.35263258 -3.35254619 -3.35248503 -3.35245443 -3.35244793 -3.35246409 -3.35248477 -3.35248877 -3.35245097 -3.35237269 -3.35228778 -3.35217977 -3.35208149 -3.35200248
-3.35270762 -3.35270900 -3.35272130 -3.35275439 -3.35281290 -3.35288341 -3.35297184 -3.35307760 -3.35319174 -3.35331047 -3.35340127 -3.35348352 -3.35353733 -3.35354609 -3.35353018 -3.35347442 -3.35340262 -3.35332689 -3.35323568 -3.35314934 -3.35310287 -3.35309173 -3.35310564 -3.35313887 -3.35317005 -3.35318218 -3.35315518 -3.35307347 -3.35297910 -3.35289031 -3.35280856 -3.35274537
-3.35369394 -3.35372091 -3.35374828 -3.35378090 -3.35385317 -3.35392436 -3.35399640 -3.35409369 -3.35418872 -3.35427099 -3.35433647 -3.35438820 -3.35440331 -3.35437994 -3.35433397 -3.35426077 -3.35418425 -3.35410370 -3.35402072 -3.35394912 -3.35391889 -3.35392607 -3.35396017 -3.35401940 -3.35405189 -3.35406479 -3.35404837 -3.35397951 -3.35390030 -3.35382202 -3.35375423 -3.35371062
-3.35481812 -3.35484091 -3.35487128 -3.35492162 -3.35496772 -3.35502825 -3.35509283 -3.35516319 -3.35523510 -3.35529699 -3.35532497 -3.35533923 -3.35532057 -3.35526960 -3.35520862 -3.35513446 -3.35505081 -3.35496638 -3.35489504 -3.35485288 -3.35484584 -3.35487303 -3.35493513 -3.35499730 -3.35504612 -3.35507464 -3.35506231 -3.35502415 -3.35496105 -3.35489055 -3.35484438 -3.35482080
-3.35598031 -3.35600400 -3.35602169 -3.35603655 -3.35606385 -3.35609281 -3.35613642 -3.35618172 -3.35622010 -3.35626001 -3.35626353 -3.35624431 -3.35619665 -3.35613893 -3.35605767 -3.35597998 -3.35589480 -3.35582050 -3.35578598 -3.35576735 -3.35578017 -3.35583451 -3.35590857 -3.35598842 -3.35606290 -3.35610580 -3.35611961 -3.35608962 -3.35604794 -3.35601282 -3.35598849 -3.35596953
-3.35709118 -3.35709275 -3.35708229 -3.35706848 -3.35705895 -3.35705067 -3.35705956 -3.35707312 -3.35708331 -3.35708784 -3.35707614 -3.35703131 -3.35696776 -3.35690058 -3.35682323 -3.35673588 -3.35666908 -3.35661276 -3.35659160 -3.35659537 -3.35664418 -3.35672524 -3.35681629 -3.35692265 -3.35701713 -3.35708327 -3.35711935 -3.35712393 -3.35711396 -3.35709967 -3.35708918 -3.35708876
-3.35808096 -3.35805235 -3.35800940 -3.35795257 -3.35789947 -3.35785015 -3.35781288 -3.35779401 -3.35777343 -3.35775609 -3.35771549 -3.35767256 -3.35760601 -3.35753145 -3.35745497 -3.35738271 -3.35732311 -3.35730056 -3.35728785 -3.35732031 -3.35739012 -3.35748236 -3.35760771 -3.35772521 -3.35783959 -3.35794723 -3.35801343 -3.35805446 -3.35807855 -3.35808263 -3.35809246 -3.35808624
-3.35891374 -3.35885226 -3.35876765 -3.35867100 -3.35856945 -3.35847290 -3.35840602 -3.35834634 -3.35830426 -3.35827542 -3.35822959 -3.35817565 -3.35810709 -3.35804416 -3.35796757 -3.35790482 -3.35786596 -3.35783922 -3.35786764 -3.35790707 -3.35799493 -3.35811404 -3.35824666 -3.35839275 -3.35853206 -3.35866771 -3.35876685 -3.35883725 -3.35889509 -3.35892122 -3.35893676 -3.35892970
-3.35956941 -3.35948203 -3.35936367 -3.35922455 -3.35908093 -3.35895453 -3.35884806 -3.35876128 -3.35871130 -3.35866909 -3.35862065 -3.35856797 -3.35852043 -3.35845084 -3.35838826 -3.35832913 -3.35829800 -3.35828444 -3.35830463 -3.35835357 -3.35845321 -3.35858959 -3.35873687 -3.35890267 -3.35907080 -3.35921897 -3.35935144 -3.35945435 -3.35953534 -3.35958424 -3.35960998 -3.35960982
-3.36005312 -3.35994898 -3.35980197 -3.35963299 -3.35945898 -3.35930815 -3.35919156 -3.35908945 -3.35903024 -3.35898434 -3.35893840 -3.35890270 -3.35886413 -3.35880015 -3.35874267 -3.35868119 -3.35865066 -3.35863696 -3.35864707 -3.35870402 -3.35879946 -3.35892887 -3.35908897 -3.35925725 -3.35944457 -3.35960978 -3.35976257 -3.35989658 -3.36000676 -3.36007798 -3.36011221 -3.36010753
-3.36038448 -3.36026816 -3.36011965 -3.35994338 -3.35975709 -3.35959601 -3.35945783 -3.35936255 -3.35930039 -3.35926270 -3.35924103 -3.35921146 -3.35918565 -3.35913421 -3.35906996 -3.35901075 -3.35895580 -3.35892684 -3.35891893 -3.35895573 -3.35902888 -3.35914443 -3.35930450 -3.35947276 -3.35966859 -3.35986349 -3.36004059 -3.36018886 -3.36031507 -3.36040634 -3.36044477 -3.36043876
-3.36060687 -3.36050209 -3.36035324 -3.36018030 -3.35999896 -3.35983839 -3.35971245 -3.35961111 -3.35955990 -3.35954037 -3.35953688 -3.35952685 -3.35951600 -3.35946722 -3.35940435 -3.35932315 -3.35925159 -3.35918636 -3.35914883 -3.35914997 -3.35919911 -3.35929110 -3.35942861 -3.35960107 -3.35980518 -3.35999760 -3.36018471 -3.36034395 -3.36048356 -3.36059229 -3.36064533 -3.36064950
-3.36073491 -3.36065653 -3.36053000 -3.36037574 -3.36021795 -3.36006152 -3.35994992 -3.35987114 -3.35983240 -3.35983128 -3.35984456 -3.35985387 -3.35984287 -3.35980813 -3.35974097 -3.35963537 -3.35952155 -3.35942637 -3.35934008 -3.35929847 -3.35931352 -3.35936947 -3.35948391 -3.35964935 -3.35983012 -3.36002008 -3.36021572 -3.36039195 -3.36054427 -3.36066268 -3.36074272 -3.36077082
