32 32 0 1
-3.36050608 -3.36049141 -3.36043971 -3.36036723 -3.36028331 -3.36019756 -3.36012424 -3.36008648 -3.36008025 -3.36010216 -3.36014439 -3.36018876 -3.36020493 -3.36019865 -3.36015197 -3.36004689 -3.35990848 -3.35975615 -3.35960165 -3.35947320 -3.35938489 -3.35935243 -3.35937468 -3.35944745 -3.35956598 -3.35972153 -3.35988644 -3.36003805 -3.36018831 -3.36031395 -3.36041378 -3.36048239
-3.36051128 -3.36053778 -3.36054492 -3.36050906 -3.36045397 -3.36038783 -3.36032799 -3.36031372 -3.36030647 -3.36034641 -3.36039284 -3.36044399 -3.36047921 -3.36046154 -3.36039931 -3.36027609 -3.36010774 -3.35991341 -3.35971270 -3.35954326 -3.35942759 -3.35934668 -3.35933902 -3.35937069 -3.35946528 -3.35958816 -3.35973948 -3.35989805 -3.36005322 -3.36020419 -3.36032863 -3.36043805
-3.36048500 -3.36056479 -3.36060527 -3.36061850 -3.36060159 -3.36055081 -3.36050656 -3.36048469 -3.36049280 -3.36053889 -3.36059408 -3.36064429 -3.36067161 -3.36065208 -3.36057858 -3.36043078 -3.36024450 -3.36003126 -3.35980484 -3.35960360 -3.35944808 -3.35934105 -3.35928771 -3.35929987 -3.35933789 -3.35944259 -3.35957076 -3.35973434 -3.35989544 -3.36006883 -3.36021945 -3.36036523
-3.36041578 -3.36053354 -3.36061391 -3.36066529 -3.36067331 -3.36064222 -3.36061961 -3.36061291 -3.36061352 -3.36065081 -3.36070942 -3.36075404 -3.36077480 -3.36074068 -3.36065430 -3.36050334 -3.36031122 -3.36007571 -3.35984641 -3.35962329 -3.35944020 -3.35930139 -3.35921823 -3.35919633 -3.35920957 -3.35928389 -3.35939790 -3.35954162 -3.35971688 -3.35989209 -3.36007725 -3.36025790
-3.36027157 -3.36042607 -3.36053662 -3.36060928 -3.36064646 -3.36065104 -3.36063471 -3.36063079 -3.36063377 -3.36067445 -3.36070925 -3.36074881 -3.36076595 -3.36072809 -3.36063589 -3.36048426 -3.36028409 -3.36005330 -3.35981248 -3.35958493 -3.35938518 -3.35923035 -3.35911858 -3.35905892 -3.35905414 -3.35909256 -3.35917828 -3.35931490 -3.35948633 -3.35967878 -3.35987960 -3.36008584
-3.36004103 -3.36021677 -3.36035525 -3.36046450 -3.36052976 -3.36054327 -3.36053911 -3.36053638 -3.36054654 -3.36057344 -3.36060253 -3.36063170 -3.36064525 -3.36061119 -3.36050957 -3.36037029 -3.36016710 -3.35993801 -3.35970576 -3.35947725 -3.35927606 -3.35910951 -3.35898074 -3.35888661 -3.35884883 -3.35885492 -3.35892854 -3.35905150 -3.35921503 -3.35941331 -3.35962645 -3.35984032
-3.35970216 -3.35989847 -3.36006371 -3.36019029 -3.36026467 -3.36030850 -3.36033513 -3.36033278 -3.36034561 -3.36036741 -3.36038921 -3.36041547 -3.36041384 -3.36038327 -3.36028940 -3.36014674 -3.35995963 -3.35974483 -3.35952040 -3.35930268 -3.35909538 -3.35892535 -3.35877388 -3.35865605 -3.35858742 -3.35858428 -3.35862957 -3.35873578 -3.35889226 -3.35907812 -3.35927715 -3.35949016
-3.35924449 -3.35944875 -3.35964221 -3.35978930 -3.35987770 -3.35995370 -3.35998665 -3.36000380 -3.36002050 -3.36003053 -3.36005790 -3.36007922 -3.36006708 -3.36003517 -3.35995564 -3.35982014 -3.35965565 -3.35945212 -3.35924487 -3.35902357 -3.35882154 -3.35864024 -3.35848042 -3.35834616 -3.35826916 -3.35824308 -3.35826842 -3.35834732 -3.35848709 -3.35864867 -3.35883119 -3.35902725
-3.35866723 -3.35887802 -3.35908007 -3.35924206 -3.35936277 -3.35945012 -3.35950187 -3.35952885 -3.35955192 -3.35957344 -3.35959686 -3.35961099 -3.35960573 -3.35957221 -3.35949892 -3.35938599 -3.35923065 -3.35905558 -3.35885145 -3.35864027 -3.35844282 -3.35826335 -3.35809387 -3.35796704 -3.35786956 -3.35783180 -3.35784056 -3.35789650 -3.35799964 -3.35812561 -3.35829043 -3.35846797
-3.35800785 -3.35820741 -3.35840427 -3.35858107 -3.35871247 -3.35881701 -3.35888535 -3.35892625 -3.35895433 -3.35897515 -3.35899420 -3.35901913 -3.35902004 -3.35899721 -3.35893401 -3.35882560 -3.35869254 -3.35853068 -3.35834885 -3.35814995 -3.35795637 -3.35777493 -3.35761532 -3.35748768 -3.35739508 -3.35735635 -3.35734760 -3.35737365 -3.35743763 -3.35753669 -3.35766453 -3.35782409
-3.35725231 -3.35743735 -3.35762721 -3.35781117 -3.35794245 -3.35805763 -3.35812399 -3.35816832 -3.35821120 -3.35823532 -3.35826534 -3.35828656 -3.35829512 -3.35827637 -3.35822808 -3.35813921 -3.35802556 -3.35787695 -3.35771582 -3.35753734 -3.35735659 -3.35719950 -3.35705188 -3.35693207 -3.35686004 -3.35680209 -3.35678590 -3.35678574 -3.35682062 -3.35688152 -3.35696629 -3.35709214
-3.35644678 -3.35660641 -3.35678447 -3.35694965 -3.35708909 -3.35718990 -3.35725500 -3.35730322 -3.35733341 -3.35736193 -3.35739695 -3.35742499 -3.35744626 -3.35743466 -3.35740347 -3.35732301 -3.35722705 -3.35709914 -3.35695367 -3.35679789 -3.35664697 -3.35651267 -3.35639898 -3.35630669 -3.35624341 -3.35619847 -3.35617270 -3.35615826 -3.35615869 -3.35617488 -3.35622237 -3.35631124
-3.35561274 -3.35574272 -3.35589476 -3.35604723 -3.35617131 -3.35625661 -3.35631835 -3.35635453 -3.35637698 -3.35640655 -3.35643693 -3.35646642 -3.35649162 -3.35649490 -3.35647091 -3.35641726 -3.35633584 -3.35623219 -3.35610093 -3.35597650 -3.35586169 -3.35576580 -3.35568481 -3.35562675 -3.35559750 -3.35557005 -3.35554282 -3.35551029 -3.35547466 -3.35546459 -3.35547203 -3.35551614
-3.35480625 -3.35490544 -3.35502493 -3.35514460 -3.35525857 -3.35533686 -3.35536929 -3.35539571 -3.35541417 -3.35543908 -3.35546241 -3.35548403 -3.35550020 -3.35551313 -3.35549778 -3.35546013 -3.35539796 -3.35530885 -3.35520968 -3.35511644 -3.35504320 -3.35498831 -3.35494904 -3.35494501 -3.35495484 -3.35494852 -3.35492129 -3.35488282 -3.35483552 -3.35478123 -3.35474679 -3.35475553
-3.35409472 -3.35415390 -3.35425360 -3.35435753 -3.35443938 -3.35450001 -3.35452166 -3.35452748 -3.35452820 -3.35453668 -3.35455516 -3.35457747 -3.35459870 -3.35460182 -3.35459400 -3.35456191 -3.35450587 -3.35444110 -3.35436399 -3.35430276 -3.35426089 -3.35425360 -3.35427325 -3.35431176 -3.35436055 -3.35438624 -3.35438354 -3.35434107 -3.35426570 -3.35417674 -3.35410905 -3.35407873
-3.35352845 -3.35356434 -3.35364483 -3.35373086 -3.35380042 -3.35385271 -3.35386545 -3.35384875 -3.35383794 -3.35382533 -3.35382348 -3.35384137 -3.35385432 -3.35385999 -3.35384984 -3.35381952 -3.35376565 -3.35371282 -3.35365659 -3.35360984 -3.35360110 -3.35363213 -3.35370183 -3.35379607 -3.35388677 -3.35395481 -3.35397264 -3.35391781 -3.35382780 -3.35371080 -3.35359945 -3.35354697
-3.35319986 -3.35321145 -3.35327957 -3.35335973 -3.35342418 -3.35346581 -3.35347167 -3.35345494 -3.35342111 -3.35339535 -3.35338899 -3.35337710 -3.35336773 -3.35336862 -3.35334700 -3.35331223 -3.35325948 -3.35321510 -3.35315929 -3.35313133 -3.35314438 -3.35320975 -3.35332599 -3.35346439 -3.35360044 -3.35369288 -3.35372717 -3.35368528 -3.35358467 -3.35343444 -3.35331225 -3.35322882
-3.35312421 -3.35314669 -3.35321026 -3.35329111 -3.35335277 -3.35339211 -3.35339760 -3.35338011 -3.35334740 -3.35330279 -3.35326635 -3.35324191 -3.35322816 -3.35319611 -3.35317168 -3.35311825 -3.35306499 -3.35299585 -3.35294905 -3.35292996 -3.35296377 -3.35305686 -3.35319740 -3.35336899 -3.35353818 -3.35365941 -3.35370553 -3.35366682 -3.35355605 -3.35341143 -3.35326702 -3.35316862
-3.35335185 -3.35337121 -3.35342618 -3.35351808 -3.35359887 -3.35364470 -3.35365974 -3.35364349 -3.35360134 -3.35354047 -3.35348226 -3.35343631 -3.35339548 -3.35335453 -3.35330925 -3.35324863 -3.35318551 -3.35311142 -3.35305673 -3.35303752 -3.35308069 -3.35318570 -3.35334822 -3.35354270 -3.35372399 -3.35386498 -3.35391231 -3.35388113 -3.35377419 -3.35363909 -3.35348877 -3.35338905
-3.35383577 -3.35386084 -3.35392513 -3.35402749 -3.35411730 -3.35417385 -3.35419857 -3.35418317 -3.35413369 -3.35406978 -3.35399779 -3.35392639 -3.35386719 -3.35379954 -3.35375148 -3.35367921 -3.35359268 -3.35351263 -3.35344811 -3.35342309 -3.35346936 -3.35357883 -3.35374571 -3.35395155 -3.35415095 -3.35429423 -3.35434892 -3.35431687 -3.35422655 -3.35409910 -3.35395782 -3.35387182
-3.35453247 -3.35457166 -3.35464260 -3.35473996 -3.35484039 -3.35490076 -3.35492553 -3.35491505 -3.35486051 -3.35479568 -3.35470387 -3.35462977 -3.35455547 -3.35447216 -3.35439454 -3.35430518 -3.35421693 -3.35413510 -3.35406980 -3.35404174 -3.35408269 -3.35419383 -3.35435883 -3.35456575 -3.35476323 -3.35490994 -3.35497364 -3.35494680 -3.35485728 -3.35474863 -3.35462841 -3.35455632
-3.35536755 -3.35541774 -3.35548423 -3.35556789 -3.35566901 -3.35572506 -3.35574455 -3.35573671 -3.35568261 -3.35560704 -3.35552074 -3.35543821 -3.35534616 -3.35525521 -3.35516102 -3.35506208 -3.35497678 -3.35489021 -3.35482375 -3.35479541 -3.35483900 -3.35494719 -3.35510769 -3.35531266 -3.35549164 -3.35563331 -3.35570512 -3.35569510 -3.35562767 -3.35553098 -3.35543406 -3.35537742
-3.35626827 -3.35630178 -3.35635847 -3.35644338 -3.35650505 -3.35655577 -3.35656413 -3.35655040 -3.35650109 -3.35642974 -3.35633793 -3.35624677 -3.35614356 -3.35603933 -3.35595202 -3.35585518 -3.35576615 -3.35568224 -3.35562194 -3.35560593 -3.35565262 -3.35576034 -3.35592003 -3.35610532 -3.35627270 -3.35641877 -3.35648957 -3.35650167 -3.35645801 -3.35637753 -3.35630988 -3.35626559
-3.35715453 -3.35718214 -3.35721807 -3.35725417 -3.35729082 -3.35730458 -3.35730369 -3.35728085 -3.35722577 -3.35716053 -3.35707170 -3.35697466 -3.35686810 -3.35677271 -3.35667885 -3.35659106 -3.35650413 -3.35643434 -3.35639537 -3.35639576 -3.35644364 -3.35655988 -3.35670574 -3.35687780 -3.35705117 -3.35718513 -3.35727248 -3.35728598 -3.35726702 -3.35723010 -3.35718593 -3.35715023
-3.35797550 -3.35797767 -3.35797798 -3.35797308 -3.35797351 -3.35795648 -3.35792726 -3.35788258 -3.35782816 -3.35775651 -3.35767276 -3.35757847 -3.35748133 -3.35739437 -3.35730725 -3.35722481 -3.35715713 -3.35710573 -3.35707802 -3.35709088 -3.35715553 -3.35726637 -3.35741434 -3.35758310 -3.35775395 -3.35789312 -3.35798048 -3.35802650 -3.35804326 -3.35802385 -3.35800355 -3.35798658
-3.35868314 -3.35865738 -3.35862379 -3.35856958 -3.35852511 -3.35847187 -3.35840599 -3.35834282 -3.35828196 -3.35821992 -3.35812954 -3.35805356 -3.35797202 -3.35788830 -3.35781551 -3.35774825 -3.35769544 -3.35767624 -3.35766127 -3.35768497 -3.35775664 -3.35786612 -3.35801695 -3.35818319 -3.35834619 -3.35850003 -3.35860684 -3.35868032 -3.35872109 -3.35872712 -3.35872751 -3.35870750
-3.35927387 -3.35921484 -3.35912968 -3.35904474 -3.35894834 -3.35885157 -3.35877161 -3.35869214 -3.35862104 -3.35856113 -3.35848894 -3.35842240 -3.35835223 -3.35829392 -3.35822669 -3.35817860 -3.35814520 -3.35811901 -3.35813988 -3.35817122 -3.35824061 -3.35835350 -3.35849875 -3.35866845 -3.35882921 -3.35899586 -3.35913088 -3.35922698 -3.35928437 -3.35931455 -3.35931855 -3.35930591
-3.35973276 -3.35964362 -3.35952934 -3.35939841 -3.35926915 -3.35914434 -3.35904574 -3.35895456 -3.35889036 -3.35883854 -3.35877919 -3.35872862 -3.35868594 -3.35863472 -3.35858388 -3.35854005 -3.35852045 -3.35850254 -3.35850976 -3.35854621 -3.35861614 -3.35873048 -3.35887243 -3.35903139 -3.35921440 -3.35938169 -3.35953474 -3.35964507 -3.35972591 -3.35977225 -3.35978823 -3.35977488
-3.36005439 -3.35995412 -3.35981943 -3.35966622 -3.35950976 -3.35937402 -3.35927279 -3.35918065 -3.35912078 -3.35907394 -3.35903494 -3.35900815 -3.35898459 -3.35893623 -3.35890427 -3.35886372 -3.35883903 -3.35882055 -3.35881172 -3.35884008 -3.35889637 -3.35899420 -3.35912979 -3.35928825 -3.35946971 -3.35964376 -3.35980462 -3.35993426 -3.36004711 -3.36010016 -3.36012398 -3.36011360
-3.36025815 -3.36015840 -3.36003145 -3.35987759 -3.35972020 -3.35958123 -3.35946761 -3.35938503 -3.35932893 -3.35930416 -3.35929538 -3.35928576 -3.35927590 -3.35925043 -3.35921367 -3.35917754 -3.35913267 -3.35909509 -3.35906079 -3.35905837 -3.35909125 -3.35915934 -3.35928224 -3.35942248 -3.35960754 -3.35979303 -3.35996570 -3.36010969 -3.36023171 -3.36030750 -3.36032913 -3.36031498
-3.36039115 -3.36030944 -3.36018779 -3.36005319 -3.35991060 -3.35978204 -3.35967802 -3.35959834 -3.35956102 -3.35955250 -3.35956254 -3.35957481 -3.35959197 -3.35957612 -3.35953799 -3.35947898 -3.35941487 -3.35934239 -3.35927816 -3.35923768 -3.35923645 -3.35927235 -3.35936485 -3.35949547 -3.35967104 -3.35984657 -3.36002438 -3.36017080 -3.36029737 -3.36039422 -3.36043276 -3.36043002
-3.36046329 -3.36041370 -3.36032619 -3.36021596 -3.36010208 -3.35998429 -3.35989883 -3.35984265 -3.35981745 -3.35982821 -3.35985476 -3.35988632 -3.35990368 -3.35989988 -3.35986299 -3.35978165 -3.35967283 -3.35956960 -3.35945834 -3.35937589 -3.35933701 -3.35933396 -3.35939023 -3.35950758 -3.35965085 -3.35980979 -3.35998047 -3.36013958 -3.36028199 -3.36038544 -3.36045532 -3.36048783
