32 32 0 1
-3.36054621 -3.36046245 -3.36034134 -3.36021244 -3.36008033 -3.35995616 -3.35985264 -3.35979188 -3.35977444 -3.35978961 -3.35983600 -3.35989465 -3.35993593 -3.35996054 -3.35995488 -3.35990675 -3.35983001 -3.35974104 -3.35965118 -3.35957704 -3.35953788 -3.35954275 -3.35959353 -3.35968779 -3.35982166 -3.35998734 -3.36015824 -3.36030657 -3.36043746 -3.36053091 -3.36058310 -3.36059382
-3.36056186 -3.36051621 -3.36045305 -3.36035967 -3.36025839 -3.36015970 -3.36007911 -3.36005221 -3.36004100 -3.36008283 -3.36013457 -3.36020145 -3.36025727 -3.36026913 -3.36025128 -3.36017652 -3.36006498 -3.35993050 -3.35978472 -3.35966906 -3.35959520 -3.35955319 -3.35957152 -3.35962681 -3.35974060 -3.35987694 -3.36003321 -3.36018699 -3.36032431 -3.36044150 -3.36051575 -3.36056058
-3.36055705 -3.36056296 -3.36053813 -3.36049066 -3.36043305 -3.36035820 -3.36030248 -3.36027644 -3.36028983 -3.36034136 -3.36040509 -3.36047177 -3.36051767 -3.36052775 -3.36049016 -3.36038376 -3.36024458 -3.36008031 -3.35990935 -3.35975721 -3.35963766 -3.35956377 -3.35953797 -3.35957224 -3.35963041 -3.35975434 -3.35988819 -3.36004779 -3.36019463 -3.36033120 -3.36042879 -3.36050824
-3.36051677 -3.36056326 -3.36057721 -3.36057652 -3.36055144 -3.36050369 -3.36047461 -3.36047550 -3.36048641 -3.36053481 -3.36060505 -3.36065773 -3.36069364 -3.36068062 -3.36062474 -3.36050611 -3.36034986 -3.36015943 -3.35996845 -3.35978655 -3.35963979 -3.35953524 -3.35947693 -3.35947428 -3.35950919 -3.35960222 -3.35972982 -3.35987165 -3.36003512 -3.36017997 -3.36031216 -3.36042981
-3.36041431 -3.36049662 -3.36054760 -3.36057927 -3.36058821 -3.36057798 -3.36056471 -3.36057940 -3.36060078 -3.36065419 -3.36070111 -3.36074478 -3.36076734 -3.36073636 -3.36065957 -3.36052922 -3.36036012 -3.36016076 -3.35995599 -3.35976205 -3.35959099 -3.35946112 -3.35937211 -3.35933996 -3.35935490 -3.35941522 -3.35952497 -3.35966523 -3.35983066 -3.35999480 -3.36014692 -3.36029552
-3.36022526 -3.36034071 -3.36042639 -3.36049537 -3.36053625 -3.36055001 -3.36055766 -3.36056888 -3.36059808 -3.36064048 -3.36068041 -3.36071086 -3.36071852 -3.36068332 -3.36058462 -3.36045069 -3.36026811 -3.36006086 -3.35985336 -3.35964781 -3.35946478 -3.35932371 -3.35921188 -3.35915182 -3.35914559 -3.35918148 -3.35927777 -3.35941615 -3.35957189 -3.35975023 -3.35992992 -3.36009154
-3.35994321 -3.36007938 -3.36019562 -3.36028721 -3.36034023 -3.36038790 -3.36042671 -3.36044484 -3.36047359 -3.36051404 -3.36054491 -3.36056464 -3.36054867 -3.36050085 -3.36039257 -3.36024688 -3.36006212 -3.35985458 -3.35964673 -3.35944099 -3.35925099 -3.35909838 -3.35897496 -3.35888991 -3.35885633 -3.35889123 -3.35896822 -3.35909519 -3.35925919 -3.35943884 -3.35961107 -3.35978045
-3.35952614 -3.35968505 -3.35983365 -3.35995057 -3.36002738 -3.36009099 -3.36014317 -3.36018268 -3.36021800 -3.36024891 -3.36027043 -3.36027533 -3.36024060 -3.36017519 -3.36006684 -3.35991325 -3.35973239 -3.35953006 -3.35932359 -3.35911567 -3.35892928 -3.35876775 -3.35863394 -3.35853112 -3.35848665 -3.35850835 -3.35857276 -3.35869039 -3.35885310 -3.35902049 -3.35919326 -3.35935383
-3.35898624 -3.35914990 -3.35931783 -3.35945784 -3.35956660 -3.35965116 -3.35970944 -3.35975334 -3.35979298 -3.35981987 -3.35983340 -3.35983164 -3.35978411 -3.35970763 -3.35959331 -3.35944055 -3.35926645 -3.35907147 -3.35886943 -3.35866083 -3.35847826 -3.35831489 -3.35816612 -3.35806182 -3.35801485 -3.35802678 -3.35809373 -3.35820492 -3.35834825 -3.35849592 -3.35865846 -3.35882277
-3.35834235 -3.35850550 -3.35867656 -3.35883194 -3.35895165 -3.35905198 -3.35912070 -3.35917154 -3.35920444 -3.35922416 -3.35923131 -3.35922015 -3.35917372 -3.35910127 -3.35898438 -3.35883263 -3.35866539 -3.35847473 -3.35828225 -3.35808221 -3.35789189 -3.35772207 -3.35757851 -3.35748320 -3.35743538 -3.35745865 -3.35752427 -3.35762050 -3.35774119 -3.35787610 -3.35802556 -3.35817838
-3.35758279 -3.35774670 -3.35791740 -3.35807525 -3.35819320 -3.35829548 -3.35836507 -3.35840874 -3.35844831 -3.35846193 -3.35846582 -3.35844264 -3.35840244 -3.35832620 -3.35822352 -3.35808213 -3.35792319 -3.35774212 -3.35756026 -3.35736920 -3.35718210 -3.35702802 -3.35689981 -3.35680969 -3.35678073 -3.35679113 -3.35685130 -3.35694145 -3.35704768 -3.35716757 -3.35729549 -3.35743147
-3.35674744 -3.35689939 -3.35705972 -3.35720234 -3.35731811 -3.35741063 -3.35746461 -3.35750486 -3.35752767 -3.35754070 -3.35753815 -3.35752512 -3.35749118 -3.35742109 -3.35733079 -3.35719628 -3.35704832 -3.35688635 -3.35671427 -3.35653686 -3.35637348 -3.35623051 -3.35612348 -3.35605791 -3.35603485 -3.35605477 -3.35610893 -3.35619152 -3.35628319 -3.35638540 -3.35648787 -3.35661285
-3.35586430 -3.35599105 -3.35613171 -3.35625576 -3.35634622 -3.35641748 -3.35646481 -3.35648901 -3.35649879 -3.35650612 -3.35650501 -3.35649053 -3.35646297 -3.35641129 -3.35632978 -3.35622486 -3.35609847 -3.35595758 -3.35579850 -3.35564557 -3.35550583 -3.35538882 -3.35530254 -3.35525302 -3.35525614 -3.35528052 -3.35533870 -3.35540598 -3.35547856 -3.35556419 -3.35565006 -3.35574814
-3.35497498 -3.35508430 -3.35518650 -3.35527479 -3.35535177 -3.35540180 -3.35542071 -3.35543636 -3.35543943 -3.35544244 -3.35544511 -3.35542987 -3.35539972 -3.35536971 -3.35530245 -3.35522008 -3.35512005 -3.35500409 -3.35487083 -3.35474951 -3.35464091 -3.35454816 -3.35449050 -3.35447404 -3.35449259 -3.35452330 -3.35457773 -3.35463501 -3.35469997 -3.35475638 -3.35481441 -3.35489260
-3.35415870 -3.35422924 -3.35431039 -3.35437488 -3.35441800 -3.35444349 -3.35445413 -3.35444956 -3.35444055 -3.35443637 -3.35444404 -3.35444254 -3.35443262 -3.35440406 -3.35435863 -3.35429150 -3.35420910 -3.35411993 -3.35402434 -3.35393309 -3.35384631 -3.35379343 -3.35376803 -3.35377098 -3.35380429 -3.35384720 -3.35390734 -3.35395335 -3.35398591 -3.35401565 -3.35405469 -3.35410318
-3.35347685 -3.35352268 -3.35357786 -3.35362284 -3.35364631 -3.35365868 -3.35365765 -3.35363469 -3.35362360 -3.35361482 -3.35361229 -3.35362533 -3.35362884 -3.35361532 -3.35358011 -3.35353636 -3.35347486 -3.35340982 -3.35334447 -3.35327049 -3.35321589 -3.35318972 -3.35319527 -3.35323022 -3.35327538 -3.35332859 -3.35338449 -3.35340536 -3.35341737 -3.35341668 -3.35341475 -3.35344333
-3.35302290 -3.35304803 -3.35308618 -3.35311717 -3.35312399 -3.35312501 -3.35311604 -3.35309699 -3.35307553 -3.35306578 -3.35307767 -3.35307814 -3.35307793 -3.35307890 -3.35305740 -3.35303084 -3.35298662 -3.35294739 -3.35289878 -3.35285476 -3.35282028 -3.35282164 -3.35285693 -3.35291406 -3.35297079 -3.35302098 -3.35306462 -3.35307423 -3.35306197 -3.35301897 -3.35300659 -3.35300727
-3.35284727 -3.35287193 -3.35289984 -3.35292075 -3.35292189 -3.35291931 -3.35290757 -3.35289131 -3.35287669 -3.35286628 -3.35286469 -3.35286954 -3.35287984 -3.35287145 -3.35286472 -3.35284042 -3.35281549 -3.35276931 -3.35274279 -3.35272517 -3.35271951 -3.35274439 -3.35278995 -3.35286309 -3.35292583 -3.35297980 -3.35300719 -3.35299767 -3.35295283 -3.35290042 -3.35286276 -3.35284335
-3.35299146 -3.35300959 -3.35303207 -3.35305714 -3.35307225 -3.35306459 -3.35306015 -3.35304724 -3.35303237 -3.35301560 -3.35300184 -3.35299916 -3.35300030 -3.35299263 -3.35298922 -3.35297263 -3.35295581 -3.35292518 -3.35290805 -3.35290435 -3.35291334 -3.35295287 -3.35302007 -3.35309617 -3.35315906 -3.35320892 -3.35321735 -3.35318675 -3.35312927 -3.35306746 -3.35301343 -3.35298816
-3.35343218 -3.35345572 -3.35348072 -3.35351434 -3.35354080 -3.35353939 -3.35353825 -3.35352500 -3.35349942 -3.35348201 -3.35345884 -3.35344249 -3.35343456 -3.35341688 -3.35342157 -3.35340677 -3.35338085 -3.35336243 -3.35334475 -3.35334332 -3.35337274 -3.35342631 -3.35349557 -3.35358151 -3.35365255 -3.35369588 -3.35369334 -3.35364209 -3.35358360 -3.35351191 -3.35345311 -3.35343307
-3.35413063 -3.35416065 -3.35419661 -3.35422883 -3.35426602 -3.35427025 -3.35426031 -3.35424255 -3.35420781 -3.35418223 -3.35414300 -3.35412217 -3.35410473 -3.35407701 -3.35406630 -3.35404137 -3.35402005 -3.35400731 -3.35400149 -3.35400418 -3.35403696 -3.35410389 -3.35418460 -3.35427856 -3.35435150 -3.35439664 -3.35439093 -3.35433036 -3.35425499 -3.35418808 -3.35413884 -3.35412337
-3.35500710 -3.35505062 -3.35508543 -3.35511217 -3.35514904 -3.35514988 -3.35512526 -3.35510142 -3.35506017 -3.35501238 -3.35497108 -3.35493811 -3.35489831 -3.35486598 -3.35483953 -3.35481117 -3.35479381 -3.35477818 -3.35477365 -3.35478280 -3.35482785 -3.35490539 -3.35499633 -3.35510211 -3.35517555 -3.35521796 -3.35521712 -3.35516592 -3.35509950 -3.35503738 -3.35499642 -3.35499117
-3.35597876 -3.35601118 -3.35603980 -3.35607101 -3.35607860 -3.35606899 -3.35603456 -3.35599042 -3.35593999 -3.35589043 -3.35583110 -3.35577867 -3.35571779 -3.35567140 -3.35564298 -3.35561598 -3.35559695 -3.35557647 -3.35557514 -3.35560743 -3.35566882 -3.35575683 -3.35586232 -3.35596867 -3.35605297 -3.35611419 -3.35611487 -3.35609033 -3.35603820 -3.35598131 -3.35595857 -3.35595958
-3.35695337 -3.35697845 -3.35699202 -3.35699051 -3.35697232 -3.35692989 -3.35688064 -3.35682251 -3.35675424 -3.35669431 -3.35662304 -3.35655134 -3.35648624 -3.35643343 -3.35639197 -3.35636652 -3.35634351 -3.35633616 -3.35636015 -3.35640614 -3.35647737 -3.35657948 -3.35669588 -3.35681410 -3.35691959 -3.35698950 -3.35701779 -3.35699926 -3.35696669 -3.35694503 -3.35693673 -3.35692991
-3.35785889 -3.35786053 -3.35784586 -3.35780905 -3.35775727 -3.35768087 -3.35760140 -3.35752349 -3.35744155 -3.35736730 -3.35728833 -3.35720260 -3.35713768 -3.35708448 -3.35704591 -3.35701664 -3.35700747 -3.35701477 -3.35704780 -3.35710516 -3.35719696 -3.35731909 -3.35745015 -3.35758901 -3.35771371 -3.35779691 -3.35784717 -3.35786358 -3.35786520 -3.35785660 -3.35785541 -3.35785495
-3.35864285 -3.35861323 -3.35856149 -3.35847867 -3.35838528 -3.35827612 -3.35816577 -3.35806314 -3.35796714 -3.35788707 -3.35779303 -3.35771848 -3.35765540 -3.35760904 -3.35757396 -3.35755529 -3.35755752 -3.35759715 -3.35763492 -3.35770787 -3.35781149 -3.35794156 -3.35809228 -3.35824078 -3.35837713 -3.35849921 -3.35857653 -3.35862630 -3.35865478 -3.35866467 -3.35866637 -3.35865375
-3.35928534 -3.35921261 -3.35910681 -3.35898867 -3.35885475 -3.35871022 -3.35858079 -3.35845287 -3.35835092 -3.35826309 -3.35817719 -3.35811405 -3.35806208 -3.35803169 -3.35799948 -3.35798911 -3.35801766 -3.35805063 -3.35812776 -3.35820658 -3.35831825 -3.35845776 -3.35860842 -3.35877457 -3.35892571 -3.35907274 -3.35918268 -3.35926374 -3.35931531 -3.35933526 -3.35933987 -3.35931937
-3.35976407 -3.35965600 -3.35951640 -3.35935511 -3.35918498 -3.35901665 -3.35886234 -3.35872201 -3.35862447 -3.35854369 -3.35847400 -3.35842089 -3.35839315 -3.35836192 -3.35835042 -3.35836235 -3.35839202 -3.35843359 -3.35850461 -3.35859398 -3.35870896 -3.35885132 -3.35900595 -3.35917153 -3.35935197 -3.35950563 -3.35965019 -3.35975038 -3.35982532 -3.35985453 -3.35985455 -3.35982721
-3.36010138 -3.35996775 -3.35980217 -3.35960760 -3.35941083 -3.35922734 -3.35907583 -3.35893950 -3.35883614 -3.35876541 -3.35871655 -3.35869180 -3.35868003 -3.35866570 -3.35866651 -3.35867420 -3.35871012 -3.35875739 -3.35881088 -3.35889425 -3.35900118 -3.35913193 -3.35929019 -3.35945705 -3.35963976 -3.35980822 -3.35996290 -3.36008790 -3.36018438 -3.36022512 -3.36022368 -3.36018542
-3.36031124 -3.36016688 -3.35999097 -3.35978575 -3.35958042 -3.35939919 -3.35924073 -3.35911956 -3.35903063 -3.35898433 -3.35896224 -3.35895213 -3.35896336 -3.35896748 -3.35897052 -3.35898576 -3.35900074 -3.35902910 -3.35906574 -3.35912662 -3.35920813 -3.35931828 -3.35945972 -3.35961705 -3.35980412 -3.35998689 -3.36015542 -3.36029552 -3.36039925 -3.36045973 -3.36045471 -3.36040778
-3.36044335 -3.36029852 -3.36011905 -3.35993067 -3.35973781 -3.35956182 -3.35942478 -3.35931156 -3.35924779 -3.35921764 -3.35921951 -3.35923488 -3.35926904 -3.35928686 -3.35929788 -3.35929076 -3.35929342 -3.35928567 -3.35928835 -3.35930815 -3.35935814 -3.35943834 -3.35955602 -3.35970607 -3.35989336 -3.36006990 -3.36024591 -3.36038495 -3.36049558 -3.36056809 -3.36057505 -3.36053099
-3.36050422 -3.36038894 -3.36023861 -3.36007133 -3.35990659 -3.35974596 -3.35962845 -3.35953726 -3.35949306 -3.35949322 -3.35951776 -3.35955782 -3.35959598 -3.35962779 -3.35963320 -3.35960904 -3.35956766 -3.35953213 -3.35948650 -3.35945955 -3.35946781 -3.35950746 -3.35959119 -3.35972809 -3.35988669 -3.36005410 -3.36022938 -3.36038274 -3.36050646 -3.36058092 -3.36061070 -3.36059129
