32 32 0 1
-3.36101686 -3.36092413 -3.36078203 -3.36062531 -3.36046486 -3.36032139 -3.36020266 -3.36013172 -3.36009805 -3.36008788 -3.36009509 -3.36010243 -3.36008215 -3.36004348 -3.35998663 -3.35989205 -3.35978593 -3.35968293 -3.35959132 -3.35953165 -3.35951297 -3.35953879 -3.35962171 -3.35975526 -3.35993438 -3.36015368 -3.36038472 -3.36059104 -3.36078052 -3.36092730 -3.36101859 -3.36105344
-3.36105061 -3.36100071 -3.36091862 -3.36079809 -3.36067023 -3.36054833 -3.36044907 -3.36040049 -3.36036800 -3.36037603 -3.36038030 -3.36038775 -3.36037580 -3.36032405 -3.36024535 -3.36012426 -3.35997977 -3.35983210 -3.35968540 -3.35957636 -3.35952051 -3.35950300 -3.35955772 -3.35965567 -3.35982381 -3.36001991 -3.36024514 -3.36046965 -3.36067273 -3.36084820 -3.36096880 -3.36104148
-3.36104725 -3.36104756 -3.36100100 -3.36093041 -3.36084643 -3.36074774 -3.36066926 -3.36061861 -3.36060375 -3.36061782 -3.36062711 -3.36063088 -3.36060602 -3.36054953 -3.36045200 -3.36029911 -3.36013290 -3.35994969 -3.35977050 -3.35962145 -3.35952163 -3.35947385 -3.35948365 -3.35956215 -3.35967911 -3.35986740 -3.36007530 -3.36031233 -3.36053005 -3.36073328 -3.36088173 -3.36099076
-3.36099365 -3.36103182 -3.36102838 -3.36099850 -3.36094453 -3.36087570 -3.36082246 -3.36079496 -3.36077203 -3.36078057 -3.36079695 -3.36079162 -3.36076196 -3.36068205 -3.36056602 -3.36040374 -3.36021578 -3.36001050 -3.35981086 -3.35963002 -3.35949397 -3.35940904 -3.35938493 -3.35942984 -3.35952514 -3.35968524 -3.35989085 -3.36011455 -3.36035015 -3.36056504 -3.36074820 -3.36089737
-3.36086493 -3.36093597 -3.36096812 -3.36097102 -3.36095477 -3.36091783 -3.36087679 -3.36086028 -3.36085239 -3.36086411 -3.36085971 -3.36084986 -3.36081347 -3.36072585 -3.36059731 -3.36042938 -3.36022471 -3.36000299 -3.35978952 -3.35959623 -3.35943227 -3.35932395 -3.35926394 -3.35927484 -3.35935157 -3.35948049 -3.35966505 -3.35988873 -3.36012786 -3.36035545 -3.36055926 -3.36073226
-3.36063774 -3.36074242 -3.36080898 -3.36085032 -3.36086568 -3.36085094 -3.36083355 -3.36081649 -3.36081514 -3.36081783 -3.36081435 -3.36079259 -3.36074772 -3.36066303 -3.36052207 -3.36035061 -3.36014049 -3.35991781 -3.35969977 -3.35949035 -3.35931320 -3.35919091 -3.35911043 -3.35909072 -3.35913891 -3.35923944 -3.35941202 -3.35962284 -3.35985314 -3.36009096 -3.36031710 -3.36049660
-3.36030946 -3.36043520 -3.36052863 -3.36059572 -3.36062745 -3.36064851 -3.36066255 -3.36065347 -3.36065634 -3.36065942 -3.36064850 -3.36062279 -3.36056058 -3.36047786 -3.36033780 -3.36016350 -3.35996005 -3.35973591 -3.35951727 -3.35931055 -3.35912729 -3.35899012 -3.35889291 -3.35884568 -3.35886015 -3.35895738 -3.35909840 -3.35929878 -3.35952345 -3.35975021 -3.35996625 -3.36015141
-3.35984675 -3.35997835 -3.36010568 -3.36019764 -3.36024062 -3.36029464 -3.36032774 -3.36034065 -3.36034858 -3.36035238 -3.36033787 -3.36030717 -3.36024016 -3.36015246 -3.36002258 -3.35984772 -3.35965426 -3.35944387 -3.35923434 -3.35902473 -3.35883911 -3.35869611 -3.35858073 -3.35851231 -3.35851386 -3.35858445 -3.35870954 -3.35888187 -3.35909643 -3.35930921 -3.35950627 -3.35967949
-3.35924047 -3.35938283 -3.35951651 -3.35962117 -3.35970121 -3.35977394 -3.35982116 -3.35984860 -3.35987152 -3.35987821 -3.35986882 -3.35984243 -3.35978145 -3.35968992 -3.35956271 -3.35939848 -3.35921636 -3.35902009 -3.35881969 -3.35861341 -3.35843312 -3.35828589 -3.35815662 -3.35808174 -3.35806166 -3.35811390 -3.35822318 -3.35838021 -3.35856611 -3.35874882 -3.35892961 -3.35909249
-3.35851150 -3.35864523 -3.35877095 -3.35888403 -3.35898270 -3.35906977 -3.35913745 -3.35919025 -3.35922008 -3.35923571 -3.35923554 -3.35922002 -3.35917090 -3.35909231 -3.35897189 -3.35881743 -3.35864597 -3.35846093 -3.35827352 -3.35808032 -3.35789759 -3.35773411 -3.35760789 -3.35752632 -3.35749983 -3.35754516 -3.35763978 -3.35776953 -3.35791974 -3.35808194 -3.35823334 -3.35837340
-3.35764894 -3.35776471 -3.35788685 -3.35800033 -3.35809648 -3.35819515 -3.35826969 -3.35833320 -3.35838842 -3.35841885 -3.35844298 -3.35843356 -3.35840000 -3.35833688 -3.35823838 -3.35809889 -3.35794731 -3.35777206 -3.35759483 -3.35741480 -3.35723586 -3.35707952 -3.35695006 -3.35687178 -3.35684717 -3.35687046 -3.35695207 -3.35705933 -3.35718125 -3.35730666 -3.35742381 -3.35753528
-3.35669336 -3.35678239 -3.35689082 -3.35698565 -3.35708041 -3.35717615 -3.35724546 -3.35732169 -3.35738695 -3.35744588 -3.35748517 -3.35750303 -3.35750405 -3.35745465 -3.35737526 -3.35724993 -3.35711859 -3.35696145 -3.35679509 -3.35662291 -3.35646003 -3.35631390 -3.35619625 -3.35612197 -3.35608914 -3.35610874 -3.35616914 -3.35626055 -3.35634948 -3.35644860 -3.35653035 -3.35661092
-3.35568343 -3.35574025 -3.35581246 -3.35589284 -3.35596313 -3.35603805 -3.35611758 -3.35619654 -3.35627909 -3.35635820 -3.35642329 -3.35647096 -3.35649146 -3.35646989 -3.35641266 -3.35631731 -3.35620085 -3.35607196 -3.35590941 -3.35575767 -3.35561016 -3.35548743 -3.35537545 -3.35529969 -3.35528447 -3.35529248 -3.35534025 -3.35540377 -3.35546990 -3.35554085 -3.35559297 -3.35564131
-3.35468002 -3.35470219 -3.35473174 -3.35477405 -3.35482469 -3.35488848 -3.35495299 -3.35503870 -3.35513719 -3.35524554 -3.35533887 -3.35540684 -3.35543830 -3.35544736 -3.35540995 -3.35534006 -3.35524740 -3.35513530 -3.35499538 -3.35486622 -3.35474328 -3.35463084 -3.35453501 -3.35447802 -3.35447013 -3.35447298 -3.35451178 -3.35455592 -3.35460348 -3.35464029 -3.35465676 -3.35467190
-3.35375750 -3.35373437 -3.35373982 -3.35374835 -3.35376413 -3.35380852 -3.35387216 -3.35395628 -3.35406003 -3.35418472 -3.35431029 -3.35440216 -3.35447155 -3.35449065 -3.35447278 -3.35441897 -3.35433842 -3.35424640 -3.35413196 -3.35402276 -3.35391610 -3.35382313 -3.35375887 -3.35371384 -3.35370446 -3.35371543 -3.35375157 -3.35377954 -3.35379737 -3.35380414 -3.35379895 -3.35378093
-3.35298026 -3.35293403 -3.35291335 -3.35289425 -3.35289168 -3.35292521 -3.35298814 -3.35306025 -3.35317400 -3.35331365 -3.35344485 -3.35356553 -3.35364936 -3.35368814 -3.35368113 -3.35363932 -3.35357180 -3.35349060 -3.35340152 -3.35330329 -3.35321641 -3.35314447 -3.35309944 -3.35307733 -3.35307729 -3.35309672 -3.35313031 -3.35313312 -3.35312824 -3.35310868 -3.35306588 -3.35303039
-3.35245418 -3.35239137 -3.35235425 -3.35231888 -3.35230503 -3.35232369 -3.35237728 -3.35246061 -3.35257427 -3.35272039 -3.35286993 -3.35298595 -3.35306767 -3.35311747 -3.35311761 -3.35308382 -3.35302121 -3.35295529 -3.35287014 -3.35279329 -3.35271887 -3.35266857 -3.35264828 -3.35264749 -3.35265776 -3.35267618 -3.35269895 -3.35269868 -3.35267539 -3.35261823 -3.35257197 -3.35251327
-3.35221628 -3.35216835 -3.35212631 -3.35208739 -3.35206814 -3.35208341 -3.35213455 -3.35221779 -3.35234350 -3.35248107 -3.35261763 -3.35273366 -3.35281908 -3.35285423 -3.35285472 -3.35281618 -3.35276038 -3.35268074 -3.35261112 -3.35255304 -3.35250015 -3.35247069 -3.35245837 -3.35247159 -3.35249348 -3.35251609 -3.35252587 -3.35251335 -3.35246797 -3.35241056 -3.35234730 -3.35228022
-3.35232044 -3.35227469 -3.35223778 -3.35221107 -3.35220758 -3.35222393 -3.35227638 -3.35236234 -3.35248155 -3.35260136 -3.35272052 -3.35281712 -3.35288438 -3.35290719 -3.35289979 -3.35285909 -3.35280482 -3.35273183 -3.35266696 -3.35261703 -3.35257586 -3.35256461 -3.35257130 -3.35259299 -3.35261470 -3.35263782 -3.35262885 -3.35260371 -3.35255253 -3.35249151 -3.35243000 -3.35236679
-3.35273623 -3.35271060 -3.35269092 -3.35268474 -3.35269510 -3.35272021 -3.35277460 -3.35285355 -3.35295831 -3.35305987 -3.35316012 -3.35323042 -3.35327183 -3.35327240 -3.35325502 -3.35320832 -3.35314265 -3.35307720 -3.35301408 -3.35296326 -3.35294096 -3.35294169 -3.35295674 -3.35299138 -3.35302358 -3.35303966 -3.35302315 -3.35298099 -3.35293558 -3.35287238 -3.35281823 -3.35277122
-3.35342918 -3.35342995 -3.35342938 -3.35343859 -3.35346668 -3.35349842 -3.35354616 -3.35361691 -3.35369610 -3.35378310 -3.35384607 -3.35389515 -3.35391205 -3.35389053 -3.35385180 -3.35378547 -3.35372182 -3.35366255 -3.35361051 -3.35356181 -3.35355221 -3.35356544 -3.35359571 -3.35363471 -3.35367261 -3.35368876 -3.35367615 -3.35362307 -3.35356157 -3.35351656 -3.35347425 -3.35344673
-3.35432843 -3.35435566 -3.35436665 -3.35437855 -3.35441568 -3.35444674 -3.35448030 -3.35453927 -3.35460504 -3.35465482 -3.35469706 -3.35472212 -3.35470937 -3.35466514 -3.35460585 -3.35453401 -3.35446867 -3.35441531 -3.35436967 -3.35433656 -3.35433680 -3.35436395 -3.35440631 -3.35446206 -3.35449367 -3.35450789 -3.35450517 -3.35445827 -3.35440556 -3.35436381 -3.35433578 -3.35432371
-3.35535176 -3.35537493 -3.35539338 -3.35541977 -3.35543053 -3.35545372 -3.35547891 -3.35551448 -3.35555830 -3.35559247 -3.35560145 -3.35559327 -3.35555667 -3.35549271 -3.35542519 -3.35536061 -3.35529514 -3.35524214 -3.35520684 -3.35519789 -3.35521767 -3.35525826 -3.35532344 -3.35537872 -3.35541802 -3.35544929 -3.35544065 -3.35542028 -3.35538258 -3.35534423 -3.35532991 -3.35533521
-3.35640943 -3.35643597 -3.35644426 -3.35643554 -3.35643019 -3.35642204 -3.35642555 -3.35643818 -3.35645165 -3.35646888 -3.35645448 -3.35642552 -3.35636712 -3.35630099 -3.35622254 -3.35615984 -3.35609975 -3.35605676 -3.35605643 -3.35607073 -3.35609992 -3.35616776 -3.35623670 -3.35631192 -3.35637102 -3.35641398 -3.35643115 -3.35641405 -3.35639255 -3.35638509 -3.35638712 -3.35638955
-3.35743219 -3.35743256 -3.35741366 -3.35737492 -3.35733249 -3.35728560 -3.35725956 -3.35724367 -3.35723325 -3.35722267 -3.35719709 -3.35714070 -3.35707772 -3.35700870 -3.35694337 -3.35687496 -3.35683791 -3.35681512 -3.35682882 -3.35686435 -3.35692839 -3.35701082 -3.35709991 -3.35719614 -3.35728180 -3.35734217 -3.35738222 -3.35739544 -3.35740091 -3.35740724 -3.35741415 -3.35742810
-3.35835636 -3.35831879 -3.35825685 -3.35817267 -3.35808626 -3.35800434 -3.35793296 -3.35788855 -3.35785249 -3.35782440 -3.35777517 -3.35772642 -3.35766657 -3.35759753 -3.35753734 -3.35748797 -3.35746256 -3.35747729 -3.35749959 -3.35756317 -3.35764568 -3.35774042 -3.35785899 -3.35797189 -3.35807868 -3.35818063 -3.35824540 -3.35829474 -3.35832923 -3.35834436 -3.35836591 -3.35836280
-3.35914005 -3.35905932 -3.35894481 -3.35881951 -3.35868652 -3.35855888 -3.35845950 -3.35837782 -3.35832210 -3.35828479 -3.35823467 -3.35818289 -3.35812378 -3.35807544 -3.35802170 -3.35798800 -3.35798887 -3.35800018 -3.35806741 -3.35813758 -3.35823389 -3.35835451 -3.35848426 -3.35862562 -3.35876068 -3.35888901 -3.35899287 -3.35906959 -3.35913681 -3.35916596 -3.35917975 -3.35916877
-3.35976453 -3.35964871 -3.35949787 -3.35932026 -3.35914562 -3.35898358 -3.35885296 -3.35874898 -3.35868605 -3.35863735 -3.35858960 -3.35854172 -3.35850318 -3.35845289 -3.35841458 -3.35839535 -3.35840773 -3.35843955 -3.35850068 -3.35857689 -3.35868784 -3.35882611 -3.35896804 -3.35912615 -3.35929650 -3.35944633 -3.35958547 -3.35969443 -3.35978167 -3.35982515 -3.35983870 -3.35982521
-3.36023054 -3.36009239 -3.35990782 -3.35970061 -3.35948846 -3.35930511 -3.35916378 -3.35904726 -3.35897464 -3.35892582 -3.35888318 -3.35885222 -3.35882230 -3.35877744 -3.35875178 -3.35873528 -3.35875046 -3.35878731 -3.35883463 -3.35891862 -3.35902628 -3.35915999 -3.35931475 -3.35948152 -3.35967070 -3.35984621 -3.36001261 -3.36015298 -3.36026322 -3.36032515 -3.36034242 -3.36031637
-3.36056319 -3.36040469 -3.36021239 -3.35999232 -3.35976546 -3.35957402 -3.35941718 -3.35930811 -3.35923382 -3.35919355 -3.35916802 -3.35914135 -3.35912662 -3.35909536 -3.35906422 -3.35905159 -3.35904693 -3.35906602 -3.35909777 -3.35916176 -3.35924615 -3.35936790 -3.35952544 -3.35969101 -3.35989171 -3.36009683 -3.36029153 -3.36045568 -3.36058539 -3.36067282 -3.36069195 -3.36065804
-3.36078880 -3.36063867 -3.36044236 -3.36022840 -3.36000993 -3.35982217 -3.35968132 -3.35956788 -3.35950206 -3.35947332 -3.35946261 -3.35944968 -3.35944370 -3.35941392 -3.35937803 -3.35933783 -3.35931520 -3.35930182 -3.35930189 -3.35933412 -3.35939684 -3.35949164 -3.35962695 -3.35979891 -3.36001400 -3.36022021 -3.36042958 -3.36060904 -3.36075889 -3.36087009 -3.36090065 -3.36087499
-3.36092701 -3.36080459 -3.36063032 -3.36043792 -3.36024563 -3.36006817 -3.35994173 -3.35984969 -3.35979637 -3.35977880 -3.35977671 -3.35977474 -3.35976005 -3.35973555 -3.35969331 -3.35962843 -3.35955977 -3.35951281 -3.35946631 -3.35945398 -3.35948234 -3.35954235 -3.35965405 -3.35981934 -3.36000858 -3.36022184 -3.36044639 -3.36064915 -3.36081814 -3.36093914 -3.36100417 -3.36100315
