32 32 0 1
-3.36075930 -3.36072024 -3.36063668 -3.36054463 -3.36043943 -3.36034233 -3.36026123 -3.36021854 -3.36020469 -3.36021454 -3.36023890 -3.36026197 -3.36025274 -3.36022000 -3.36016042 -3.36005517 -3.35992681 -3.35979987 -3.35967826 -3.35958845 -3.35954160 -3.35954549 -3.35959847 -3.35969062 -3.35982315 -3.35998505 -3.36015920 -3.36031431 -3.36046590 -3.36059682 -3.36069103 -3.36075248
-3.36082573 -3.36081782 -3.36078653 -3.36071862 -3.36064230 -3.36056427 -3.36050333 -3.36048767 -3.36048329 -3.36051690 -3.36054947 -3.36058044 -3.36058956 -3.36054712 -3.36047321 -3.36034317 -3.36018009 -3.36000551 -3.35982909 -3.35969338 -3.35961701 -3.35957148 -3.35959842 -3.35965891 -3.35977918 -3.35992068 -3.36008619 -3.36025871 -3.36042000 -3.36057460 -3.36069131 -3.36077973
-3.36086580 -3.36089851 -3.36089082 -3.36086232 -3.36081660 -3.36075237 -3.36071079 -3.36069335 -3.36070978 -3.36075835 -3.36080551 -3.36084579 -3.36084840 -3.36080805 -3.36071845 -3.36056318 -3.36038128 -3.36017299 -3.35996923 -3.35979934 -3.35967912 -3.35961040 -3.35959387 -3.35963961 -3.35971248 -3.35985159 -3.36000313 -3.36018898 -3.36036130 -3.36053417 -3.36067114 -3.36078737
-3.36086511 -3.36091756 -3.36093706 -3.36093533 -3.36091107 -3.36086869 -3.36084295 -3.36084456 -3.36085788 -3.36090331 -3.36095745 -3.36099379 -3.36100099 -3.36095112 -3.36085431 -3.36069304 -3.36049721 -3.36027057 -3.36005173 -3.35985739 -3.35970973 -3.35960787 -3.35956309 -3.35958194 -3.35964406 -3.35976349 -3.35991659 -3.36008675 -3.36027803 -3.36045752 -3.36062190 -3.36076242
-3.36078609 -3.36086226 -3.36090286 -3.36091579 -3.36091072 -3.36088938 -3.36086472 -3.36087519 -3.36089314 -3.36094320 -3.36098623 -3.36102269 -3.36103169 -3.36098123 -3.36087792 -3.36072044 -3.36051835 -3.36029076 -3.36006832 -3.35986268 -3.35969067 -3.35957245 -3.35950775 -3.35949658 -3.35954947 -3.35964386 -3.35978801 -3.35996488 -3.36015828 -3.36034400 -3.36051329 -3.36066812
-3.36062036 -3.36070776 -3.36076709 -3.36080224 -3.36080977 -3.36079205 -3.36078056 -3.36077700 -3.36079952 -3.36084227 -3.36088928 -3.36091782 -3.36092412 -3.36088269 -3.36077541 -3.36062834 -3.36043173 -3.36021014 -3.35998840 -3.35977814 -3.35960098 -3.35947761 -3.35940075 -3.35937345 -3.35940352 -3.35948029 -3.35961501 -3.35978477 -3.35997411 -3.36016497 -3.36035170 -3.36049881
-3.36033585 -3.36043733 -3.36050799 -3.36054905 -3.36055711 -3.36055514 -3.36055954 -3.36055592 -3.36057931 -3.36061730 -3.36065096 -3.36067786 -3.36067422 -3.36064036 -3.36054143 -3.36040305 -3.36022385 -3.36001403 -3.35980646 -3.35960249 -3.35943080 -3.35930530 -3.35921509 -3.35916821 -3.35917803 -3.35925833 -3.35937362 -3.35953671 -3.35971811 -3.35990165 -3.36006946 -3.36021406
-3.35992122 -3.36001626 -3.36009664 -3.36014785 -3.36015996 -3.36017700 -3.36017871 -3.36018502 -3.36020460 -3.36023173 -3.36025691 -3.36027617 -3.36026300 -3.36023968 -3.36015967 -3.36002831 -3.35987142 -3.35968701 -3.35949799 -3.35930550 -3.35913804 -3.35901169 -3.35891803 -3.35886433 -3.35887325 -3.35893189 -3.35903731 -3.35917685 -3.35935407 -3.35951747 -3.35966245 -3.35979204
-3.35934172 -3.35942977 -3.35951254 -3.35956695 -3.35959896 -3.35962251 -3.35963794 -3.35963925 -3.35964930 -3.35966674 -3.35969115 -3.35970827 -3.35970790 -3.35967818 -3.35961177 -3.35950157 -3.35936273 -3.35920579 -3.35903335 -3.35885428 -3.35870780 -3.35858568 -3.35848610 -3.35843792 -3.35843539 -3.35848886 -3.35858182 -3.35871269 -3.35886459 -3.35899138 -3.35911782 -3.35923613
-3.35861914 -3.35870219 -3.35877924 -3.35883361 -3.35887021 -3.35889679 -3.35891490 -3.35892138 -3.35892375 -3.35893158 -3.35894962 -3.35897108 -3.35897278 -3.35895480 -3.35890392 -3.35881319 -3.35869842 -3.35856177 -3.35841954 -3.35826804 -3.35812790 -3.35800373 -3.35791737 -3.35787137 -3.35787412 -3.35792296 -3.35801011 -3.35811569 -3.35822567 -3.35833810 -3.35843854 -3.35853159
-3.35775946 -3.35782633 -3.35789575 -3.35795199 -3.35797867 -3.35800947 -3.35801397 -3.35801642 -3.35802196 -3.35801832 -3.35803869 -3.35805067 -3.35806050 -3.35805348 -3.35802537 -3.35795932 -3.35787757 -3.35776728 -3.35764579 -3.35752300 -3.35739773 -3.35729963 -3.35722486 -3.35719070 -3.35720336 -3.35723806 -3.35731105 -3.35739552 -3.35748054 -3.35756093 -3.35763325 -3.35769459
-3.35680082 -3.35684168 -3.35689476 -3.35692977 -3.35695798 -3.35697673 -3.35696177 -3.35695888 -3.35694926 -3.35694579 -3.35695822 -3.35697516 -3.35700687 -3.35700739 -3.35699642 -3.35695354 -3.35690178 -3.35682489 -3.35673086 -3.35663142 -3.35653993 -3.35646499 -3.35641561 -3.35640077 -3.35641381 -3.35646002 -3.35651570 -3.35658182 -3.35663813 -3.35669151 -3.35673057 -3.35676683
-3.35578372 -3.35579219 -3.35581157 -3.35583778 -3.35583650 -3.35582823 -3.35581210 -3.35578670 -3.35576822 -3.35576133 -3.35576606 -3.35578955 -3.35582069 -3.35584521 -3.35585671 -3.35584831 -3.35582184 -3.35578191 -3.35571420 -3.35564891 -3.35559189 -3.35555633 -3.35553198 -3.35552817 -3.35556577 -3.35561053 -3.35566438 -3.35570815 -3.35574284 -3.35576975 -3.35578040 -3.35578269
-3.35477007 -3.35474213 -3.35472353 -3.35470747 -3.35469380 -3.35466711 -3.35462545 -3.35458737 -3.35456044 -3.35455242 -3.35456074 -3.35457516 -3.35460068 -3.35464722 -3.35467690 -3.35469310 -3.35470220 -3.35469102 -3.35465832 -3.35463068 -3.35461394 -3.35460987 -3.35461406 -3.35464551 -3.35470535 -3.35475998 -3.35480987 -3.35484377 -3.35486459 -3.35486360 -3.35483378 -3.35480481
-3.35383720 -3.35376589 -3.35371693 -3.35366820 -3.35361877 -3.35357289 -3.35351995 -3.35346350 -3.35342475 -3.35340887 -3.35342041 -3.35344043 -3.35348322 -3.35352989 -3.35357328 -3.35360955 -3.35363395 -3.35365215 -3.35365699 -3.35366586 -3.35368151 -3.35371380 -3.35376242 -3.35382174 -3.35389731 -3.35397036 -3.35402882 -3.35405871 -3.35405265 -3.35402381 -3.35397284 -3.35390548
-3.35304801 -3.35295057 -3.35287389 -3.35279859 -3.35273112 -3.35266985 -3.35261081 -3.35253809 -3.35249115 -3.35247411 -3.35247214 -3.35250212 -3.35254796 -3.35260293 -3.35265355 -3.35269851 -3.35273830 -3.35277381 -3.35280417 -3.35283549 -3.35288223 -3.35294625 -3.35303320 -3.35313084 -3.35323100 -3.35331849 -3.35339094 -3.35340528 -3.35338259 -3.35333013 -3.35323958 -3.35315141
-3.35250893 -3.35238977 -3.35229190 -3.35219721 -3.35211854 -3.35204720 -3.35197883 -3.35191488 -3.35186312 -3.35184239 -3.35184945 -3.35186365 -3.35189859 -3.35195390 -3.35200610 -3.35205305 -3.35209375 -3.35214346 -3.35218291 -3.35223720 -3.35230522 -3.35239718 -3.35252115 -3.35265458 -3.35277234 -3.35287147 -3.35294282 -3.35296047 -3.35292695 -3.35284404 -3.35274748 -3.35262920
-3.35225425 -3.35214121 -3.35203792 -3.35194009 -3.35185240 -3.35178074 -3.35171551 -3.35165943 -3.35161864 -3.35159264 -3.35158651 -3.35159887 -3.35163502 -3.35166693 -3.35171580 -3.35174290 -3.35178487 -3.35181543 -3.35186526 -3.35193968 -3.35203157 -3.35215029 -3.35228519 -3.35243880 -3.35257867 -3.35268935 -3.35275625 -3.35276921 -3.35272079 -3.35263328 -3.35251875 -3.35238500
-3.35233983 -3.35222606 -3.35211887 -3.35203392 -3.35196507 -3.35190208 -3.35185061 -3.35180442 -3.35176632 -3.35173473 -3.35171941 -3.35171844 -3.35173281 -3.35175086 -3.35177867 -3.35179685 -3.35182584 -3.35185509 -3.35190333 -3.35198082 -3.35208028 -3.35221521 -3.35237061 -3.35253466 -3.35267666 -3.35279066 -3.35284782 -3.35284959 -3.35279550 -3.35270895 -3.35258939 -3.35245842
-3.35273450 -3.35263857 -3.35254827 -3.35248285 -3.35243167 -3.35238299 -3.35234609 -3.35230826 -3.35227488 -3.35223930 -3.35221737 -3.35219670 -3.35219255 -3.35218550 -3.35219973 -3.35220280 -3.35220401 -3.35222768 -3.35226419 -3.35233408 -3.35244453 -3.35259201 -3.35275286 -3.35291662 -3.35307125 -3.35317601 -3.35322229 -3.35320668 -3.35316232 -3.35307473 -3.35296400 -3.35284704
-3.35340601 -3.35333407 -3.35326824 -3.35321657 -3.35318768 -3.35315677 -3.35312514 -3.35309325 -3.35305709 -3.35302412 -3.35298153 -3.35295532 -3.35293427 -3.35290388 -3.35288886 -3.35286337 -3.35285835 -3.35287690 -3.35290422 -3.35296778 -3.35308092 -3.35323380 -3.35339897 -3.35356206 -3.35370802 -3.35380712 -3.35384911 -3.35382425 -3.35376252 -3.35369122 -3.35359478 -3.35349770
-3.35428105 -3.35424273 -3.35419686 -3.35415178 -3.35413839 -3.35411454 -3.35408115 -3.35405211 -3.35401587 -3.35397345 -3.35392737 -3.35388907 -3.35384645 -3.35379428 -3.35375710 -3.35371758 -3.35370298 -3.35370841 -3.35373487 -3.35379672 -3.35390984 -3.35406664 -3.35422749 -3.35439656 -3.35452138 -3.35460701 -3.35464634 -3.35462528 -3.35456789 -3.35450116 -3.35442388 -3.35434926
-3.35528517 -3.35525048 -3.35521741 -3.35519748 -3.35516741 -3.35514360 -3.35510872 -3.35507180 -3.35503707 -3.35499187 -3.35492921 -3.35487443 -3.35481485 -3.35474671 -3.35469552 -3.35465885 -3.35463308 -3.35463200 -3.35465892 -3.35472978 -3.35485253 -3.35500209 -3.35517040 -3.35532117 -3.35543815 -3.35552337 -3.35555026 -3.35554339 -3.35549695 -3.35543669 -3.35538215 -3.35532975
-3.35632508 -3.35630619 -3.35627063 -3.35623037 -3.35619016 -3.35614190 -3.35609921 -3.35605681 -3.35600714 -3.35595757 -3.35589067 -3.35581695 -3.35574522 -3.35567869 -3.35561275 -3.35557260 -3.35554413 -3.35554158 -3.35559596 -3.35568049 -3.35579521 -3.35595206 -3.35611138 -3.35625665 -3.35637605 -3.35645601 -3.35649177 -3.35647823 -3.35645411 -3.35642140 -3.35639003 -3.35635050
-3.35732836 -3.35729687 -3.35725147 -3.35718592 -3.35712351 -3.35704972 -3.35698532 -3.35692477 -3.35686042 -3.35679844 -3.35672973 -3.35664466 -3.35656888 -3.35650404 -3.35644835 -3.35639942 -3.35638220 -3.35639467 -3.35645383 -3.35654350 -3.35667393 -3.35682717 -3.35698757 -3.35713728 -3.35725842 -3.35734699 -3.35738790 -3.35739516 -3.35739288 -3.35737772 -3.35736588 -3.35734857
-3.35822122 -3.35817132 -3.35810165 -3.35800753 -3.35790973 -3.35781474 -3.35771728 -3.35763417 -3.35755930 -3.35749172 -3.35740592 -3.35733625 -3.35726187 -3.35719892 -3.35715287 -3.35711595 -3.35710437 -3.35714594 -3.35719889 -3.35730371 -3.35743794 -3.35758018 -3.35774541 -3.35789534 -3.35802474 -3.35813216 -3.35818899 -3.35822384 -3.35824739 -3.35825042 -3.35825489 -3.35823984
-3.35897291 -3.35890011 -3.35879389 -3.35867507 -3.35854735 -3.35841459 -3.35830593 -3.35819708 -3.35810988 -3.35803729 -3.35795861 -3.35789384 -3.35782928 -3.35777955 -3.35773129 -3.35770875 -3.35772506 -3.35774872 -3.35783280 -3.35792540 -3.35805446 -3.35820963 -3.35836232 -3.35852381 -3.35866151 -3.35878041 -3.35886858 -3.35892884 -3.35897617 -3.35900060 -3.35901111 -3.35899610
-3.35956344 -3.35947045 -3.35934673 -3.35919447 -3.35903558 -3.35888413 -3.35875067 -3.35863150 -3.35854826 -3.35847845 -3.35840842 -3.35835090 -3.35830777 -3.35825385 -3.35821949 -3.35820498 -3.35822237 -3.35825398 -3.35831767 -3.35840834 -3.35853714 -3.35868669 -3.35884138 -3.35899500 -3.35915343 -3.35928013 -3.35939690 -3.35948211 -3.35955133 -3.35958909 -3.35960725 -3.35960730
-3.35999687 -3.35989790 -3.35975255 -3.35958415 -3.35940463 -3.35924208 -3.35911268 -3.35899549 -3.35891247 -3.35884535 -3.35878653 -3.35874750 -3.35871451 -3.35867146 -3.35864424 -3.35862405 -3.35863352 -3.35866210 -3.35870669 -3.35878545 -3.35889232 -3.35902403 -3.35917791 -3.35933499 -3.35949541 -3.35963697 -3.35976877 -3.35987968 -3.35997093 -3.36002872 -3.36005987 -3.36005422
-3.36030405 -3.36019605 -3.36005344 -3.35988520 -3.35970749 -3.35954511 -3.35940932 -3.35930711 -3.35923079 -3.35918325 -3.35914969 -3.35911812 -3.35910312 -3.35906883 -3.35903106 -3.35900963 -3.35899309 -3.35899834 -3.35901635 -3.35906821 -3.35914185 -3.35924575 -3.35938807 -3.35952979 -3.35969949 -3.35986203 -3.36000933 -3.36013939 -3.36024982 -3.36033197 -3.36036180 -3.36035451
-3.36051676 -3.36042071 -3.36028694 -3.36012878 -3.35996502 -3.35981638 -3.35970355 -3.35960714 -3.35955351 -3.35952644 -3.35951458 -3.35949844 -3.35949353 -3.35946194 -3.35942344 -3.35937115 -3.35933126 -3.35929547 -3.35927437 -3.35928034 -3.35932255 -3.35939615 -3.35950900 -3.35964985 -3.35982215 -3.35998187 -3.36014006 -3.36027936 -3.36040413 -3.36050073 -3.36054776 -3.36055017
-3.36065151 -3.36058312 -3.36047638 -3.36034591 -3.36021713 -3.36008565 -3.35998840 -3.35992042 -3.35988031 -3.35987252 -3.35987948 -3.35988411 -3.35987553 -3.35985503 -3.35980644 -3.35972807 -3.35964245 -3.35956909 -3.35949450 -3.35945324 -3.35945599 -3.35948896 -3.35957363 -3.35970288 -3.35984995 -3.36000671 -3.36017519 -3.36033170 -3.36046784 -3.36057541 -3.36065120 -3.36068084
