32 32 0 1
-3.36080214 -3.36073072 -3.36062295 -3.36050564 -3.36038950 -3.36028294 -3.36019611 -3.36014428 -3.36012638 -3.36013375 -3.36016019 -3.36019513 -3.36020434 -3.36019814 -3.36016593 -3.36008908 -3.35998796 -3.35987882 -3.35977281 -3.35968969 -3.35964919 -3.35965555 -3.35971804 -3.35982605 -3.35997589 -3.36015942 -3.36034428 -3.36050658 -3.36064967 -3.36075472 -3.36081763 -3.36083722
-3.36079943 -3.36076355 -3.36071602 -3.36063803 -3.36055430 -3.36047184 -3.36040788 -3.36038710 -3.36037422 -3.36040378 -3.36043520 -3.36047700 -3.36050487 -3.36049036 -3.36044191 -3.36033898 -3.36020531 -3.36005208 -3.35989059 -3.35976653 -3.35969624 -3.35965892 -3.35969311 -3.35976621 -3.35989570 -3.36004926 -3.36022115 -3.36038672 -3.36053438 -3.36065807 -3.36073845 -3.36078833
-3.36077212 -3.36078692 -3.36077312 -3.36074577 -3.36070538 -3.36064522 -3.36060174 -3.36057984 -3.36058922 -3.36063157 -3.36067694 -3.36071905 -3.36073948 -3.36072070 -3.36065791 -3.36052617 -3.36036946 -3.36018478 -3.35999761 -3.35983724 -3.35972252 -3.35965990 -3.35965297 -3.35970831 -3.35978890 -3.35992885 -3.36008065 -3.36024932 -3.36039996 -3.36053978 -3.36063871 -3.36071993
-3.36071370 -3.36076423 -3.36078877 -3.36080186 -3.36078937 -3.36075618 -3.36073310 -3.36073468 -3.36074317 -3.36078232 -3.36083751 -3.36086951 -3.36088305 -3.36084662 -3.36076468 -3.36062256 -3.36044696 -3.36023790 -3.36003759 -3.35985169 -3.35971348 -3.35962218 -3.35958598 -3.35961366 -3.35967427 -3.35978887 -3.35992830 -3.36007865 -3.36024014 -3.36038336 -3.36051262 -3.36062679
-3.36059066 -3.36067571 -3.36073470 -3.36077249 -3.36078819 -3.36078507 -3.36077367 -3.36078837 -3.36080665 -3.36085492 -3.36088951 -3.36091521 -3.36092043 -3.36086980 -3.36077525 -3.36062355 -3.36043347 -3.36021834 -3.36000393 -3.35980730 -3.35964972 -3.35954179 -3.35948657 -3.35948264 -3.35953088 -3.35961701 -3.35973728 -3.35988274 -3.36004290 -3.36019853 -3.36034348 -3.36048042
-3.36039895 -3.36050776 -3.36058902 -3.36065396 -3.36069287 -3.36070167 -3.36071483 -3.36071915 -3.36074659 -3.36078488 -3.36081688 -3.36083809 -3.36083332 -3.36078373 -3.36066479 -3.36051372 -3.36031447 -3.36009886 -3.35988318 -3.35968328 -3.35951927 -3.35940215 -3.35933200 -3.35931106 -3.35933575 -3.35939718 -3.35950828 -3.35964789 -3.35980175 -3.35996815 -3.36013641 -3.36027915
-3.36011524 -3.36023294 -3.36033466 -3.36041458 -3.36045689 -3.36049350 -3.36052119 -3.36052686 -3.36055237 -3.36058896 -3.36061684 -3.36064027 -3.36061911 -3.36055879 -3.36043653 -3.36027362 -3.36008231 -3.35986621 -3.35965440 -3.35946584 -3.35929632 -3.35917884 -3.35909709 -3.35905645 -3.35906226 -3.35912201 -3.35921630 -3.35934587 -3.35950310 -3.35966929 -3.35982435 -3.35997124
-3.35969672 -3.35982590 -3.35994926 -3.36004454 -3.36009420 -3.36014425 -3.36017204 -3.36019387 -3.36022241 -3.36025135 -3.36027750 -3.36028360 -3.36025227 -3.36019024 -3.36007442 -3.35990789 -3.35971573 -3.35950686 -3.35930675 -3.35911415 -3.35896041 -3.35883947 -3.35875023 -3.35870034 -3.35870387 -3.35875290 -3.35883759 -3.35895467 -3.35911093 -3.35926043 -3.35940823 -3.35955045
-3.35914237 -3.35927705 -3.35940484 -3.35950434 -3.35957559 -3.35963040 -3.35966768 -3.35968943 -3.35971926 -3.35975144 -3.35977264 -3.35978391 -3.35975155 -3.35967753 -3.35956083 -3.35939675 -3.35920792 -3.35901063 -3.35880824 -3.35862446 -3.35847909 -3.35836822 -3.35827696 -3.35823057 -3.35822693 -3.35826774 -3.35835584 -3.35846691 -3.35860090 -3.35872615 -3.35886696 -3.35900665
-3.35847140 -3.35859892 -3.35872384 -3.35882227 -3.35888788 -3.35894963 -3.35898921 -3.35902219 -3.35905157 -3.35907905 -3.35910870 -3.35912184 -3.35909297 -3.35903300 -3.35891818 -3.35875367 -3.35856904 -3.35836768 -3.35818096 -3.35800318 -3.35785769 -3.35774498 -3.35766317 -3.35762730 -3.35762794 -3.35768205 -3.35776340 -3.35786247 -3.35796981 -3.35808743 -3.35821113 -3.35833815
-3.35766247 -3.35778055 -3.35789938 -3.35799629 -3.35805270 -3.35810570 -3.35813778 -3.35816671 -3.35821335 -3.35825224 -3.35829251 -3.35830780 -3.35829642 -3.35824018 -3.35813381 -3.35797341 -3.35779708 -3.35760015 -3.35741464 -3.35724352 -3.35709872 -3.35699811 -3.35693387 -3.35690449 -3.35692940 -3.35697165 -3.35704719 -3.35713388 -3.35723376 -3.35733337 -3.35743602 -3.35754488
-3.35675553 -3.35686007 -3.35696118 -3.35703617 -3.35708989 -3.35712669 -3.35714220 -3.35717754 -3.35722113 -3.35727406 -3.35733239 -3.35736769 -3.35738205 -3.35733226 -3.35723675 -3.35707876 -3.35690310 -3.35671430 -3.35653115 -3.35635956 -3.35622641 -3.35613763 -3.35608910 -3.35608309 -3.35610815 -3.35616693 -3.35623435 -3.35631954 -3.35639959 -3.35648536 -3.35656904 -3.35666176
-3.35578853 -3.35586598 -3.35594060 -3.35599689 -3.35602647 -3.35604356 -3.35606314 -3.35608874 -3.35613618 -3.35620794 -3.35627963 -3.35633996 -3.35637055 -3.35634551 -3.35625897 -3.35612082 -3.35595105 -3.35576879 -3.35558040 -3.35541504 -3.35529304 -3.35522137 -3.35518912 -3.35518814 -3.35523983 -3.35529988 -3.35537481 -3.35544261 -3.35550698 -3.35558348 -3.35564841 -3.35571452
-3.35481440 -3.35487097 -3.35490519 -3.35492869 -3.35494684 -3.35495293 -3.35495371 -3.35498405 -3.35504431 -3.35513097 -3.35522780 -3.35530577 -3.35534524 -3.35534607 -3.35527284 -3.35515272 -3.35499225 -3.35481258 -3.35462973 -3.35447871 -3.35436607 -3.35430282 -3.35428458 -3.35430698 -3.35437370 -3.35443790 -3.35450894 -3.35457196 -3.35463481 -3.35468535 -3.35472355 -3.35477017
-3.35391972 -3.35394047 -3.35395996 -3.35395469 -3.35394725 -3.35394101 -3.35394352 -3.35397341 -3.35403609 -3.35413453 -3.35425299 -3.35435760 -3.35442489 -3.35443520 -3.35438401 -3.35427030 -3.35411544 -3.35394513 -3.35377264 -3.35362641 -3.35351812 -3.35346932 -3.35347099 -3.35350577 -3.35357531 -3.35365312 -3.35372925 -3.35378285 -3.35382529 -3.35385395 -3.35387678 -3.35389776
-3.35317272 -3.35317241 -3.35317396 -3.35315752 -3.35314191 -3.35313107 -3.35314105 -3.35316445 -3.35324462 -3.35334800 -3.35346978 -3.35359792 -3.35368160 -3.35371034 -3.35366753 -3.35357096 -3.35342114 -3.35325389 -3.35309281 -3.35294515 -3.35284661 -3.35280332 -3.35281375 -3.35287047 -3.35294644 -3.35302784 -3.35310877 -3.35314184 -3.35316709 -3.35317278 -3.35316580 -3.35316993
-3.35267824 -3.35266513 -3.35265756 -3.35263923 -3.35262197 -3.35261154 -3.35262723 -3.35266741 -3.35274620 -3.35285914 -3.35299344 -3.35311148 -3.35319420 -3.35323436 -3.35320523 -3.35311792 -3.35297586 -3.35282025 -3.35266047 -3.35252302 -3.35242501 -3.35238915 -3.35241494 -3.35248107 -3.35256237 -3.35263997 -3.35271027 -3.35273836 -3.35274557 -3.35271695 -3.35270475 -3.35268730
-3.35248660 -3.35248558 -3.35247928 -3.35246929 -3.35245514 -3.35245488 -3.35247670 -3.35253103 -3.35262048 -3.35272899 -3.35284717 -3.35296272 -3.35305004 -3.35307643 -3.35305627 -3.35296746 -3.35284142 -3.35267645 -3.35253012 -3.35239972 -3.35231919 -3.35229171 -3.35231481 -3.35238483 -3.35246854 -3.35254937 -3.35260248 -3.35261810 -3.35259667 -3.35256659 -3.35253207 -3.35250529
-3.35264286 -3.35264674 -3.35264054 -3.35264947 -3.35266515 -3.35267866 -3.35271490 -3.35277366 -3.35286082 -3.35295259 -3.35304893 -3.35314300 -3.35320968 -3.35322652 -3.35320620 -3.35312736 -3.35301195 -3.35285995 -3.35272417 -3.35260458 -3.35253122 -3.35251353 -3.35255065 -3.35261727 -3.35269394 -3.35276674 -3.35280069 -3.35279629 -3.35276664 -3.35272862 -3.35268421 -3.35265450
-3.35311943 -3.35313481 -3.35314539 -3.35317168 -3.35321182 -3.35324055 -3.35328712 -3.35334370 -3.35341446 -3.35348970 -3.35356166 -3.35362345 -3.35366636 -3.35366332 -3.35364888 -3.35356896 -3.35345587 -3.35332682 -3.35319667 -3.35308860 -3.35303161 -3.35302927 -3.35306785 -3.35313745 -3.35322000 -3.35328048 -3.35330051 -3.35327928 -3.35324405 -3.35319825 -3.35315138 -3.35312856
-3.35386747 -3.35389385 -3.35392299 -3.35395891 -3.35401590 -3.35405411 -3.35409854 -3.35414927 -3.35419482 -3.35424940 -3.35428427 -3.35432188 -3.35434466 -3.35432238 -3.35428781 -3.35420594 -3.35410844 -3.35400312 -3.35389459 -3.35380026 -3.35376265 -3.35377790 -3.35382540 -3.35390192 -3.35398191 -3.35403968 -3.35405296 -3.35401876 -3.35396882 -3.35392351 -3.35388534 -3.35386746
-3.35480568 -3.35483807 -3.35487353 -3.35490772 -3.35496961 -3.35501049 -3.35504054 -3.35507831 -3.35510397 -3.35512550 -3.35514176 -3.35514732 -3.35513554 -3.35510025 -3.35504846 -3.35497330 -3.35489535 -3.35480245 -3.35471501 -3.35464467 -3.35462921 -3.35466436 -3.35472340 -3.35481650 -3.35489350 -3.35494548 -3.35496191 -3.35492884 -3.35488148 -3.35483418 -3.35480394 -3.35479493
-3.35583688 -3.35585704 -3.35588262 -3.35592746 -3.35595803 -3.35598715 -3.35600376 -3.35602185 -3.35602852 -3.35602978 -3.35601231 -3.35598778 -3.35594147 -3.35589172 -3.35583647 -3.35577376 -3.35570981 -3.35563201 -3.35556575 -3.35554044 -3.35555051 -3.35560193 -3.35568473 -3.35577845 -3.35586383 -3.35593126 -3.35594706 -3.35593204 -3.35589475 -3.35585028 -3.35582566 -3.35582226
-3.35687134 -3.35688659 -3.35689374 -3.35689675 -3.35690098 -3.35689430 -3.35689359 -3.35689094 -3.35687185 -3.35685332 -3.35680837 -3.35675754 -3.35669758 -3.35663892 -3.35657962 -3.35652136 -3.35646611 -3.35641538 -3.35639404 -3.35639735 -3.35642507 -3.35650453 -3.35660150 -3.35671391 -3.35682048 -3.35689384 -3.35693365 -3.35692530 -3.35690379 -3.35688485 -3.35687340 -3.35686042
-3.35784092 -3.35782700 -3.35780398 -3.35776839 -3.35773279 -3.35768590 -3.35765505 -3.35762519 -3.35758124 -3.35753984 -3.35748172 -3.35741177 -3.35734528 -3.35728590 -3.35723142 -3.35717639 -3.35714090 -3.35711647 -3.35711639 -3.35714481 -3.35720928 -3.35730737 -3.35742934 -3.35755979 -3.35768517 -3.35778033 -3.35783346 -3.35786319 -3.35787306 -3.35786378 -3.35785345 -3.35784758
-3.35868411 -3.35863953 -3.35857493 -3.35848978 -3.35840977 -3.35833109 -3.35825296 -3.35819330 -3.35813685 -3.35808159 -3.35800196 -3.35794044 -3.35787440 -3.35781255 -3.35776389 -3.35772863 -3.35770381 -3.35771482 -3.35772751 -3.35778005 -3.35786741 -3.35798051 -3.35812013 -3.35826864 -3.35840873 -3.35853515 -3.35862323 -3.35868301 -3.35872038 -3.35872958 -3.35872875 -3.35870822
-3.35938447 -3.35929425 -3.35917621 -3.35905946 -3.35893043 -3.35881062 -3.35871595 -3.35862126 -3.35854952 -3.35848266 -3.35841559 -3.35835366 -3.35829337 -3.35824875 -3.35820132 -3.35817326 -3.35817541 -3.35818159 -3.35824038 -3.35829694 -3.35839623 -3.35852789 -3.35867240 -3.35883953 -3.35899661 -3.35915116 -3.35927332 -3.35936108 -3.35942364 -3.35944857 -3.35945139 -3.35942758
-3.35992000 -3.35979694 -3.35964970 -3.35948607 -3.35931942 -3.35917151 -3.35904795 -3.35893713 -3.35886088 -3.35880034 -3.35873888 -3.35868469 -3.35864655 -3.35859386 -3.35856610 -3.35854895 -3.35855882 -3.35858215 -3.35862973 -3.35869642 -3.35879889 -3.35894071 -3.35909439 -3.35926447 -3.35944938 -3.35961377 -3.35977001 -3.35988134 -3.35996924 -3.36000953 -3.36001800 -3.35999176
-3.36029961 -3.36016180 -3.35998645 -3.35979293 -3.35960421 -3.35944000 -3.35931305 -3.35920061 -3.35912350 -3.35906363 -3.35901055 -3.35897227 -3.35894513 -3.35891008 -3.35888775 -3.35887454 -3.35888715 -3.35891126 -3.35894621 -3.35901222 -3.35910359 -3.35923328 -3.35939523 -3.35956632 -3.35975499 -3.35993696 -3.36010362 -3.36024460 -3.36035651 -3.36040931 -3.36042145 -3.36038970
-3.36053992 -3.36039508 -3.36022489 -3.36002641 -3.35983275 -3.35966293 -3.35952604 -3.35942620 -3.35935452 -3.35930944 -3.35928199 -3.35925497 -3.35924604 -3.35922316 -3.35919804 -3.35918911 -3.35918104 -3.35918685 -3.35920382 -3.35925168 -3.35932121 -3.35942783 -3.35957435 -3.35973905 -3.35993943 -3.36013861 -3.36031891 -3.36047259 -3.36059251 -3.36066927 -3.36067586 -3.36063623
-3.36069295 -3.36055864 -3.36038955 -3.36020639 -3.36002461 -3.35986634 -3.35974536 -3.35964540 -3.35959160 -3.35956430 -3.35955569 -3.35954985 -3.35955880 -3.35954690 -3.35952617 -3.35949514 -3.35946872 -3.35944359 -3.35943008 -3.35943405 -3.35947831 -3.35955637 -3.35967903 -3.35983756 -3.36003804 -3.36023111 -3.36041899 -3.36057638 -3.36070346 -3.36078872 -3.36080533 -3.36077357
-3.36076702 -3.36066354 -3.36052163 -3.36036543 -3.36021364 -3.36006704 -3.35996486 -3.35988859 -3.35984891 -3.35984373 -3.35985619 -3.35987123 -3.35988145 -3.35987848 -3.35985802 -3.35980632 -3.35974031 -3.35968079 -3.35961931 -3.35958602 -3.35959003 -3.35962941 -3.35971975 -3.35986559 -3.36003567 -3.36021957 -3.36041201 -3.36057879 -3.36071584 -3.36080543 -3.36085000 -3.36084099
