32 32 0 1
-3.36060469 -3.36051609 -3.36038987 -3.36025731 -3.36012389 -3.36001584 -3.35993424 -3.35990504 -3.35991563 -3.35995368 -3.36000705 -3.36005629 -3.36006962 -3.36004848 -3.35999100 -3.35988556 -3.35975071 -3.35961385 -3.35948691 -3.35939308 -3.35935089 -3.35936363 -3.35943619 -3.35955764 -3.35972551 -3.35992393 -3.36012752 -3.36030069 -3.36045698 -3.36057034 -3.36063474 -3.36064987
-3.36063820 -3.36059346 -3.36052967 -3.36043504 -3.36033580 -3.36024566 -3.36018565 -3.36018088 -3.36019451 -3.36025321 -3.36030987 -3.36036411 -3.36039164 -3.36035992 -3.36028333 -3.36014470 -3.35997179 -3.35978171 -3.35959415 -3.35944896 -3.35936645 -3.35933389 -3.35937637 -3.35946463 -3.35961652 -3.35979427 -3.35998749 -3.36017750 -3.36034496 -3.36048654 -3.36057718 -3.36063277
-3.36064972 -3.36066228 -3.36063409 -3.36058818 -3.36053193 -3.36046221 -3.36042135 -3.36041248 -3.36044284 -3.36051419 -3.36058246 -3.36063653 -3.36065312 -3.36061448 -3.36051844 -3.36034843 -3.36014437 -3.35992012 -3.35969893 -3.35951402 -3.35938619 -3.35932080 -3.35932013 -3.35939011 -3.35949023 -3.35965666 -3.35983507 -3.36003272 -3.36021271 -3.36037584 -3.36049678 -3.36059113
-3.36062119 -3.36067352 -3.36068810 -3.36068851 -3.36066451 -3.36062205 -3.36060481 -3.36061546 -3.36064444 -3.36070500 -3.36077600 -3.36081992 -3.36083014 -3.36077375 -3.36065762 -3.36047380 -3.36025123 -3.35999808 -3.35975677 -3.35954474 -3.35938265 -3.35928316 -3.35924882 -3.35928695 -3.35936609 -3.35950277 -3.35967224 -3.35985324 -3.36005005 -3.36022728 -3.36038371 -3.36051909
-3.36051977 -3.36061595 -3.36067635 -3.36071143 -3.36072231 -3.36071750 -3.36070854 -3.36073258 -3.36076311 -3.36082668 -3.36087269 -3.36090964 -3.36090699 -3.36083587 -3.36070299 -3.36050770 -3.36027186 -3.36001163 -3.35975733 -3.35953242 -3.35934864 -3.35922646 -3.35916393 -3.35916380 -3.35922438 -3.35932703 -3.35947708 -3.35965778 -3.35985395 -3.36004100 -3.36021688 -3.36038174
-3.36033612 -3.36046381 -3.36056789 -3.36064535 -3.36069234 -3.36071146 -3.36072052 -3.36073954 -3.36077936 -3.36082853 -3.36086805 -3.36088234 -3.36086153 -3.36078135 -3.36063445 -3.36044172 -3.36019766 -3.35993717 -3.35968302 -3.35945035 -3.35926135 -3.35912726 -3.35904418 -3.35901559 -3.35904591 -3.35911812 -3.35924908 -3.35941448 -3.35960312 -3.35979894 -3.36000527 -3.36017857
-3.36004121 -3.36020098 -3.36033913 -3.36044664 -3.36051555 -3.36056570 -3.36060928 -3.36063282 -3.36067093 -3.36071407 -3.36073805 -3.36074045 -3.36069232 -3.36060595 -3.36044946 -3.36024892 -3.36001755 -3.35976264 -3.35951912 -3.35929315 -3.35909744 -3.35895940 -3.35886038 -3.35879951 -3.35879795 -3.35886492 -3.35896906 -3.35911771 -3.35929385 -3.35948805 -3.35967905 -3.35986569
-3.35960771 -3.35978682 -3.35995991 -3.36009830 -3.36019046 -3.36027682 -3.36033341 -3.36038038 -3.36042324 -3.36045282 -3.36046174 -3.36044382 -3.36037999 -3.36028352 -3.36013081 -3.35992748 -3.35970919 -3.35947665 -3.35924541 -3.35902865 -3.35884037 -3.35869505 -3.35857992 -3.35850415 -3.35848585 -3.35851675 -3.35859606 -3.35871767 -3.35888467 -3.35905596 -3.35923116 -3.35940858
-3.35901185 -3.35920180 -3.35940025 -3.35956339 -3.35969838 -3.35981024 -3.35989437 -3.35995125 -3.35999472 -3.36001738 -3.36001911 -3.35998879 -3.35991870 -3.35981087 -3.35965684 -3.35946259 -3.35925477 -3.35904441 -3.35882908 -3.35862281 -3.35845507 -3.35831222 -3.35818116 -3.35809917 -3.35805803 -3.35807182 -3.35812510 -3.35822128 -3.35835751 -3.35849082 -3.35865347 -3.35882670
-3.35826696 -3.35846762 -3.35867671 -3.35886724 -3.35902660 -3.35916485 -3.35926858 -3.35934540 -3.35938587 -3.35940401 -3.35939608 -3.35936145 -3.35928550 -3.35917835 -3.35903095 -3.35884823 -3.35865807 -3.35846155 -3.35827924 -3.35809741 -3.35792871 -3.35778279 -3.35765903 -3.35756749 -3.35751889 -3.35751387 -3.35754371 -3.35760547 -3.35768947 -3.35780509 -3.35793690 -3.35808731
-3.35737091 -3.35756756 -3.35778466 -3.35799980 -3.35817683 -3.35834416 -3.35846048 -3.35853724 -3.35859585 -3.35860338 -3.35859546 -3.35855241 -3.35847792 -3.35836671 -3.35823924 -3.35807256 -3.35790920 -3.35773910 -3.35757520 -3.35742022 -3.35726977 -3.35713987 -3.35702735 -3.35693663 -3.35688551 -3.35685002 -3.35685213 -3.35687729 -3.35692399 -3.35699071 -3.35708292 -3.35720753
-3.35636088 -3.35654404 -3.35676341 -3.35697774 -3.35718299 -3.35735869 -3.35747878 -3.35757397 -3.35762444 -3.35763499 -3.35762356 -3.35758393 -3.35752323 -3.35741702 -3.35729965 -3.35715498 -3.35701585 -3.35687359 -3.35673885 -3.35660683 -3.35648970 -3.35638043 -3.35628720 -3.35621082 -3.35614658 -3.35610248 -3.35607103 -3.35606012 -3.35605916 -3.35608012 -3.35612868 -3.35622529
-3.35527892 -3.35543461 -3.35563501 -3.35585942 -3.35606467 -3.35624377 -3.35638298 -3.35647774 -3.35652693 -3.35654386 -3.35653207 -3.35649371 -3.35643827 -3.35634890 -3.35624935 -3.35613961 -3.35602266 -3.35591793 -3.35580266 -3.35570989 -3.35562343 -3.35555012 -3.35547593 -3.35540503 -3.35535423 -3.35529740 -3.35524562 -3.35518749 -3.35514361 -3.35512149 -3.35512635 -3.35517630
-3.35419125 -3.35431592 -3.35448808 -3.35468822 -3.35489796 -3.35508523 -3.35522194 -3.35532748 -3.35538570 -3.35541651 -3.35541169 -3.35537313 -3.35531167 -3.35524740 -3.35516444 -3.35507614 -3.35499457 -3.35491653 -3.35483500 -3.35477750 -3.35473254 -3.35468709 -3.35463863 -3.35459788 -3.35455799 -3.35449753 -3.35442348 -3.35433671 -3.35425465 -3.35417837 -3.35412375 -3.35413163
-3.35318367 -3.35325929 -3.35340858 -3.35358698 -3.35377897 -3.35396595 -3.35411823 -3.35422703 -3.35429089 -3.35432734 -3.35434039 -3.35431662 -3.35427717 -3.35422090 -3.35415312 -3.35408349 -3.35401844 -3.35396555 -3.35391941 -3.35389435 -3.35387714 -3.35387043 -3.35386299 -3.35384566 -3.35381977 -3.35376094 -3.35368118 -3.35356916 -3.35344093 -3.35331554 -3.35321701 -3.35316913
-3.35233460 -3.35237483 -3.35248860 -3.35264554 -3.35282722 -3.35301424 -3.35317424 -3.35328791 -3.35336910 -3.35341853 -3.35343528 -3.35343556 -3.35341131 -3.35337178 -3.35331537 -3.35326003 -3.35320496 -3.35316910 -3.35315068 -3.35313928 -3.35315593 -3.35317626 -3.35320600 -3.35322613 -3.35321741 -3.35317422 -3.35309036 -3.35295026 -3.35278279 -3.35261156 -3.35245648 -3.35236687
-3.35176064 -3.35175782 -3.35183947 -3.35197421 -3.35213975 -3.35232147 -3.35248499 -3.35262102 -3.35271406 -3.35277904 -3.35282485 -3.35282285 -3.35280212 -3.35277774 -3.35273452 -3.35268645 -3.35263264 -3.35261383 -3.35259889 -3.35260979 -3.35264278 -3.35269159 -3.35276005 -3.35280892 -3.35282299 -3.35278903 -3.35270098 -3.35255607 -3.35236781 -3.35214745 -3.35196582 -3.35183037
-3.35150423 -3.35148248 -3.35153759 -3.35165213 -3.35180121 -3.35197438 -3.35214407 -3.35229310 -3.35241022 -3.35249008 -3.35253627 -3.35255457 -3.35255292 -3.35252328 -3.35248490 -3.35243009 -3.35238168 -3.35234294 -3.35233612 -3.35236237 -3.35241905 -3.35249099 -3.35257165 -3.35264798 -3.35268466 -3.35267072 -3.35258279 -3.35243097 -3.35222156 -3.35199317 -3.35177746 -3.35160779
-3.35162678 -3.35157563 -3.35160110 -3.35170215 -3.35184909 -3.35201180 -3.35218472 -3.35234570 -3.35247565 -3.35255958 -3.35261186 -3.35263479 -3.35263028 -3.35260437 -3.35256381 -3.35250750 -3.35245828 -3.35241932 -3.35240686 -3.35243332 -3.35249596 -3.35258300 -3.35268968 -3.35278440 -3.35283450 -3.35283425 -3.35274510 -3.35259331 -3.35238221 -3.35215430 -3.35192480 -3.35173977
-3.35209307 -3.35203350 -3.35204595 -3.35213165 -3.35226633 -3.35242063 -3.35258871 -3.35274331 -3.35287308 -3.35296403 -3.35302300 -3.35304180 -3.35303835 -3.35300379 -3.35296565 -3.35290966 -3.35283889 -3.35279951 -3.35277738 -3.35279785 -3.35286969 -3.35296831 -3.35308395 -3.35319421 -3.35326960 -3.35327370 -3.35319675 -3.35304055 -3.35285063 -3.35262745 -3.35240506 -3.35222138
-3.35286211 -3.35280088 -3.35280803 -3.35287484 -3.35299195 -3.35313219 -3.35328116 -3.35342592 -3.35354215 -3.35363237 -3.35367800 -3.35370351 -3.35369900 -3.35365913 -3.35360589 -3.35353258 -3.35346653 -3.35342622 -3.35340191 -3.35341979 -3.35349352 -3.35360525 -3.35372953 -3.35385185 -3.35393705 -3.35395591 -3.35389323 -3.35375069 -3.35356228 -3.35336030 -3.35315775 -3.35298448
-3.35384373 -3.35379516 -3.35379293 -3.35383390 -3.35392972 -3.35404161 -3.35416080 -3.35428713 -3.35438734 -3.35445720 -3.35450259 -3.35452128 -3.35450429 -3.35445705 -3.35439725 -3.35432004 -3.35425836 -3.35421360 -3.35419609 -3.35421559 -3.35429397 -3.35441756 -3.35454902 -3.35468699 -3.35477242 -3.35479718 -3.35475370 -3.35463645 -3.35447079 -3.35429261 -3.35411108 -3.35395562
-3.35495063 -3.35489296 -3.35487349 -3.35491089 -3.35495986 -3.35504012 -3.35512682 -3.35521724 -3.35530023 -3.35535961 -3.35538297 -3.35538507 -3.35535445 -3.35529637 -3.35523415 -3.35517023 -3.35511269 -3.35507026 -3.35506228 -3.35510240 -3.35519594 -3.35532186 -3.35547268 -3.35560270 -3.35569663 -3.35574323 -3.35570759 -3.35562561 -3.35549203 -3.35533129 -3.35518061 -3.35504465
-3.35607556 -3.35602418 -3.35598197 -3.35596878 -3.35598727 -3.35601786 -3.35606808 -3.35612670 -3.35617218 -3.35621664 -3.35622231 -3.35620377 -3.35616091 -3.35611050 -3.35604440 -3.35598645 -3.35593332 -3.35590636 -3.35593347 -3.35599573 -3.35609256 -3.35623721 -3.35639248 -3.35652806 -3.35663883 -3.35669059 -3.35668827 -3.35661803 -3.35651662 -3.35640148 -3.35628060 -3.35616084
-3.35714474 -3.35706919 -3.35700109 -3.35694908 -3.35692096 -3.35690459 -3.35691067 -3.35693027 -3.35694668 -3.35696218 -3.35695495 -3.35691765 -3.35687089 -3.35681743 -3.35676314 -3.35670960 -3.35668201 -3.35667928 -3.35672444 -3.35679934 -3.35692485 -3.35707809 -3.35723899 -3.35739190 -3.35751241 -3.35758449 -3.35760833 -3.35757497 -3.35750686 -3.35741884 -3.35732411 -3.35723050
-3.35807963 -3.35797982 -3.35788306 -3.35778362 -3.35770480 -3.35764710 -3.35760347 -3.35758524 -3.35757678 -3.35757136 -3.35754376 -3.35751538 -3.35746513 -3.35740978 -3.35736502 -3.35732707 -3.35731424 -3.35735252 -3.35739859 -3.35750455 -3.35763998 -3.35779578 -3.35797045 -3.35812870 -3.35826455 -3.35837020 -3.35841776 -3.35842429 -3.35839713 -3.35833025 -3.35825871 -3.35817181
-3.35886113 -3.35872818 -3.35858584 -3.35844735 -3.35832952 -3.35822580 -3.35815573 -3.35809768 -3.35806881 -3.35805071 -3.35801975 -3.35798573 -3.35794241 -3.35790086 -3.35785464 -3.35783460 -3.35785027 -3.35788168 -3.35796958 -3.35806905 -3.35820933 -3.35838125 -3.35855076 -3.35872920 -3.35888067 -3.35900761 -3.35909173 -3.35913541 -3.35914242 -3.35910345 -3.35904387 -3.35895533
-3.35945960 -3.35930677 -3.35913339 -3.35896574 -3.35880340 -3.35866860 -3.35856712 -3.35848986 -3.35845323 -3.35843154 -3.35839799 -3.35837113 -3.35834523 -3.35830211 -3.35827262 -3.35825901 -3.35827915 -3.35832225 -3.35839571 -3.35850068 -3.35863884 -3.35880718 -3.35898292 -3.35916220 -3.35933716 -3.35948540 -3.35960437 -3.35967935 -3.35971455 -3.35970280 -3.35965781 -3.35958179
-3.35990345 -3.35973555 -3.35954064 -3.35934132 -3.35915047 -3.35899693 -3.35889205 -3.35881296 -3.35876904 -3.35874185 -3.35872337 -3.35870525 -3.35869041 -3.35865716 -3.35863653 -3.35861933 -3.35863443 -3.35867151 -3.35872736 -3.35881863 -3.35894184 -3.35909282 -3.35926581 -3.35944755 -3.35963557 -3.35980156 -3.35995065 -3.36005715 -3.36012874 -3.36014196 -3.36011027 -3.36003633
-3.36020306 -3.36003142 -3.35983834 -3.35962728 -3.35943292 -3.35927354 -3.35915500 -3.35908627 -3.35904451 -3.35903106 -3.35903212 -3.35902887 -3.35902992 -3.35900653 -3.35897489 -3.35895865 -3.35894406 -3.35895533 -3.35898133 -3.35904491 -3.35913203 -3.35925706 -3.35941866 -3.35958595 -3.35978554 -3.35997863 -3.36015097 -3.36028920 -3.36038240 -3.36042953 -3.36040555 -3.36032934
-3.36040758 -3.36024853 -3.36005989 -3.35986213 -3.35967551 -3.35952049 -3.35941860 -3.35934290 -3.35931905 -3.35932730 -3.35934691 -3.35935896 -3.35937212 -3.35935236 -3.35932125 -3.35927290 -3.35923430 -3.35919882 -3.35918495 -3.35919818 -3.35925424 -3.35934437 -3.35947801 -3.35964468 -3.35985131 -3.36004714 -3.36023298 -3.36038424 -3.36050310 -3.36057268 -3.36056973 -3.36051285
-3.36052699 -3.36039952 -3.36024082 -3.36006668 -3.35990996 -3.35976359 -3.35967408 -3.35962464 -3.35961135 -3.35963756 -3.35967172 -3.35970400 -3.35971821 -3.35970879 -3.35966523 -3.35958913 -3.35949757 -3.35942512 -3.35935333 -3.35931424 -3.35932428 -3.35937195 -3.35947565 -3.35963386 -3.35981462 -3.36000918 -3.36020802 -3.36037920 -3.36051660 -3.36060399 -3.36063951 -3.36061664
