32 32 0 1
-3.36051193 -3.36048863 -3.36043971 -3.36038425 -3.36032235 -3.36026349 -3.36021474 -3.36020072 -3.36021286 -3.36024433 -3.36028783 -3.36033146 -3.36034016 -3.36032149 -3.36026656 -3.36015334 -3.36000583 -3.35984692 -3.35969241 -3.35956660 -3.35948560 -3.35946286 -3.35949491 -3.35958074 -3.35970997 -3.35987242 -3.36003659 -3.36017717 -3.36030449 -3.36040064 -3.36046662 -3.36050676
-3.36056382 -3.36057786 -3.36058333 -3.36055526 -3.36052155 -3.36048042 -3.36045202 -3.36046036 -3.36047808 -3.36053046 -3.36057877 -3.36062908 -3.36065104 -3.36062072 -3.36054116 -3.36039810 -3.36021548 -3.36000164 -3.35979125 -3.35961223 -3.35949324 -3.35942147 -3.35942456 -3.35947748 -3.35959897 -3.35974130 -3.35990755 -3.36006776 -3.36021356 -3.36034219 -3.36043708 -3.36051549
-3.36057399 -3.36063323 -3.36066747 -3.36068529 -3.36068635 -3.36066684 -3.36065688 -3.36066369 -3.36069961 -3.36076179 -3.36082228 -3.36087154 -3.36088946 -3.36085068 -3.36075397 -3.36057942 -3.36036905 -3.36012303 -3.35987055 -3.35965038 -3.35947968 -3.35937460 -3.35933385 -3.35937505 -3.35945017 -3.35959148 -3.35974551 -3.35992670 -3.36008449 -3.36024343 -3.36036883 -3.36048362
-3.36053085 -3.36062606 -3.36069138 -3.36074530 -3.36077122 -3.36077220 -3.36078737 -3.36082098 -3.36085680 -3.36092134 -3.36099013 -3.36103569 -3.36104417 -3.36098713 -3.36087107 -3.36068386 -3.36045141 -3.36017376 -3.35990307 -3.35964582 -3.35944205 -3.35930233 -3.35923549 -3.35924277 -3.35929935 -3.35941688 -3.35957094 -3.35974197 -3.35992993 -3.36009851 -3.36025614 -3.36040422
-3.36040046 -3.36052589 -3.36062395 -3.36069978 -3.36075660 -3.36079508 -3.36082041 -3.36086909 -3.36091876 -3.36098854 -3.36104428 -3.36108968 -3.36108908 -3.36102358 -3.36089403 -3.36069766 -3.36044526 -3.36015874 -3.35986948 -3.35959870 -3.35937264 -3.35920632 -3.35910891 -3.35908412 -3.35912619 -3.35921169 -3.35935087 -3.35952399 -3.35971088 -3.35990040 -3.36007799 -3.36025328
-3.36018256 -3.36033079 -3.36045321 -3.36056712 -3.36064930 -3.36069672 -3.36074845 -3.36079642 -3.36085906 -3.36092505 -3.36098518 -3.36101339 -3.36101327 -3.36094907 -3.36079970 -3.36060666 -3.36034358 -3.36005282 -3.35975618 -3.35947436 -3.35923427 -3.35905958 -3.35894077 -3.35888682 -3.35890520 -3.35897593 -3.35910009 -3.35926275 -3.35944474 -3.35964209 -3.35983220 -3.36001499
-3.35985323 -3.36001730 -3.36016266 -3.36029502 -3.36038982 -3.36047591 -3.36055729 -3.36061599 -3.36069059 -3.36076003 -3.36080549 -3.36083621 -3.36081616 -3.36075111 -3.36060670 -3.36040189 -3.36014705 -3.35985439 -3.35955776 -3.35928134 -3.35903239 -3.35884590 -3.35870844 -3.35863111 -3.35861913 -3.35867753 -3.35878726 -3.35893585 -3.35911321 -3.35930366 -3.35948784 -3.35966960
-3.35938618 -3.35956471 -3.35974445 -3.35989571 -3.36001141 -3.36012408 -3.36022245 -3.36030881 -3.36038822 -3.36045022 -3.36049680 -3.36052109 -3.36049258 -3.36041981 -3.36029342 -3.36008861 -3.35983597 -3.35955734 -3.35927340 -3.35899085 -3.35874203 -3.35854721 -3.35840102 -3.35830060 -3.35827825 -3.35831917 -3.35840385 -3.35853202 -3.35870706 -3.35887445 -3.35903881 -3.35920635
-3.35881430 -3.35899951 -3.35918590 -3.35935756 -3.35950731 -3.35964334 -3.35975538 -3.35984985 -3.35993381 -3.36000229 -3.36005306 -3.36007492 -3.36004977 -3.35997491 -3.35984338 -3.35965128 -3.35941760 -3.35915350 -3.35887453 -3.35860399 -3.35836545 -3.35817217 -3.35801073 -3.35791315 -3.35787216 -3.35788619 -3.35795748 -3.35806636 -3.35820167 -3.35833777 -3.35849048 -3.35864467
-3.35814162 -3.35831817 -3.35850566 -3.35869051 -3.35885365 -3.35901255 -3.35913990 -3.35925228 -3.35934289 -3.35941367 -3.35946706 -3.35949817 -3.35948206 -3.35941640 -3.35929107 -3.35911082 -3.35888997 -3.35864404 -3.35838543 -3.35812702 -3.35789016 -3.35769113 -3.35753347 -3.35743217 -3.35737968 -3.35739137 -3.35743915 -3.35751635 -3.35761212 -3.35772654 -3.35784443 -3.35798442
-3.35735474 -3.35752048 -3.35770345 -3.35789562 -3.35806117 -3.35822569 -3.35836291 -3.35848277 -3.35859202 -3.35867433 -3.35874318 -3.35878088 -3.35878046 -3.35872557 -3.35862076 -3.35845394 -3.35826100 -3.35802549 -3.35778752 -3.35754819 -3.35732381 -3.35713836 -3.35698408 -3.35687745 -3.35683066 -3.35681541 -3.35684222 -3.35688780 -3.35695642 -3.35702694 -3.35711203 -3.35722135
-3.35648737 -3.35662956 -3.35679865 -3.35697441 -3.35714500 -3.35730512 -3.35744364 -3.35757372 -3.35768832 -3.35778983 -3.35787757 -3.35794166 -3.35796798 -3.35793475 -3.35785111 -3.35770225 -3.35752686 -3.35731791 -3.35709551 -3.35686813 -3.35666926 -3.35649624 -3.35635797 -3.35625839 -3.35620098 -3.35617713 -3.35617800 -3.35619609 -3.35621882 -3.35625471 -3.35630018 -3.35637400
-3.35554901 -3.35565655 -3.35580675 -3.35596821 -3.35612903 -3.35627922 -3.35642159 -3.35655479 -3.35668211 -3.35680468 -3.35691635 -3.35699962 -3.35705790 -3.35705733 -3.35699571 -3.35688225 -3.35672845 -3.35654532 -3.35632816 -3.35613118 -3.35595005 -3.35579931 -3.35567207 -3.35558170 -3.35553005 -3.35549088 -3.35547129 -3.35544959 -3.35542866 -3.35543030 -3.35543987 -3.35547473
-3.35459126 -3.35466948 -3.35478460 -3.35492141 -3.35507645 -3.35522509 -3.35535195 -3.35549284 -3.35564164 -3.35578907 -3.35592611 -3.35603651 -3.35610464 -3.35614362 -3.35611003 -3.35602658 -3.35589791 -3.35572872 -3.35553765 -3.35536365 -3.35520073 -3.35506934 -3.35495876 -3.35488443 -3.35484274 -3.35478951 -3.35474722 -3.35469172 -3.35464252 -3.35459661 -3.35456071 -3.35456113
-3.35369288 -3.35373069 -3.35382838 -3.35395007 -3.35407464 -3.35422036 -3.35435439 -3.35449670 -3.35465512 -3.35482284 -3.35498160 -3.35512867 -3.35523578 -3.35528835 -3.35528196 -3.35521598 -3.35509684 -3.35495260 -3.35477976 -3.35462305 -3.35448142 -3.35437218 -3.35428625 -3.35422378 -3.35418105 -3.35412862 -3.35407231 -3.35399106 -3.35389711 -3.35380239 -3.35373297 -3.35369396
-3.35291806 -3.35293753 -3.35301357 -3.35311882 -3.35324344 -3.35338653 -3.35352758 -3.35367562 -3.35384512 -3.35402351 -3.35419755 -3.35436790 -3.35449815 -3.35456957 -3.35458504 -3.35452754 -3.35442287 -3.35428419 -3.35413021 -3.35397613 -3.35385249 -3.35375802 -3.35369744 -3.35365703 -3.35362481 -3.35357806 -3.35350755 -3.35338765 -3.35326349 -3.35313117 -3.35301280 -3.35294651
-3.35237979 -3.35238486 -3.35245224 -3.35255549 -3.35268402 -3.35282697 -3.35297349 -3.35313554 -3.35330645 -3.35349071 -3.35368264 -3.35384952 -3.35397734 -3.35406467 -3.35408110 -3.35403222 -3.35392851 -3.35379852 -3.35364674 -3.35350335 -3.35339288 -3.35331523 -3.35328072 -3.35325751 -3.35324032 -3.35318572 -3.35310724 -3.35297628 -3.35282752 -3.35265298 -3.35251573 -3.35242067
-3.35213303 -3.35215199 -3.35222563 -3.35233545 -3.35246639 -3.35261239 -3.35276605 -3.35293550 -3.35311541 -3.35329248 -3.35346675 -3.35363167 -3.35376122 -3.35382774 -3.35384618 -3.35378948 -3.35368988 -3.35354044 -3.35339830 -3.35326557 -3.35317186 -3.35311430 -3.35308918 -3.35308711 -3.35308380 -3.35303898 -3.35294739 -3.35280631 -3.35263030 -3.35245150 -3.35229333 -3.35218146
-3.35224407 -3.35227000 -3.35234170 -3.35246971 -3.35262108 -3.35277458 -3.35293777 -3.35310588 -3.35327151 -3.35343136 -3.35358178 -3.35371786 -3.35382100 -3.35387793 -3.35387882 -3.35381764 -3.35371631 -3.35357050 -3.35342873 -3.35330160 -3.35322043 -3.35317883 -3.35317703 -3.35319293 -3.35319702 -3.35315895 -3.35305736 -3.35291030 -3.35272640 -3.35254988 -3.35238725 -3.35228235
-3.35268654 -3.35271964 -3.35281019 -3.35295158 -3.35311570 -3.35327636 -3.35344012 -3.35359494 -3.35373617 -3.35387589 -3.35399375 -3.35408946 -3.35416421 -3.35418913 -3.35418008 -3.35411087 -3.35399280 -3.35386101 -3.35371808 -3.35359788 -3.35353344 -3.35351130 -3.35352612 -3.35355687 -3.35357810 -3.35354711 -3.35344527 -3.35329421 -3.35312436 -3.35295526 -3.35279774 -3.35271189
-3.35340369 -3.35345722 -3.35356060 -3.35370594 -3.35387447 -3.35402810 -3.35417986 -3.35432061 -3.35443252 -3.35453732 -3.35460832 -3.35467529 -3.35471822 -3.35471549 -3.35467466 -3.35458999 -3.35447924 -3.35435729 -3.35423159 -3.35412549 -3.35407806 -3.35408212 -3.35411412 -3.35415536 -3.35418760 -3.35416950 -3.35408018 -3.35393151 -3.35376376 -3.35361235 -3.35347971 -3.35341150
-3.35431390 -3.35438499 -3.35448792 -3.35462274 -3.35478754 -3.35492888 -3.35505562 -3.35517256 -3.35525620 -3.35531385 -3.35536173 -3.35538993 -3.35539215 -3.35536427 -3.35530589 -3.35521147 -3.35511212 -3.35499877 -3.35489210 -3.35480918 -3.35478627 -3.35481383 -3.35486722 -3.35493130 -3.35495548 -3.35494411 -3.35487365 -3.35474060 -3.35459974 -3.35446112 -3.35435399 -3.35430312
-3.35532071 -3.35538452 -3.35548009 -3.35561171 -3.35573631 -3.35585580 -3.35595779 -3.35604470 -3.35610097 -3.35612892 -3.35613716 -3.35613267 -3.35610078 -3.35604376 -3.35598008 -3.35589438 -3.35580518 -3.35570796 -3.35562635 -3.35558279 -3.35558634 -3.35563548 -3.35571239 -3.35577730 -3.35581222 -3.35581750 -3.35575875 -3.35565745 -3.35554025 -3.35540970 -3.35532971 -3.35529970
-3.35633238 -3.35638934 -3.35646386 -3.35655207 -3.35664094 -3.35671993 -3.35679159 -3.35684588 -3.35687226 -3.35688204 -3.35685919 -3.35682608 -3.35676931 -3.35670854 -3.35663517 -3.35655965 -3.35648042 -3.35641666 -3.35637616 -3.35636574 -3.35639823 -3.35647123 -3.35655518 -3.35663446 -3.35668768 -3.35669886 -3.35666497 -3.35657443 -3.35647952 -3.35639201 -3.35633031 -3.35630598
-3.35727876 -3.35730525 -3.35735029 -3.35739049 -3.35744106 -3.35747643 -3.35751007 -3.35752864 -3.35752982 -3.35751716 -3.35748070 -3.35742312 -3.35735985 -3.35730091 -3.35723289 -3.35716146 -3.35711508 -3.35707426 -3.35706267 -3.35708300 -3.35714764 -3.35724008 -3.35733903 -3.35743261 -3.35750574 -3.35752759 -3.35750941 -3.35745239 -3.35739082 -3.35731872 -3.35727994 -3.35726693
-3.35809752 -3.35810514 -3.35810249 -3.35809248 -3.35809574 -3.35809270 -3.35807683 -3.35806132 -3.35804722 -3.35802452 -3.35797143 -3.35792134 -3.35786033 -3.35779652 -3.35773807 -3.35769457 -3.35765176 -3.35765872 -3.35767089 -3.35771993 -3.35779841 -3.35790428 -3.35801924 -3.35812623 -3.35820740 -3.35826020 -3.35826076 -3.35823701 -3.35820031 -3.35815577 -3.35812746 -3.35810753
-3.35879160 -3.35875625 -3.35870494 -3.35865653 -3.35860738 -3.35855771 -3.35852224 -3.35848056 -3.35844857 -3.35842174 -3.35837347 -3.35832425 -3.35827371 -3.35822655 -3.35817341 -3.35813834 -3.35812703 -3.35813155 -3.35818415 -3.35824368 -3.35833817 -3.35845448 -3.35857603 -3.35869301 -3.35878825 -3.35886196 -3.35889705 -3.35889684 -3.35888411 -3.35885974 -3.35883395 -3.35880986
-3.35933854 -3.35927292 -3.35919113 -3.35910298 -3.35901800 -3.35893228 -3.35887010 -3.35881417 -3.35877354 -3.35874278 -3.35870943 -3.35867805 -3.35864149 -3.35859826 -3.35856640 -3.35853582 -3.35853312 -3.35854432 -3.35858700 -3.35865165 -3.35875272 -3.35887687 -3.35899793 -3.35912133 -3.35924310 -3.35933255 -3.35939727 -3.35942574 -3.35943628 -3.35942504 -3.35940328 -3.35937873
-3.35975280 -3.35966736 -3.35956349 -3.35945347 -3.35933210 -3.35923676 -3.35916546 -3.35910268 -3.35906508 -3.35903843 -3.35901624 -3.35900039 -3.35898584 -3.35895089 -3.35892078 -3.35889329 -3.35889041 -3.35889337 -3.35891564 -3.35897924 -3.35906163 -3.35917157 -3.35929401 -3.35942082 -3.35955584 -3.35966761 -3.35975505 -3.35981562 -3.35985687 -3.35985836 -3.35984036 -3.35981114
-3.36004724 -3.35995585 -3.35985213 -3.35973102 -3.35961247 -3.35950949 -3.35942306 -3.35936466 -3.35933216 -3.35932036 -3.35931598 -3.35931277 -3.35931085 -3.35928944 -3.35925419 -3.35923048 -3.35920067 -3.35918711 -3.35918392 -3.35921287 -3.35926321 -3.35934773 -3.35946745 -3.35958958 -3.35973875 -3.35987213 -3.35998661 -3.36007111 -3.36013173 -3.36016392 -3.36014795 -3.36010973
-3.36026629 -3.36018355 -3.36008131 -3.35997299 -3.35986567 -3.35976792 -3.35969552 -3.35963695 -3.35961443 -3.35961448 -3.35962696 -3.35964045 -3.35965945 -3.35964249 -3.35960314 -3.35954449 -3.35949263 -3.35943877 -3.35939465 -3.35937763 -3.35939468 -3.35944289 -3.35954094 -3.35966590 -3.35982318 -3.35996616 -3.36010172 -3.36020306 -3.36028023 -3.36033135 -3.36033538 -3.36031419
-3.36040602 -3.36035545 -3.36027815 -3.36019003 -3.36010147 -3.36001216 -3.35995229 -3.35991739 -3.35990997 -3.35992840 -3.35995637 -3.35998980 -3.36000290 -3.35999204 -3.35995110 -3.35986542 -3.35975995 -3.35966069 -3.35956209 -3.35949242 -3.35946788 -3.35947826 -3.35954044 -3.35966056 -3.35979859 -3.35994865 -3.36009962 -3.36023033 -3.36033359 -3.36040030 -3.36043614 -3.36044163
