32 32 0 1
-3.36065010 -3.36056476 -3.36043912 -3.36030455 -3.36016872 -3.36004615 -3.35995015 -3.35990523 -3.35990335 -3.35993834 -3.35999630 -3.36006426 -3.36009940 -3.36010843 -3.36008295 -3.36000342 -3.35988619 -3.35975678 -3.35962981 -3.35952631 -3.35946522 -3.35946097 -3.35951324 -3.35962019 -3.35977450 -3.35996536 -3.36016302 -3.36033750 -3.36048943 -3.36060447 -3.36067109 -3.36069006
-3.36064857 -3.36060086 -3.36053575 -3.36044327 -3.36034322 -3.36024835 -3.36017902 -3.36016772 -3.36017625 -3.36023721 -3.36030756 -3.36038613 -3.36044384 -3.36044657 -3.36040646 -3.36030179 -3.36015005 -3.35997241 -3.35978815 -3.35963472 -3.35954024 -3.35948280 -3.35950091 -3.35956195 -3.35969058 -3.35984868 -3.36003057 -3.36020976 -3.36036756 -3.36050078 -3.36058920 -3.36064167
-3.36063184 -3.36063687 -3.36061200 -3.36057006 -3.36051425 -3.36044565 -3.36040227 -3.36039080 -3.36042042 -3.36049569 -3.36057961 -3.36065994 -3.36071274 -3.36071742 -3.36066022 -3.36052730 -3.36035301 -3.36014752 -3.35993322 -3.35974445 -3.35960135 -3.35951291 -3.35948157 -3.35952244 -3.35959438 -3.35973480 -3.35989016 -3.36007345 -3.36023605 -3.36038895 -3.36049778 -3.36058299
-3.36059599 -3.36064040 -3.36065641 -3.36065665 -3.36062932 -3.36058805 -3.36056931 -3.36058121 -3.36060844 -3.36067937 -3.36076780 -3.36084126 -3.36088681 -3.36087362 -3.36079963 -3.36065668 -3.36046802 -3.36024028 -3.36001454 -3.35979955 -3.35963232 -3.35951257 -3.35944924 -3.35945260 -3.35950257 -3.35960926 -3.35975460 -3.35991419 -3.36009101 -3.36024523 -3.36038629 -3.36050948
-3.36050042 -3.36058487 -3.36063482 -3.36066192 -3.36066909 -3.36066182 -3.36065079 -3.36067023 -3.36070650 -3.36077623 -3.36083893 -3.36090524 -3.36093783 -3.36091451 -3.36083026 -3.36068011 -3.36048366 -3.36025253 -3.36001957 -3.35980008 -3.35961336 -3.35947468 -3.35938599 -3.35935518 -3.35938266 -3.35945525 -3.35958012 -3.35973663 -3.35990653 -3.36007751 -3.36024325 -3.36038863
-3.36033824 -3.36044437 -3.36052433 -3.36058674 -3.36061404 -3.36061592 -3.36062544 -3.36063640 -3.36067328 -3.36073110 -3.36079131 -3.36083557 -3.36086169 -3.36083488 -3.36073418 -3.36059505 -3.36039325 -3.36017095 -3.35993893 -3.35971755 -3.35952609 -3.35937168 -3.35926521 -3.35920805 -3.35921096 -3.35925495 -3.35935878 -3.35950762 -3.35968196 -3.35986889 -3.36005128 -3.36020988
-3.36008100 -3.36020668 -3.36030291 -3.36037980 -3.36041378 -3.36044202 -3.36046797 -3.36048027 -3.36051544 -3.36056167 -3.36060344 -3.36064522 -3.36064782 -3.36061809 -3.36052167 -3.36037305 -3.36018661 -3.35997053 -3.35975492 -3.35954703 -3.35935101 -3.35919553 -3.35907296 -3.35898890 -3.35895886 -3.35899823 -3.35908774 -3.35922624 -3.35940154 -3.35958863 -3.35976530 -3.35993104
-3.35969886 -3.35982640 -3.35995042 -3.36003437 -3.36007928 -3.36012262 -3.36014922 -3.36017546 -3.36019908 -3.36023085 -3.36026495 -3.36029507 -3.36028776 -3.36025314 -3.36016506 -3.36002216 -3.35984491 -3.35965480 -3.35945353 -3.35924936 -3.35906701 -3.35890338 -3.35876395 -3.35866534 -3.35863362 -3.35865425 -3.35872550 -3.35885259 -3.35902397 -3.35920333 -3.35937694 -3.35954178
-3.35917021 -3.35931121 -3.35942905 -3.35952159 -3.35958712 -3.35963459 -3.35966371 -3.35968340 -3.35970388 -3.35973404 -3.35976942 -3.35979352 -3.35979174 -3.35974819 -3.35966285 -3.35952959 -3.35937137 -3.35920055 -3.35900691 -3.35881540 -3.35864398 -3.35848697 -3.35833874 -3.35824259 -3.35818643 -3.35819240 -3.35826684 -3.35838091 -3.35853512 -3.35869054 -3.35885799 -3.35901880
-3.35852235 -3.35865523 -3.35877352 -3.35886346 -3.35892192 -3.35896631 -3.35899761 -3.35902473 -3.35904775 -3.35907508 -3.35910572 -3.35913911 -3.35913928 -3.35911082 -3.35903418 -3.35891260 -3.35876696 -3.35860171 -3.35843693 -3.35825606 -3.35808812 -3.35793027 -3.35778654 -3.35768282 -3.35762956 -3.35764046 -3.35770000 -3.35779964 -3.35792427 -3.35807210 -3.35822750 -3.35837469
-3.35774070 -3.35786511 -3.35797329 -3.35805724 -3.35809836 -3.35813476 -3.35815136 -3.35817183 -3.35820855 -3.35823966 -3.35828845 -3.35832512 -3.35834526 -3.35832775 -3.35827125 -3.35816800 -3.35803898 -3.35789050 -3.35773277 -3.35757054 -3.35740387 -3.35726111 -3.35713093 -3.35702646 -3.35698176 -3.35696982 -3.35701572 -3.35709574 -3.35720939 -3.35733907 -3.35747071 -3.35760592
-3.35685028 -3.35696420 -3.35705567 -3.35711297 -3.35714456 -3.35715991 -3.35715524 -3.35717019 -3.35720156 -3.35725552 -3.35731770 -3.35737721 -3.35742803 -3.35742809 -3.35739909 -3.35731061 -3.35720361 -3.35706947 -3.35692081 -3.35676726 -3.35661727 -3.35648346 -3.35636990 -3.35627541 -3.35622234 -3.35620988 -3.35623987 -3.35630627 -3.35639972 -3.35650523 -3.35661794 -3.35674018
-3.35589866 -3.35598296 -3.35605111 -3.35608628 -3.35608400 -3.35607242 -3.35605886 -3.35606112 -3.35609242 -3.35616322 -3.35624670 -3.35633644 -3.35641141 -3.35645071 -3.35644325 -3.35639205 -3.35630574 -3.35619155 -3.35604930 -3.35591176 -3.35577602 -3.35566363 -3.35555441 -3.35546390 -3.35542052 -3.35540144 -3.35541671 -3.35545722 -3.35552346 -3.35561449 -3.35570850 -3.35580226
-3.35492313 -3.35498613 -3.35501641 -3.35501633 -3.35499762 -3.35496052 -3.35492062 -3.35491841 -3.35495901 -3.35504554 -3.35515865 -3.35527173 -3.35536667 -3.35545153 -3.35547508 -3.35545697 -3.35540191 -3.35530293 -3.35517821 -3.35505627 -3.35494008 -3.35483288 -3.35473376 -3.35466060 -3.35462046 -3.35459332 -3.35459223 -3.35461468 -3.35465768 -3.35471689 -3.35478321 -3.35485584
-3.35401051 -3.35404030 -3.35405312 -3.35402765 -3.35397500 -3.35391747 -3.35386902 -3.35385447 -3.35389220 -3.35399238 -3.35412860 -3.35427805 -3.35441742 -3.35452656 -3.35458606 -3.35460138 -3.35456576 -3.35449325 -3.35438955 -3.35428205 -3.35417337 -3.35407737 -3.35399566 -3.35392986 -3.35388574 -3.35385835 -3.35384863 -3.35384922 -3.35385664 -3.35388074 -3.35392553 -3.35396913
-3.35323366 -3.35324400 -3.35323874 -3.35320031 -3.35313129 -3.35306320 -3.35301068 -3.35298466 -3.35302807 -3.35313255 -3.35327891 -3.35346256 -3.35362864 -3.35377150 -3.35386270 -3.35390996 -3.35389853 -3.35384394 -3.35376116 -3.35365160 -3.35355775 -3.35346644 -3.35339493 -3.35334812 -3.35330365 -3.35327306 -3.35325365 -3.35321874 -3.35319817 -3.35319082 -3.35318936 -3.35321549
-3.35270233 -3.35269734 -3.35268167 -3.35264000 -3.35256424 -3.35249050 -3.35243348 -3.35241710 -3.35245724 -3.35256514 -3.35272938 -3.35290910 -3.35308547 -3.35325723 -3.35337543 -3.35344509 -3.35345096 -3.35342162 -3.35334800 -3.35325284 -3.35315884 -3.35307763 -3.35302461 -3.35298253 -3.35294417 -3.35290335 -3.35286588 -3.35281711 -3.35276989 -3.35271566 -3.35269732 -3.35269415
-3.35246470 -3.35247303 -3.35246059 -3.35242469 -3.35234973 -3.35228125 -3.35222770 -3.35221453 -3.35226309 -3.35236093 -3.35251069 -3.35269021 -3.35287933 -3.35304409 -3.35318486 -3.35325924 -3.35328956 -3.35325549 -3.35319908 -3.35311534 -3.35303725 -3.35296902 -3.35291407 -3.35288250 -3.35284844 -3.35280799 -3.35275556 -3.35268892 -3.35260589 -3.35254142 -3.35249561 -3.35247196
-3.35258537 -3.35259326 -3.35258226 -3.35256394 -3.35251890 -3.35246087 -3.35241950 -3.35241118 -3.35245135 -3.35252679 -3.35265317 -3.35281101 -3.35297818 -3.35313890 -3.35328126 -3.35336641 -3.35340360 -3.35338596 -3.35333622 -3.35326153 -3.35319171 -3.35313427 -3.35310020 -3.35307369 -3.35304373 -3.35300675 -3.35293701 -3.35285338 -3.35275756 -3.35268013 -3.35261809 -3.35258924
-3.35303441 -3.35305384 -3.35305802 -3.35305845 -3.35303894 -3.35300039 -3.35296880 -3.35296095 -3.35297925 -3.35303793 -3.35313318 -3.35325106 -3.35339255 -3.35352216 -3.35365832 -3.35373753 -3.35376635 -3.35376391 -3.35371570 -3.35365100 -3.35359773 -3.35355998 -3.35353563 -3.35352524 -3.35351538 -3.35347968 -3.35340703 -3.35330869 -3.35321728 -3.35313056 -3.35306419 -3.35303776
-3.35377086 -3.35380093 -3.35382491 -3.35383555 -3.35383809 -3.35381278 -3.35378516 -3.35377313 -3.35376641 -3.35380208 -3.35385313 -3.35393666 -3.35403562 -3.35413089 -3.35422859 -3.35428941 -3.35432064 -3.35432575 -3.35429224 -3.35424003 -3.35420589 -3.35419665 -3.35419388 -3.35420108 -3.35420296 -3.35418601 -3.35412444 -3.35402055 -3.35392165 -3.35384346 -3.35378692 -3.35376565
-3.35471202 -3.35475185 -3.35478247 -3.35479354 -3.35480749 -3.35478680 -3.35475409 -3.35473272 -3.35470734 -3.35470294 -3.35472081 -3.35476058 -3.35481133 -3.35486815 -3.35492771 -3.35496648 -3.35499733 -3.35499956 -3.35498192 -3.35495174 -3.35493755 -3.35495737 -3.35498179 -3.35502557 -3.35504280 -3.35503448 -3.35499086 -3.35490882 -3.35482454 -3.35475112 -3.35470242 -3.35469346
-3.35575833 -3.35578647 -3.35581069 -3.35583656 -3.35582427 -3.35580121 -3.35575994 -3.35572361 -3.35567733 -3.35564951 -3.35562757 -3.35562158 -3.35562054 -3.35562827 -3.35566133 -3.35568964 -3.35570815 -3.35570876 -3.35570601 -3.35571140 -3.35573055 -3.35577812 -3.35584246 -3.35590206 -3.35594722 -3.35597310 -3.35594263 -3.35589647 -3.35582974 -3.35576684 -3.35573432 -3.35573536
-3.35681378 -3.35683492 -3.35684007 -3.35682774 -3.35680093 -3.35674835 -3.35669774 -3.35663842 -3.35657430 -3.35651805 -3.35646606 -3.35641902 -3.35637780 -3.35636291 -3.35635602 -3.35636759 -3.35637541 -3.35638514 -3.35642164 -3.35645260 -3.35650043 -3.35658366 -3.35666903 -3.35676251 -3.35684310 -3.35689189 -3.35690569 -3.35687111 -3.35683290 -3.35680762 -3.35679445 -3.35679153
-3.35780328 -3.35779488 -3.35776897 -3.35772076 -3.35765491 -3.35757155 -3.35749297 -3.35741361 -3.35732734 -3.35724829 -3.35717062 -3.35709183 -3.35703695 -3.35699798 -3.35697207 -3.35696378 -3.35697634 -3.35700405 -3.35704638 -3.35711070 -3.35719744 -3.35730586 -3.35742575 -3.35755515 -3.35766836 -3.35774651 -3.35778717 -3.35780115 -3.35779783 -3.35778845 -3.35779286 -3.35780100
-3.35865810 -3.35862014 -3.35855471 -3.35845152 -3.35834465 -3.35822885 -3.35811403 -3.35800605 -3.35790442 -3.35781663 -3.35771348 -3.35763981 -3.35757070 -3.35751790 -3.35748946 -3.35747671 -3.35748805 -3.35753737 -3.35759129 -3.35767796 -3.35779104 -3.35792106 -3.35806976 -3.35822237 -3.35836030 -3.35847944 -3.35856214 -3.35861560 -3.35864603 -3.35866076 -3.35867527 -3.35867418
-3.35935750 -3.35927638 -3.35915254 -3.35901977 -3.35886446 -3.35870536 -3.35856751 -3.35843406 -3.35832859 -3.35823676 -3.35814107 -3.35806580 -3.35799674 -3.35795283 -3.35791043 -3.35790298 -3.35793183 -3.35796756 -3.35805478 -3.35814768 -3.35827308 -3.35842710 -3.35858694 -3.35876663 -3.35892610 -3.35907597 -3.35919726 -3.35928507 -3.35935037 -3.35938582 -3.35940244 -3.35939135
-3.35988179 -3.35976316 -3.35960749 -3.35942293 -3.35923137 -3.35904498 -3.35888744 -3.35873924 -3.35863348 -3.35855051 -3.35847221 -3.35840475 -3.35835961 -3.35831381 -3.35828536 -3.35828118 -3.35830721 -3.35834907 -3.35842105 -3.35851604 -3.35864571 -3.35880961 -3.35898016 -3.35916162 -3.35935333 -3.35952399 -3.35968059 -3.35979580 -3.35989250 -3.35994370 -3.35996341 -3.35994946
-3.36024554 -3.36010032 -3.35991144 -3.35969856 -3.35947634 -3.35928488 -3.35912412 -3.35898326 -3.35888483 -3.35880902 -3.35875082 -3.35871260 -3.35868170 -3.35864543 -3.35862756 -3.35861915 -3.35863501 -3.35867466 -3.35872776 -3.35881476 -3.35892851 -3.35907536 -3.35924925 -3.35943405 -3.35963881 -3.35983153 -3.36000643 -3.36015574 -3.36027320 -3.36033806 -3.36035585 -3.36033171
-3.36045458 -3.36029808 -3.36010911 -3.35988941 -3.35966685 -3.35947277 -3.35931122 -3.35919131 -3.35910761 -3.35905568 -3.35903354 -3.35901256 -3.35900857 -3.35898912 -3.35896753 -3.35896191 -3.35895276 -3.35896648 -3.35898917 -3.35904750 -3.35912542 -3.35924188 -3.35940322 -3.35958143 -3.35979349 -3.36000201 -3.36019557 -3.36036043 -3.36049226 -3.36057688 -3.36059210 -3.36055327
-3.36057749 -3.36042800 -3.36023950 -3.36003619 -3.35983025 -3.35965040 -3.35951323 -3.35940534 -3.35934795 -3.35932565 -3.35932957 -3.35934202 -3.35936322 -3.35935905 -3.35934045 -3.35930906 -3.35928143 -3.35924714 -3.35922898 -3.35923194 -3.35927586 -3.35935645 -3.35948708 -3.35965546 -3.35986672 -3.36006820 -3.36027014 -3.36044243 -3.36057845 -3.36067297 -3.36069632 -3.36066226
-3.36062743 -3.36050946 -3.36034865 -3.36017036 -3.35999862 -3.35983712 -3.35972118 -3.35964365 -3.35961127 -3.35962359 -3.35965834 -3.35969980 -3.35972826 -3.35974041 -3.35972448 -3.35966847 -3.35958916 -3.35951608 -3.35944051 -3.35939446 -3.35938958 -3.35942474 -3.35951686 -3.35967003 -3.35984873 -3.36004198 -3.36024406 -3.36042389 -3.36057148 -3.36067156 -3.36071930 -3.36070584
