32 32 0 1
-3.36094562 -3.36088023 -3.36075895 -3.36061396 -3.36045235 -3.36029096 -3.36015150 -3.36005889 -3.36000993 -3.35999716 -3.36001941 -3.36006028 -3.36008025 -3.36008157 -3.36005968 -3.35999300 -3.35989400 -3.35978544 -3.35967724 -3.35959005 -3.35954177 -3.35954091 -3.35959686 -3.35970028 -3.35985140 -3.36004377 -3.36025186 -3.36044556 -3.36063162 -3.36078455 -3.36089509 -3.36095455
-3.36101497 -3.36098068 -3.36091561 -3.36079965 -3.36066346 -3.36051896 -3.36039344 -3.36032024 -3.36027052 -3.36027441 -3.36029798 -3.36034238 -3.36037782 -3.36037565 -3.36034012 -3.36024993 -3.36012218 -3.35997055 -3.35981070 -3.35968542 -3.35960410 -3.35956044 -3.35958952 -3.35966410 -3.35980184 -3.35997405 -3.36017498 -3.36038301 -3.36057922 -3.36075882 -3.36089083 -3.36098166
-3.36105426 -3.36106697 -3.36102666 -3.36095404 -3.36084883 -3.36072005 -3.36060703 -3.36052713 -3.36048755 -3.36050017 -3.36053316 -3.36057389 -3.36060189 -3.36059666 -3.36055006 -3.36043676 -3.36029094 -3.36011313 -3.35992875 -3.35976741 -3.35965075 -3.35958113 -3.35957060 -3.35963030 -3.35972387 -3.35988936 -3.36007901 -3.36029943 -3.36050850 -3.36070816 -3.36086190 -3.36098325
-3.36103994 -3.36107988 -3.36107150 -3.36103287 -3.36095682 -3.36084872 -3.36075488 -3.36068902 -3.36064353 -3.36063882 -3.36067255 -3.36070341 -3.36072955 -3.36071208 -3.36065254 -3.36053512 -3.36037610 -3.36018111 -3.35998652 -3.35980460 -3.35966224 -3.35956645 -3.35952597 -3.35955897 -3.35963963 -3.35978247 -3.35996803 -3.36017450 -3.36039894 -3.36060389 -3.36078855 -3.36093985
-3.36092941 -3.36100097 -3.36102590 -3.36101012 -3.36096231 -3.36088407 -3.36079704 -3.36073584 -3.36069123 -3.36069355 -3.36070216 -3.36072488 -3.36073916 -3.36071269 -3.36064734 -3.36053035 -3.36036867 -3.36017295 -3.35997529 -3.35978517 -3.35962635 -3.35951341 -3.35945291 -3.35945786 -3.35952224 -3.35963824 -3.35980814 -3.36001178 -3.36023374 -3.36044634 -3.36064008 -3.36080834
-3.36071957 -3.36080992 -3.36086447 -3.36087938 -3.36085835 -3.36079960 -3.36072695 -3.36066439 -3.36062496 -3.36061485 -3.36061833 -3.36062457 -3.36062609 -3.36060432 -3.36052592 -3.36041266 -3.36025132 -3.36006633 -3.35987515 -3.35968334 -3.35952193 -3.35940638 -3.35933227 -3.35931350 -3.35935320 -3.35944525 -3.35959755 -3.35979045 -3.36000054 -3.36021780 -3.36042059 -3.36058967
-3.36038707 -3.36049512 -3.36056759 -3.36061204 -3.36060082 -3.36057227 -3.36053158 -3.36047385 -3.36043626 -3.36041555 -3.36040764 -3.36041056 -3.36039346 -3.36036318 -3.36028267 -3.36017175 -3.36002534 -3.35985109 -3.35967568 -3.35949929 -3.35934471 -3.35922699 -3.35914113 -3.35909421 -3.35910689 -3.35919264 -3.35931938 -3.35949440 -3.35968943 -3.35989372 -3.36007443 -3.36024210
-3.35989888 -3.36001725 -3.36011958 -3.36018671 -3.36019882 -3.36020215 -3.36017724 -3.36014065 -3.36010959 -3.36008205 -3.36006291 -3.36005025 -3.36002426 -3.35998655 -3.35991935 -3.35980459 -3.35967337 -3.35952121 -3.35936118 -3.35920342 -3.35906296 -3.35894412 -3.35884722 -3.35878274 -3.35877882 -3.35883414 -3.35893445 -3.35908085 -3.35926277 -3.35943376 -3.35960047 -3.35974969
-3.35925034 -3.35937912 -3.35949984 -3.35958401 -3.35963804 -3.35966554 -3.35966689 -3.35964460 -3.35961842 -3.35959450 -3.35957581 -3.35955633 -3.35952414 -3.35947376 -3.35939802 -3.35929924 -3.35918108 -3.35904865 -3.35891657 -3.35877111 -3.35864464 -3.35853539 -3.35843261 -3.35836371 -3.35833101 -3.35835795 -3.35843149 -3.35855305 -3.35870249 -3.35883720 -3.35897844 -3.35911816
-3.35847412 -3.35860451 -3.35873250 -3.35884063 -3.35891271 -3.35896360 -3.35898862 -3.35899363 -3.35897529 -3.35895316 -3.35893558 -3.35891097 -3.35887376 -3.35882530 -3.35874913 -3.35865238 -3.35855028 -3.35844063 -3.35833322 -3.35821565 -3.35809910 -3.35798314 -3.35787976 -3.35780130 -3.35776129 -3.35776485 -3.35781188 -3.35788488 -3.35798558 -3.35810035 -3.35821893 -3.35834299
-3.35755788 -3.35769204 -3.35783023 -3.35795591 -3.35804111 -3.35811926 -3.35815499 -3.35816689 -3.35817453 -3.35815906 -3.35814362 -3.35811396 -3.35807351 -3.35802125 -3.35795649 -3.35786727 -3.35778308 -3.35769845 -3.35761433 -3.35751707 -3.35741464 -3.35731923 -3.35722057 -3.35713562 -3.35708316 -3.35704913 -3.35706334 -3.35709606 -3.35715463 -3.35723454 -3.35732659 -3.35743294
-3.35654675 -3.35668162 -3.35682815 -3.35695436 -3.35706249 -3.35714973 -3.35718743 -3.35721379 -3.35722076 -3.35721672 -3.35720402 -3.35717880 -3.35715105 -3.35709123 -3.35703402 -3.35695619 -3.35689653 -3.35683342 -3.35677487 -3.35670282 -3.35662591 -3.35654523 -3.35645967 -3.35637333 -3.35629447 -3.35624173 -3.35620900 -3.35620798 -3.35622397 -3.35627331 -3.35633758 -3.35643300
-3.35549031 -3.35562062 -3.35576001 -3.35589485 -3.35600447 -3.35608716 -3.35613898 -3.35616383 -3.35617187 -3.35617449 -3.35616273 -3.35613947 -3.35610976 -3.35606790 -3.35601792 -3.35597000 -3.35592893 -3.35589765 -3.35585610 -3.35581449 -3.35576803 -3.35571328 -3.35563074 -3.35553789 -3.35545460 -3.35537303 -3.35531324 -3.35526066 -3.35524198 -3.35526088 -3.35530843 -3.35538739
-3.35444999 -3.35457568 -3.35470476 -3.35482496 -3.35493944 -3.35502480 -3.35506634 -3.35509308 -3.35510554 -3.35510949 -3.35510114 -3.35507457 -3.35503480 -3.35501052 -3.35497824 -3.35495278 -3.35493993 -3.35493472 -3.35492221 -3.35491440 -3.35489703 -3.35485705 -3.35478962 -3.35470300 -3.35461284 -3.35450846 -3.35441659 -3.35433661 -3.35429040 -3.35427900 -3.35429621 -3.35436137
-3.35351949 -3.35362055 -3.35374911 -3.35386162 -3.35396289 -3.35403717 -3.35408130 -3.35410395 -3.35410069 -3.35410378 -3.35409590 -3.35407479 -3.35405705 -3.35403336 -3.35401741 -3.35400502 -3.35401417 -3.35403685 -3.35405424 -3.35407604 -3.35407989 -3.35405942 -3.35401305 -3.35393233 -3.35383878 -3.35372786 -3.35361571 -3.35350992 -3.35343022 -3.35339003 -3.35339192 -3.35343783
-3.35275602 -3.35285300 -3.35297292 -3.35307944 -3.35317329 -3.35324548 -3.35328696 -3.35329383 -3.35328876 -3.35328442 -3.35326233 -3.35325143 -3.35323831 -3.35322668 -3.35322544 -3.35323033 -3.35325575 -3.35329207 -3.35333737 -3.35336888 -3.35339065 -3.35339130 -3.35336416 -3.35330560 -3.35321676 -3.35310649 -3.35298426 -3.35285166 -3.35274834 -3.35268096 -3.35265211 -3.35268649
-3.35227349 -3.35235923 -3.35247091 -3.35257632 -3.35266226 -3.35272772 -3.35276129 -3.35277009 -3.35275460 -3.35274027 -3.35272384 -3.35269490 -3.35267821 -3.35267665 -3.35268222 -3.35270129 -3.35273029 -3.35278359 -3.35283037 -3.35287623 -3.35290859 -3.35292466 -3.35292401 -3.35288889 -3.35281175 -3.35270175 -3.35257945 -3.35244335 -3.35232583 -3.35222759 -3.35219259 -3.35221187
-3.35210295 -3.35220049 -3.35230868 -3.35241196 -3.35248936 -3.35254926 -3.35257591 -3.35258156 -3.35256983 -3.35254618 -3.35251217 -3.35248429 -3.35247122 -3.35245579 -3.35246890 -3.35248137 -3.35251256 -3.35254630 -3.35259933 -3.35264986 -3.35269631 -3.35272981 -3.35273684 -3.35272122 -3.35266969 -3.35257611 -3.35245863 -3.35232328 -3.35219210 -3.35209899 -3.35204566 -3.35205090
-3.35229236 -3.35238124 -3.35248187 -3.35258638 -3.35267682 -3.35273083 -3.35276093 -3.35276405 -3.35274828 -3.35270913 -3.35265947 -3.35262197 -3.35259637 -3.35257623 -3.35258071 -3.35258653 -3.35260615 -3.35263588 -3.35267821 -3.35272088 -3.35276927 -3.35281084 -3.35284601 -3.35285058 -3.35281515 -3.35274479 -3.35263294 -3.35250125 -3.35237564 -3.35228717 -3.35223057 -3.35223706
-3.35280040 -3.35288661 -3.35298587 -3.35309158 -3.35318531 -3.35323823 -3.35326944 -3.35326960 -3.35324703 -3.35320104 -3.35314570 -3.35309206 -3.35305244 -3.35301376 -3.35301421 -3.35300452 -3.35299370 -3.35301354 -3.35303183 -3.35306449 -3.35311401 -3.35316898 -3.35321741 -3.35324590 -3.35324259 -3.35319353 -3.35309858 -3.35297343 -3.35287091 -3.35278680 -3.35273708 -3.35274745
-3.35357664 -3.35366386 -3.35375977 -3.35385956 -3.35395236 -3.35399944 -3.35402443 -3.35401951 -3.35398646 -3.35393928 -3.35386630 -3.35380960 -3.35376107 -3.35370583 -3.35367647 -3.35363990 -3.35361823 -3.35362309 -3.35362546 -3.35364163 -3.35368883 -3.35375956 -3.35382405 -3.35387451 -3.35389794 -3.35387821 -3.35381038 -3.35370533 -3.35360633 -3.35353890 -3.35350565 -3.35351676
-3.35453349 -3.35462484 -3.35471225 -3.35479443 -3.35487449 -3.35491154 -3.35491563 -3.35490928 -3.35487177 -3.35480887 -3.35474168 -3.35467885 -3.35460968 -3.35454560 -3.35448952 -3.35443532 -3.35440188 -3.35438310 -3.35437509 -3.35438273 -3.35443126 -3.35451119 -3.35458979 -3.35467341 -3.35471362 -3.35471319 -3.35467486 -3.35460290 -3.35453086 -3.35447659 -3.35445080 -3.35447496
-3.35559059 -3.35566105 -3.35572863 -3.35580564 -3.35584198 -3.35586176 -3.35585240 -3.35583084 -3.35579034 -3.35572864 -3.35565233 -3.35557789 -3.35549403 -3.35541489 -3.35534999 -3.35529118 -3.35524550 -3.35520528 -3.35518932 -3.35520800 -3.35527014 -3.35535519 -3.35545468 -3.35554582 -3.35561027 -3.35564738 -3.35562888 -3.35559458 -3.35555380 -3.35550866 -3.35550291 -3.35553529
-3.35665205 -3.35670924 -3.35674960 -3.35677274 -3.35677848 -3.35675601 -3.35673163 -3.35669498 -3.35663730 -3.35658051 -3.35650072 -3.35641551 -3.35632643 -3.35624808 -3.35616718 -3.35610830 -3.35605054 -3.35600892 -3.35601460 -3.35604866 -3.35610795 -3.35621197 -3.35632138 -3.35642807 -3.35652158 -3.35657867 -3.35659804 -3.35658341 -3.35656816 -3.35656034 -3.35657712 -3.35659761
-3.35765079 -3.35767355 -3.35767459 -3.35764763 -3.35761111 -3.35755080 -3.35749330 -3.35743288 -3.35736304 -3.35729781 -3.35721802 -3.35712932 -3.35704186 -3.35696536 -3.35689354 -3.35682535 -3.35677937 -3.35675361 -3.35676683 -3.35680669 -3.35689608 -3.35700656 -3.35713058 -3.35726073 -3.35737101 -3.35745401 -3.35750327 -3.35752776 -3.35754201 -3.35755562 -3.35758066 -3.35761035
-3.35851505 -3.35850293 -3.35845971 -3.35838310 -3.35829876 -3.35820245 -3.35810115 -3.35800825 -3.35793117 -3.35785872 -3.35777706 -3.35770323 -3.35762054 -3.35754571 -3.35748250 -3.35742897 -3.35739407 -3.35740156 -3.35741879 -3.35748499 -3.35758099 -3.35769535 -3.35783696 -3.35797938 -3.35810651 -3.35822412 -3.35830450 -3.35836188 -3.35840975 -3.35844122 -3.35847777 -3.35849874
-3.35923536 -3.35917661 -3.35908202 -3.35896823 -3.35883265 -3.35869334 -3.35857435 -3.35845193 -3.35835582 -3.35827997 -3.35820756 -3.35814159 -3.35807403 -3.35802292 -3.35796124 -3.35792175 -3.35791750 -3.35792216 -3.35797500 -3.35804134 -3.35814125 -3.35827688 -3.35841572 -3.35857459 -3.35871980 -3.35885832 -3.35897109 -3.35906264 -3.35913956 -3.35918977 -3.35922687 -3.35924147
-3.35979319 -3.35970315 -3.35957327 -3.35941396 -3.35923756 -3.35906686 -3.35891409 -3.35877490 -3.35867925 -3.35860496 -3.35853851 -3.35848973 -3.35844972 -3.35839852 -3.35836276 -3.35833890 -3.35834350 -3.35836216 -3.35840693 -3.35847967 -3.35858548 -3.35871886 -3.35886645 -3.35902734 -3.35919672 -3.35934884 -3.35949292 -3.35961172 -3.35971111 -3.35977748 -3.35981791 -3.35983064
-3.36020804 -3.36009918 -3.35993835 -3.35974098 -3.35953310 -3.35934152 -3.35917983 -3.35904239 -3.35894274 -3.35887125 -3.35882064 -3.35878901 -3.35876704 -3.35873638 -3.35871271 -3.35869846 -3.35870094 -3.35872766 -3.35876313 -3.35882802 -3.35891809 -3.35904009 -3.35918863 -3.35934864 -3.35952535 -3.35969452 -3.35986006 -3.36000552 -3.36012974 -3.36021243 -3.36025807 -3.36026008
-3.36048932 -3.36036752 -3.36020566 -3.35999884 -3.35977862 -3.35957630 -3.35940433 -3.35927274 -3.35918146 -3.35912845 -3.35910029 -3.35908080 -3.35907877 -3.35906343 -3.35904142 -3.35903731 -3.35903259 -3.35903786 -3.35905204 -3.35909310 -3.35915577 -3.35925236 -3.35938812 -3.35953973 -3.35972757 -3.35991744 -3.36009806 -3.36026369 -3.36040064 -3.36050817 -3.36055447 -3.36055121
-3.36069874 -3.36058143 -3.36041272 -3.36021644 -3.36000353 -3.35980643 -3.35964822 -3.35951555 -3.35943529 -3.35939909 -3.35938716 -3.35939415 -3.35941028 -3.35940556 -3.35939114 -3.35936237 -3.35934099 -3.35931335 -3.35929742 -3.35929810 -3.35933020 -3.35939787 -3.35950916 -3.35965571 -3.35984694 -3.36003679 -3.36023150 -3.36040633 -3.36056240 -3.36068206 -3.36073886 -3.36074609
-3.36083587 -3.36074187 -3.36059445 -3.36041816 -3.36023293 -3.36004104 -3.35989596 -3.35978476 -3.35971464 -3.35969575 -3.35970061 -3.35972510 -3.35974164 -3.35975399 -3.35974105 -3.35969421 -3.35962841 -3.35957237 -3.35950555 -3.35946385 -3.35946076 -3.35948985 -3.35957148 -3.35970927 -3.35987597 -3.36006128 -3.36026741 -3.36046071 -3.36063170 -3.36076341 -3.36085074 -3.36088021
