32 32 0 1
-3.36062844 -3.36057752 -3.36048519 -3.36038825 -3.36028373 -3.36019230 -3.36012509 -3.36010563 -3.36012521 -3.36016941 -3.36023011 -3.36028948 -3.36030816 -3.36028968 -3.36023425 -3.36012184 -3.35997349 -3.35981361 -3.35965292 -3.35952133 -3.35943693 -3.35940723 -3.35944339 -3.35953771 -3.35968269 -3.35986476 -3.36006119 -3.36023044 -3.36038690 -3.36050993 -3.36059438 -3.36063701
-3.36065468 -3.36063893 -3.36060450 -3.36053561 -3.36046316 -3.36039200 -3.36034224 -3.36034768 -3.36036952 -3.36043803 -3.36050848 -3.36057632 -3.36061525 -3.36059763 -3.36052803 -3.36039334 -3.36021336 -3.36000793 -3.35979362 -3.35961589 -3.35949731 -3.35942454 -3.35942978 -3.35948522 -3.35960997 -3.35976729 -3.35994806 -3.36013047 -3.36029441 -3.36043972 -3.36054564 -3.36062182
-3.36066744 -3.36069713 -3.36069381 -3.36066925 -3.36062939 -3.36057529 -3.36054350 -3.36054077 -3.36057934 -3.36065724 -3.36074127 -3.36081166 -3.36084722 -3.36082785 -3.36074646 -3.36058710 -3.36038611 -3.36015245 -3.35991532 -3.35970175 -3.35954011 -3.35943770 -3.35940215 -3.35943814 -3.35951178 -3.35965962 -3.35982382 -3.36001319 -3.36018905 -3.36035701 -3.36048542 -3.36059173
-3.36064740 -3.36070864 -3.36073651 -3.36074949 -3.36073434 -3.36069584 -3.36068162 -3.36069592 -3.36072878 -3.36079603 -3.36087992 -3.36094361 -3.36097506 -3.36094103 -3.36084560 -3.36068232 -3.36046513 -3.36021621 -3.35996861 -3.35973162 -3.35954199 -3.35941182 -3.35934670 -3.35935269 -3.35940921 -3.35953181 -3.35969258 -3.35986822 -3.36006167 -3.36023749 -3.36039815 -3.36054136
-3.36056054 -3.36065482 -3.36071372 -3.36075004 -3.36075991 -3.36074893 -3.36073458 -3.36075002 -3.36078322 -3.36084869 -3.36090578 -3.36095698 -3.36097605 -3.36093059 -3.36082823 -3.36066068 -3.36044048 -3.36018493 -3.35992867 -3.35969259 -3.35948977 -3.35934388 -3.35925808 -3.35923553 -3.35928422 -3.35937691 -3.35952288 -3.35970260 -3.35989933 -3.36008744 -3.36026482 -3.36042757
-3.36039371 -3.36050959 -3.36060151 -3.36066686 -3.36069654 -3.36069918 -3.36069251 -3.36069679 -3.36072601 -3.36077120 -3.36081589 -3.36084363 -3.36084397 -3.36079731 -3.36067718 -3.36051321 -3.36029259 -3.36004798 -3.35980181 -3.35956321 -3.35936351 -3.35921364 -3.35911800 -3.35908014 -3.35910178 -3.35917532 -3.35931160 -3.35948507 -3.35967470 -3.35987927 -3.36007924 -3.36025031
-3.36012058 -3.36025968 -3.36037079 -3.36045542 -3.36049522 -3.36051919 -3.36053249 -3.36053156 -3.36054814 -3.36057258 -3.36059497 -3.36060722 -3.36057896 -3.36051726 -3.36039431 -3.36022405 -3.36001897 -3.35978914 -3.35956193 -3.35934370 -3.35915115 -3.35901124 -3.35890896 -3.35884822 -3.35884581 -3.35891747 -3.35903200 -3.35919483 -3.35938380 -3.35958422 -3.35977550 -3.35995477
-3.35970023 -3.35985403 -3.35999462 -3.36010282 -3.36015736 -3.36020281 -3.36021994 -3.36023017 -3.36023632 -3.36023763 -3.36023407 -3.36021528 -3.36016167 -3.36008594 -3.35996213 -3.35979115 -3.35960244 -3.35939605 -3.35918812 -3.35899364 -3.35882801 -3.35869140 -3.35858334 -3.35851644 -3.35850811 -3.35855763 -3.35865840 -3.35880280 -3.35898785 -3.35916941 -3.35934781 -3.35952195
-3.35912565 -3.35929368 -3.35945036 -3.35957885 -3.35966706 -3.35972839 -3.35975945 -3.35976523 -3.35976217 -3.35974661 -3.35972178 -3.35967605 -3.35960320 -3.35949957 -3.35936147 -3.35920055 -3.35902457 -3.35884511 -3.35867078 -3.35849839 -3.35835881 -3.35823555 -3.35812816 -3.35807059 -3.35805230 -3.35808981 -3.35817119 -3.35830009 -3.35846076 -3.35861865 -3.35878593 -3.35895428
-3.35841839 -3.35859187 -3.35875943 -3.35890163 -3.35900268 -3.35908115 -3.35913063 -3.35914644 -3.35913039 -3.35909814 -3.35904772 -3.35897837 -3.35887887 -3.35875962 -3.35861519 -3.35845201 -3.35829155 -3.35813593 -3.35799957 -3.35786096 -3.35773580 -3.35762666 -3.35753918 -3.35748286 -3.35746479 -3.35749219 -3.35756152 -3.35766247 -3.35779063 -3.35792927 -3.35808653 -3.35824872
-3.35756206 -3.35773891 -3.35791873 -3.35807697 -3.35819238 -3.35828929 -3.35833470 -3.35835134 -3.35834251 -3.35828712 -3.35821749 -3.35811906 -3.35800007 -3.35785798 -3.35771014 -3.35755069 -3.35740639 -3.35727647 -3.35716863 -3.35706716 -3.35697516 -3.35690258 -3.35682889 -3.35678180 -3.35677077 -3.35677519 -3.35682680 -3.35690233 -3.35700199 -3.35711460 -3.35724720 -3.35739602
-3.35659447 -3.35677363 -3.35695870 -3.35711952 -3.35725503 -3.35735930 -3.35740353 -3.35742017 -3.35739246 -3.35733266 -3.35724112 -3.35712284 -3.35698856 -3.35682825 -3.35667056 -3.35651020 -3.35638568 -3.35628427 -3.35620852 -3.35614253 -3.35609403 -3.35605002 -3.35601264 -3.35597980 -3.35595870 -3.35596427 -3.35599157 -3.35604286 -3.35610609 -3.35619704 -3.35630239 -3.35643865
-3.35556289 -3.35573422 -3.35591779 -3.35608836 -3.35622472 -3.35632964 -3.35637864 -3.35637903 -3.35634550 -3.35627774 -3.35616455 -3.35602614 -3.35586966 -3.35570370 -3.35553897 -3.35539573 -3.35528773 -3.35522015 -3.35516855 -3.35514545 -3.35513595 -3.35513715 -3.35512509 -3.35510144 -3.35509692 -3.35509366 -3.35510272 -3.35511549 -3.35514514 -3.35521381 -3.35530016 -3.35541808
-3.35452196 -3.35469001 -3.35486280 -3.35502803 -3.35517085 -3.35527681 -3.35532050 -3.35531984 -3.35527702 -3.35520220 -3.35507979 -3.35491724 -3.35473269 -3.35456636 -3.35440293 -3.35426885 -3.35418146 -3.35414094 -3.35412231 -3.35414409 -3.35417455 -3.35420598 -3.35422141 -3.35423160 -3.35423309 -3.35421886 -3.35420914 -3.35419574 -3.35420179 -3.35423201 -3.35428751 -3.35439462
-3.35355999 -3.35370962 -3.35388777 -3.35405020 -3.35419009 -3.35429293 -3.35433888 -3.35433242 -3.35427550 -3.35418417 -3.35405909 -3.35389102 -3.35371335 -3.35353075 -3.35337392 -3.35324549 -3.35317280 -3.35315555 -3.35317034 -3.35322421 -3.35328407 -3.35334814 -3.35340197 -3.35342968 -3.35343824 -3.35342098 -3.35339972 -3.35335990 -3.35332938 -3.35332616 -3.35336353 -3.35344261
-3.35275200 -3.35289830 -3.35307310 -3.35323628 -3.35337778 -3.35348383 -3.35353280 -3.35351889 -3.35345699 -3.35336009 -3.35321478 -3.35305402 -3.35287952 -3.35270110 -3.35254781 -3.35243393 -3.35236923 -3.35236440 -3.35240584 -3.35246968 -3.35255798 -3.35264192 -3.35272454 -3.35277855 -3.35279265 -3.35277852 -3.35274682 -3.35267627 -3.35261256 -3.35258009 -3.35257989 -3.35264510
-3.35220553 -3.35234617 -3.35251901 -3.35268567 -3.35282575 -3.35293178 -3.35298107 -3.35297682 -3.35290897 -3.35280527 -3.35267503 -3.35250134 -3.35232067 -3.35215899 -3.35201403 -3.35190804 -3.35184732 -3.35185792 -3.35190176 -3.35197806 -3.35207075 -3.35217403 -3.35227783 -3.35234978 -3.35237460 -3.35235539 -3.35230849 -3.35222733 -3.35214183 -3.35207016 -3.35206058 -3.35210453
-3.35196521 -3.35212003 -3.35229602 -3.35246258 -3.35260098 -3.35270889 -3.35275931 -3.35275750 -3.35270282 -3.35259974 -3.35246315 -3.35230223 -3.35214054 -3.35197292 -3.35184200 -3.35173637 -3.35167703 -3.35166900 -3.35171333 -3.35179144 -3.35189391 -3.35200715 -3.35210912 -3.35219225 -3.35223008 -3.35221663 -3.35215887 -3.35206365 -3.35195221 -3.35187812 -3.35184272 -3.35187369
-3.35209153 -3.35224101 -3.35241042 -3.35258030 -3.35273090 -3.35283630 -3.35289336 -3.35289736 -3.35284927 -3.35274698 -3.35261117 -3.35245741 -3.35230005 -3.35214321 -3.35201757 -3.35191580 -3.35185572 -3.35184472 -3.35187311 -3.35193720 -3.35203097 -3.35214298 -3.35225852 -3.35234592 -3.35238534 -3.35237915 -3.35231105 -3.35220589 -3.35208860 -3.35200952 -3.35197054 -3.35199644
-3.35255602 -3.35269740 -3.35286550 -3.35303733 -3.35318736 -3.35329240 -3.35335607 -3.35335656 -3.35331052 -3.35321897 -3.35309446 -3.35294640 -3.35279146 -3.35263935 -3.35253168 -3.35242868 -3.35235028 -3.35233111 -3.35233824 -3.35238038 -3.35246858 -3.35257543 -3.35268714 -3.35277926 -3.35283754 -3.35283199 -3.35276502 -3.35265573 -3.35255049 -3.35246966 -3.35243366 -3.35246379
-3.35330600 -3.35344537 -3.35360552 -3.35376368 -3.35391183 -3.35400959 -3.35406638 -3.35406953 -3.35402334 -3.35394331 -3.35381910 -3.35368254 -3.35354470 -3.35339706 -3.35328046 -3.35316879 -3.35308760 -3.35305854 -3.35305263 -3.35307471 -3.35314609 -3.35325566 -3.35336676 -3.35346227 -3.35352706 -3.35353789 -3.35348147 -3.35338152 -3.35327642 -3.35320752 -3.35318252 -3.35321820
-3.35426247 -3.35439949 -3.35454425 -3.35467715 -3.35481388 -3.35489737 -3.35493167 -3.35493902 -3.35489684 -3.35481068 -3.35470099 -3.35457975 -3.35444178 -3.35430254 -3.35417957 -3.35406595 -3.35398403 -3.35393914 -3.35392058 -3.35393123 -3.35399334 -3.35409783 -3.35420578 -3.35432066 -3.35438493 -3.35440110 -3.35437115 -3.35429551 -3.35421278 -3.35415413 -3.35413681 -3.35417580
-3.35534112 -3.35544910 -3.35556294 -3.35568829 -3.35577255 -3.35583566 -3.35585812 -3.35585602 -3.35581596 -3.35574108 -3.35563481 -3.35551655 -3.35537657 -3.35523938 -3.35512321 -3.35501876 -3.35492991 -3.35487337 -3.35484272 -3.35485861 -3.35492479 -3.35502294 -3.35514821 -3.35525606 -3.35533418 -3.35537739 -3.35536070 -3.35531989 -3.35526881 -3.35521617 -3.35521671 -3.35525769
-3.35643330 -3.35651727 -3.35659759 -3.35666700 -3.35671897 -3.35673753 -3.35674414 -3.35673110 -3.35668186 -3.35661779 -3.35651723 -3.35639849 -3.35626555 -3.35613720 -3.35601559 -3.35591648 -3.35582935 -3.35576897 -3.35576198 -3.35578640 -3.35584399 -3.35595414 -3.35607511 -3.35619639 -3.35629555 -3.35635569 -3.35637586 -3.35635462 -3.35632708 -3.35631584 -3.35633062 -3.35636336
-3.35746367 -3.35750907 -3.35754027 -3.35756131 -3.35756586 -3.35754858 -3.35752786 -3.35749323 -3.35743817 -3.35737238 -3.35727953 -3.35716172 -3.35703960 -3.35692423 -3.35681452 -3.35671195 -3.35663689 -3.35658897 -3.35658574 -3.35661381 -3.35669336 -3.35680446 -3.35693840 -3.35707366 -3.35719215 -3.35727810 -3.35732702 -3.35734793 -3.35735352 -3.35735968 -3.35738120 -3.35741981
-3.35835798 -3.35836543 -3.35835134 -3.35830691 -3.35826495 -3.35821536 -3.35815602 -3.35809921 -3.35804036 -3.35797723 -3.35788255 -3.35778665 -3.35767301 -3.35756435 -3.35746884 -3.35738131 -3.35731898 -3.35729779 -3.35729207 -3.35733943 -3.35742611 -3.35753868 -3.35767917 -3.35782811 -3.35796416 -3.35808659 -3.35817285 -3.35822859 -3.35826681 -3.35829289 -3.35832207 -3.35834129
-3.35910294 -3.35905617 -3.35898309 -3.35890222 -3.35881180 -3.35871631 -3.35864213 -3.35856114 -3.35849683 -3.35843492 -3.35835440 -3.35827046 -3.35817653 -3.35809272 -3.35799813 -3.35792413 -3.35789057 -3.35786248 -3.35788729 -3.35793296 -3.35801931 -3.35814418 -3.35828336 -3.35844674 -3.35860213 -3.35875669 -3.35887466 -3.35896108 -3.35903000 -3.35907192 -3.35909612 -3.35910444
-3.35966183 -3.35958253 -3.35947776 -3.35934838 -3.35921500 -3.35909155 -3.35898808 -3.35889811 -3.35883871 -3.35878374 -3.35871603 -3.35865070 -3.35858989 -3.35851112 -3.35843715 -3.35838064 -3.35834640 -3.35833398 -3.35834837 -3.35839299 -3.35847870 -3.35860482 -3.35874983 -3.35891278 -3.35909467 -3.35925965 -3.35941349 -3.35952337 -3.35961410 -3.35966872 -3.35969739 -3.35970072
-3.36006258 -3.35996250 -3.35982411 -3.35966315 -3.35949735 -3.35935611 -3.35925464 -3.35916740 -3.35910913 -3.35906216 -3.35902013 -3.35897988 -3.35893810 -3.35887213 -3.35881994 -3.35876335 -3.35872650 -3.35871294 -3.35871404 -3.35875010 -3.35881638 -3.35893082 -3.35907272 -3.35924218 -3.35942770 -3.35960769 -3.35977792 -3.35992003 -3.36003341 -3.36009805 -3.36012402 -3.36011875
-3.36031890 -3.36020339 -3.36006150 -3.35989016 -3.35972301 -3.35957666 -3.35946446 -3.35939182 -3.35934319 -3.35932003 -3.35930748 -3.35928744 -3.35927201 -3.35922848 -3.35916873 -3.35912134 -3.35907124 -3.35903325 -3.35900660 -3.35901227 -3.35905317 -3.35913784 -3.35927002 -3.35942777 -3.35962662 -3.35982164 -3.36000389 -3.36016267 -3.36028686 -3.36037473 -3.36040360 -3.36038408
-3.36047857 -3.36037218 -3.36022822 -3.36007147 -3.35991126 -3.35977890 -3.35968345 -3.35961195 -3.35958709 -3.35958647 -3.35960037 -3.35960824 -3.35961538 -3.35958605 -3.35953512 -3.35946572 -3.35939315 -3.35931732 -3.35925926 -3.35922357 -3.35922591 -3.35927614 -3.35937957 -3.35953010 -3.35972831 -3.35992025 -3.36011257 -3.36027640 -3.36041611 -3.36051298 -3.36054753 -3.36053620
-3.36056691 -3.36048469 -3.36036804 -3.36023193 -3.36010162 -3.35997833 -3.35989996 -3.35985312 -3.35984548 -3.35987512 -3.35991173 -3.35994811 -3.35995947 -3.35994825 -3.35989872 -3.35980656 -3.35969528 -3.35958747 -3.35947496 -3.35938882 -3.35935410 -3.35936044 -3.35942988 -3.35956685 -3.35973088 -3.35991443 -3.36011229 -3.36028905 -3.36043697 -3.36054210 -3.36060320 -3.36061421
