32 32 0 1
-3.36065126 -3.36057234 -3.36046139 -3.36034791 -3.36023219 -3.36013117 -3.36004457 -3.35998935 -3.35996035 -3.35995136 -3.35995628 -3.35996451 -3.35994946 -3.35991602 -3.35985896 -3.35976142 -3.35964034 -3.35951481 -3.35939930 -3.35931460 -3.35928263 -3.35930913 -3.35939487 -3.35953866 -3.35972335 -3.35994595 -3.36016240 -3.36034772 -3.36050775 -3.36062150 -3.36068106 -3.36069387
-3.36065862 -3.36062248 -3.36057687 -3.36050884 -3.36043616 -3.36036284 -3.36030193 -3.36027774 -3.36025685 -3.36026547 -3.36027620 -3.36028787 -3.36028144 -3.36023441 -3.36015437 -3.36002440 -3.35986583 -3.35969093 -3.35951703 -3.35938513 -3.35931478 -3.35928731 -3.35933874 -3.35943871 -3.35960538 -3.35979790 -3.36000481 -3.36020003 -3.36036941 -3.36050931 -3.36059447 -3.36065103
-3.36063721 -3.36066325 -3.36066084 -3.36065058 -3.36062374 -3.36057912 -3.36054398 -3.36052006 -3.36051406 -3.36053210 -3.36054775 -3.36055516 -3.36053883 -3.36048625 -3.36038443 -3.36022295 -3.36003791 -3.35983179 -3.35962469 -3.35945015 -3.35932822 -3.35926614 -3.35926882 -3.35934452 -3.35945497 -3.35963133 -3.35981971 -3.36002579 -3.36020529 -3.36036663 -3.36048487 -3.36057926
-3.36058227 -3.36065051 -3.36070090 -3.36073875 -3.36074701 -3.36072974 -3.36071708 -3.36071210 -3.36070256 -3.36071106 -3.36073254 -3.36073151 -3.36070506 -3.36063062 -3.36051169 -3.36033968 -3.36013662 -3.35990454 -3.35968482 -3.35947757 -3.35932177 -3.35921961 -3.35918580 -3.35922098 -3.35930130 -3.35944649 -3.35962457 -3.35981154 -3.36000936 -3.36018149 -3.36033911 -3.36047330
-3.36044979 -3.36057040 -3.36066324 -3.36073574 -3.36077855 -3.36079560 -3.36078956 -3.36079715 -3.36079432 -3.36080409 -3.36079969 -3.36078901 -3.36075324 -3.36066640 -3.36053619 -3.36036227 -3.36014617 -3.35990760 -3.35967484 -3.35945768 -3.35927425 -3.35914712 -3.35907470 -3.35906815 -3.35912584 -3.35922752 -3.35937623 -3.35955868 -3.35975431 -3.35995012 -3.36013433 -3.36030372
-3.36023289 -3.36038707 -3.36051999 -3.36063464 -3.36071261 -3.36074524 -3.36076253 -3.36076152 -3.36075832 -3.36075642 -3.36074431 -3.36071702 -3.36067199 -3.36058998 -3.36045006 -3.36027759 -3.36005635 -3.35982336 -3.35958376 -3.35935750 -3.35916319 -3.35902096 -3.35892261 -3.35887830 -3.35889502 -3.35896580 -3.35909490 -3.35926222 -3.35945470 -3.35966161 -3.35986866 -3.36005982
-3.35991254 -3.36009565 -3.36026075 -3.36039968 -3.36049514 -3.36055756 -3.36059477 -3.36059834 -3.36059907 -3.36058824 -3.36056557 -3.36053485 -3.36047146 -3.36038852 -3.36024949 -3.36007476 -3.35986517 -3.35963562 -3.35940552 -3.35918525 -3.35898245 -3.35882544 -3.35870343 -3.35862540 -3.35860433 -3.35865875 -3.35875751 -3.35890690 -3.35909375 -3.35929806 -3.35949931 -3.35970388
-3.35944832 -3.35965358 -3.35985840 -3.36002657 -3.36013874 -3.36023054 -3.36028067 -3.36030039 -3.36029833 -3.36027607 -3.36025028 -3.36021418 -3.36014056 -3.36004930 -3.35992313 -3.35974969 -3.35955642 -3.35934063 -3.35912187 -3.35890378 -3.35870330 -3.35853504 -3.35839220 -3.35828705 -3.35825076 -3.35827440 -3.35835038 -3.35847425 -3.35864899 -3.35883261 -3.35902619 -3.35922832
-3.35885218 -3.35907538 -3.35929977 -3.35948487 -3.35963084 -3.35974099 -3.35980888 -3.35983578 -3.35983897 -3.35982525 -3.35979991 -3.35975740 -3.35968575 -3.35958792 -3.35945504 -3.35929770 -3.35911643 -3.35892734 -3.35871202 -3.35849649 -3.35830566 -3.35813671 -3.35798103 -3.35787064 -3.35781045 -3.35781089 -3.35786566 -3.35796580 -3.35811036 -3.35826610 -3.35844735 -3.35864093
-3.35814911 -3.35837294 -3.35859684 -3.35880041 -3.35896176 -3.35909154 -3.35917527 -3.35922026 -3.35923401 -3.35922340 -3.35919829 -3.35916268 -3.35909110 -3.35899940 -3.35887701 -3.35872503 -3.35855834 -3.35837168 -3.35818177 -3.35798071 -3.35779135 -3.35761674 -3.35746029 -3.35735078 -3.35728180 -3.35727089 -3.35730197 -3.35737374 -3.35747647 -3.35760998 -3.35776043 -3.35794282
-3.35733070 -3.35754396 -3.35776799 -3.35798215 -3.35814824 -3.35829007 -3.35837771 -3.35842970 -3.35846304 -3.35846296 -3.35845135 -3.35841642 -3.35835822 -3.35827037 -3.35816403 -3.35802137 -3.35786533 -3.35769608 -3.35752277 -3.35734206 -3.35715750 -3.35699800 -3.35685564 -3.35674080 -3.35667896 -3.35664333 -3.35665658 -3.35669591 -3.35676816 -3.35686660 -3.35698880 -3.35714049
-3.35643248 -3.35663000 -3.35684504 -3.35704682 -3.35722042 -3.35735671 -3.35744452 -3.35750749 -3.35753971 -3.35755913 -3.35755727 -3.35754147 -3.35750083 -3.35742609 -3.35733206 -3.35719406 -3.35705758 -3.35689968 -3.35674297 -3.35658012 -3.35641991 -3.35627550 -3.35615396 -3.35605613 -3.35599019 -3.35595673 -3.35594704 -3.35596138 -3.35599920 -3.35606024 -3.35614491 -3.35627047
-3.35549938 -3.35566444 -3.35585761 -3.35604654 -3.35620621 -3.35632790 -3.35642562 -3.35648804 -3.35652707 -3.35655648 -3.35656752 -3.35656757 -3.35654231 -3.35648837 -3.35640537 -3.35629896 -3.35616905 -3.35603491 -3.35588637 -3.35574988 -3.35561359 -3.35550213 -3.35539563 -3.35531610 -3.35526827 -3.35522826 -3.35521296 -3.35519881 -3.35519564 -3.35522821 -3.35527672 -3.35536422
-3.35457217 -3.35471383 -3.35486987 -3.35502995 -3.35518108 -3.35529659 -3.35537207 -3.35543751 -3.35549475 -3.35553896 -3.35556797 -3.35557664 -3.35555744 -3.35552366 -3.35545646 -3.35536602 -3.35525722 -3.35513461 -3.35501198 -3.35489377 -3.35479359 -3.35470488 -3.35462570 -3.35458056 -3.35455168 -3.35451383 -3.35448544 -3.35445159 -3.35442743 -3.35441302 -3.35442474 -3.35447868
-3.35374408 -3.35384322 -3.35397919 -3.35411761 -3.35423783 -3.35434073 -3.35441287 -3.35447415 -3.35452828 -3.35458030 -3.35462944 -3.35465837 -3.35466522 -3.35464026 -3.35458851 -3.35450487 -3.35440368 -3.35430324 -3.35419577 -3.35410049 -3.35401945 -3.35396544 -3.35392677 -3.35390326 -3.35389291 -3.35387024 -3.35384306 -3.35379826 -3.35373565 -3.35368272 -3.35366354 -3.35368178
-3.35307126 -3.35314522 -3.35326046 -3.35337658 -3.35348045 -3.35357696 -3.35364667 -3.35369904 -3.35375741 -3.35381444 -3.35386614 -3.35391678 -3.35393971 -3.35392867 -3.35388305 -3.35381108 -3.35371523 -3.35362115 -3.35352758 -3.35343998 -3.35337994 -3.35335044 -3.35334609 -3.35336067 -3.35337187 -3.35337372 -3.35334900 -3.35327897 -3.35319592 -3.35310931 -3.35304624 -3.35303813
-3.35265351 -3.35270712 -3.35280294 -3.35290862 -3.35300154 -3.35308858 -3.35315409 -3.35321471 -3.35326723 -3.35332737 -3.35339780 -3.35344092 -3.35346048 -3.35346179 -3.35341653 -3.35335335 -3.35325707 -3.35316748 -3.35307067 -3.35299947 -3.35294858 -3.35294678 -3.35297850 -3.35302117 -3.35306159 -3.35307237 -3.35304962 -3.35297568 -3.35287752 -3.35275596 -3.35267798 -3.35263627
-3.35253040 -3.35258622 -3.35267523 -3.35277325 -3.35285592 -3.35293642 -3.35300485 -3.35306657 -3.35312910 -3.35318617 -3.35324510 -3.35329059 -3.35331673 -3.35330314 -3.35326522 -3.35318848 -3.35309529 -3.35298446 -3.35289217 -3.35282579 -3.35279881 -3.35281450 -3.35286249 -3.35293330 -3.35299617 -3.35302695 -3.35300964 -3.35293405 -3.35281533 -3.35269049 -3.35258877 -3.35253422
-3.35275131 -3.35279458 -3.35286914 -3.35296909 -3.35306083 -3.35313937 -3.35321136 -3.35327389 -3.35332965 -3.35337540 -3.35342434 -3.35345574 -3.35346848 -3.35345005 -3.35340565 -3.35332572 -3.35322640 -3.35311695 -3.35302044 -3.35295575 -3.35293529 -3.35296430 -3.35303855 -3.35312992 -3.35320891 -3.35325596 -3.35323255 -3.35316101 -3.35303960 -3.35291889 -3.35280713 -3.35275294
-3.35326939 -3.35331031 -3.35338410 -3.35348282 -3.35357496 -3.35365358 -3.35372595 -3.35377752 -3.35382186 -3.35386102 -3.35389519 -3.35390570 -3.35390610 -3.35387059 -3.35382426 -3.35374061 -3.35362545 -3.35351960 -3.35341577 -3.35334783 -3.35333815 -3.35338041 -3.35346762 -3.35357775 -3.35368107 -3.35373849 -3.35372274 -3.35364815 -3.35354758 -3.35342960 -3.35332094 -3.35327340
-3.35403257 -3.35407896 -3.35414987 -3.35423755 -3.35432805 -3.35439844 -3.35445773 -3.35450011 -3.35452163 -3.35454802 -3.35455496 -3.35455365 -3.35453854 -3.35448957 -3.35442595 -3.35433413 -3.35422280 -3.35412219 -3.35402375 -3.35396201 -3.35396133 -3.35401948 -3.35411876 -3.35424399 -3.35435793 -3.35443063 -3.35443090 -3.35436856 -3.35426764 -3.35416687 -3.35407530 -3.35403498
-3.35496579 -3.35501574 -3.35507472 -3.35513765 -3.35521363 -3.35526688 -3.35529882 -3.35532611 -3.35533039 -3.35532971 -3.35531907 -3.35530010 -3.35526135 -3.35520528 -3.35513236 -3.35503693 -3.35494206 -3.35484228 -3.35475804 -3.35470905 -3.35472155 -3.35479569 -3.35490554 -3.35505426 -3.35516710 -3.35524610 -3.35527119 -3.35523199 -3.35515286 -3.35506281 -3.35499080 -3.35495970
-3.35597818 -3.35600868 -3.35604377 -3.35609862 -3.35612878 -3.35615364 -3.35615760 -3.35615919 -3.35614194 -3.35612139 -3.35608378 -3.35604292 -3.35598555 -3.35591657 -3.35585028 -3.35576647 -3.35568074 -3.35559720 -3.35553209 -3.35551144 -3.35554394 -3.35563226 -3.35576299 -3.35591148 -3.35604168 -3.35613835 -3.35617868 -3.35616796 -3.35611677 -3.35604278 -3.35598981 -3.35596964
-3.35697961 -3.35699529 -3.35700279 -3.35700249 -3.35699753 -3.35696879 -3.35694204 -3.35691288 -3.35686914 -3.35682850 -3.35676668 -3.35670493 -3.35663498 -3.35657541 -3.35650359 -3.35643683 -3.35636633 -3.35630782 -3.35628769 -3.35629435 -3.35634763 -3.35645855 -3.35659634 -3.35675281 -3.35690475 -3.35701593 -3.35708036 -3.35708071 -3.35705759 -3.35702972 -3.35700039 -3.35697528
-3.35790934 -3.35788754 -3.35786169 -3.35780671 -3.35775361 -3.35768079 -3.35761052 -3.35754095 -3.35747205 -3.35740510 -3.35733021 -3.35725197 -3.35718520 -3.35712704 -3.35706664 -3.35701419 -3.35697533 -3.35694960 -3.35695193 -3.35698544 -3.35707039 -3.35720228 -3.35735661 -3.35752829 -3.35769635 -3.35782506 -3.35790649 -3.35794353 -3.35795857 -3.35794766 -3.35793900 -3.35792356
-3.35870896 -3.35865428 -3.35858171 -3.35847701 -3.35836720 -3.35825202 -3.35813393 -3.35802614 -3.35793662 -3.35785174 -3.35775787 -3.35768574 -3.35761579 -3.35756231 -3.35752181 -3.35749594 -3.35747754 -3.35749685 -3.35751753 -3.35758249 -3.35768769 -3.35783046 -3.35800348 -3.35818861 -3.35836369 -3.35852253 -3.35862901 -3.35870355 -3.35874588 -3.35875923 -3.35876390 -3.35874550
-3.35936290 -3.35926907 -3.35913665 -3.35899530 -3.35883929 -3.35867503 -3.35853393 -3.35839532 -3.35828446 -3.35819025 -3.35809895 -3.35802878 -3.35796899 -3.35792998 -3.35789778 -3.35788382 -3.35789763 -3.35792126 -3.35799156 -3.35806798 -3.35818799 -3.35834660 -3.35852391 -3.35872688 -3.35891019 -3.35909096 -3.35923215 -3.35933380 -3.35940133 -3.35943663 -3.35944191 -3.35941442
-3.35986051 -3.35973177 -3.35956803 -3.35937477 -3.35918281 -3.35899429 -3.35883135 -3.35868021 -3.35856225 -3.35847169 -3.35838611 -3.35832443 -3.35828421 -3.35824803 -3.35822821 -3.35822346 -3.35825518 -3.35828839 -3.35835446 -3.35844632 -3.35857212 -3.35873853 -3.35892391 -3.35912561 -3.35933891 -3.35952852 -3.35969789 -3.35982546 -3.35991493 -3.35995563 -3.35996226 -3.35993352
-3.36020378 -3.36005376 -3.35986229 -3.35965316 -3.35943329 -3.35923789 -3.35907630 -3.35892779 -3.35881496 -3.35872508 -3.35865481 -3.35860915 -3.35858295 -3.35855040 -3.35854148 -3.35853661 -3.35855926 -3.35859472 -3.35864292 -3.35873491 -3.35885480 -3.35901095 -3.35919891 -3.35940045 -3.35962589 -3.35983429 -3.36001671 -3.36016506 -3.36028067 -3.36033314 -3.36034022 -3.36030025
-3.36041713 -3.36025776 -3.36006979 -3.35985425 -3.35964193 -3.35945516 -3.35929014 -3.35915974 -3.35905945 -3.35899173 -3.35894408 -3.35891022 -3.35889376 -3.35887047 -3.35884667 -3.35884432 -3.35884133 -3.35885464 -3.35888091 -3.35894131 -3.35903921 -3.35917352 -3.35935459 -3.35955110 -3.35978492 -3.36000835 -3.36020880 -3.36037546 -3.36050031 -3.36057175 -3.36057257 -3.36051962
-3.36054500 -3.36039720 -3.36021331 -3.36002169 -3.35983327 -3.35966405 -3.35952687 -3.35940951 -3.35933384 -3.35928772 -3.35925995 -3.35924151 -3.35923662 -3.35921682 -3.35918724 -3.35914973 -3.35911962 -3.35909072 -3.35908342 -3.35910188 -3.35916500 -3.35926959 -3.35942428 -3.35962022 -3.35985174 -3.36007491 -3.36028926 -3.36046239 -3.36059582 -3.36067925 -3.36068788 -3.36064021
-3.36061066 -3.36049573 -3.36034498 -3.36018599 -3.36003266 -3.35988607 -3.35977630 -3.35969129 -3.35963631 -3.35961518 -3.35960351 -3.35960211 -3.35959178 -3.35957259 -3.35953529 -3.35946549 -3.35938455 -3.35931909 -3.35925440 -3.35922593 -3.35925072 -3.35930977 -3.35943136 -3.35961603 -3.35982214 -3.36004175 -3.36026068 -3.36044607 -3.36059344 -3.36068353 -3.36072086 -3.36069849
