32 32 0 1
-3.36068410 -3.36058232 -3.36044168 -3.36029381 -3.36014059 -3.35999978 -3.35987770 -3.35979960 -3.35976358 -3.35975918 -3.35978656 -3.35982359 -3.35984469 -3.35984914 -3.35982336 -3.35974943 -3.35964574 -3.35953284 -3.35942271 -3.35934254 -3.35930803 -3.35933380 -3.35942206 -3.35956557 -3.35975604 -3.35998315 -3.36020793 -3.36040311 -3.36056732 -3.36068287 -3.36073876 -3.36074210
-3.36068080 -3.36062115 -3.36054545 -3.36044112 -3.36032718 -3.36021519 -3.36011912 -3.36007292 -3.36004400 -3.36006529 -3.36009986 -3.36014909 -3.36018693 -3.36018188 -3.36014077 -3.36003799 -3.35989778 -3.35973191 -3.35956655 -3.35943600 -3.35936325 -3.35933360 -3.35938498 -3.35948241 -3.35964788 -3.35984171 -3.36005301 -3.36025225 -3.36042410 -3.36055933 -3.36064164 -3.36068680
-3.36064720 -3.36064765 -3.36061605 -3.36056771 -3.36050389 -3.36041935 -3.36035309 -3.36030970 -3.36030292 -3.36033921 -3.36038595 -3.36043791 -3.36047092 -3.36046420 -3.36040676 -3.36027726 -3.36011045 -3.35991344 -3.35970814 -3.35953387 -3.35940377 -3.35933829 -3.35933523 -3.35940334 -3.35951097 -3.35968408 -3.35986861 -3.36007507 -3.36025204 -3.36040998 -3.36052086 -3.36060287
-3.36057568 -3.36062121 -3.36063799 -3.36064372 -3.36061288 -3.36056103 -3.36052484 -3.36050779 -3.36050570 -3.36053985 -3.36059675 -3.36064687 -3.36067508 -3.36065361 -3.36057976 -3.36044118 -3.36025860 -3.36003507 -3.35981047 -3.35959197 -3.35942712 -3.35931626 -3.35926849 -3.35929600 -3.35937178 -3.35950916 -3.35968178 -3.35986403 -3.36005559 -3.36021962 -3.36036521 -3.36048379
-3.36042737 -3.36052207 -3.36058060 -3.36061436 -3.36062843 -3.36062242 -3.36059997 -3.36060148 -3.36061239 -3.36065382 -3.36069636 -3.36074315 -3.36076731 -3.36073899 -3.36065612 -3.36051388 -3.36031607 -3.36008283 -3.35984140 -3.35960893 -3.35941112 -3.35926678 -3.35917892 -3.35916078 -3.35920678 -3.35930307 -3.35944300 -3.35962001 -3.35980498 -3.35998753 -3.36015424 -3.36030626
-3.36019832 -3.36031868 -3.36041955 -3.36049807 -3.36054167 -3.36055642 -3.36056342 -3.36056406 -3.36058323 -3.36062616 -3.36066621 -3.36070320 -3.36072924 -3.36070965 -3.36061799 -3.36048702 -3.36028483 -3.36004888 -3.35979779 -3.35955034 -3.35933431 -3.35916373 -3.35904932 -3.35898949 -3.35899309 -3.35905516 -3.35917482 -3.35933320 -3.35951025 -3.35970159 -3.35988990 -3.36005638
-3.35986036 -3.36000603 -3.36013373 -3.36023846 -3.36030078 -3.36034797 -3.36038351 -3.36039666 -3.36042532 -3.36046667 -3.36050841 -3.36055409 -3.36056478 -3.36054674 -3.36046515 -3.36032816 -3.36014078 -3.35990629 -3.35966345 -3.35941699 -3.35918709 -3.35899854 -3.35884980 -3.35875342 -3.35872574 -3.35876385 -3.35885147 -3.35899356 -3.35916360 -3.35934610 -3.35952409 -3.35969474
-3.35938303 -3.35954131 -3.35969793 -3.35982153 -3.35990707 -3.35998379 -3.36003419 -3.36007426 -3.36011366 -3.36015605 -3.36020074 -3.36024771 -3.36025538 -3.36024448 -3.36017700 -3.36004844 -3.35987598 -3.35966215 -3.35942711 -3.35917590 -3.35894062 -3.35873726 -3.35856577 -3.35843292 -3.35838011 -3.35839157 -3.35845473 -3.35856421 -3.35872592 -3.35888550 -3.35905216 -3.35921330
-3.35875837 -3.35892351 -3.35908876 -3.35922755 -3.35934008 -3.35944007 -3.35951431 -3.35957049 -3.35962371 -3.35968096 -3.35974182 -3.35978717 -3.35981084 -3.35980393 -3.35974425 -3.35963600 -3.35948047 -3.35928930 -3.35905408 -3.35880851 -3.35857872 -3.35836337 -3.35817101 -3.35802896 -3.35794649 -3.35793141 -3.35797315 -3.35806365 -3.35818816 -3.35831468 -3.35846017 -3.35860387
-3.35801276 -3.35816221 -3.35831958 -3.35847065 -3.35859595 -3.35871660 -3.35881964 -3.35889988 -3.35896902 -3.35903844 -3.35910917 -3.35917479 -3.35921171 -3.35922413 -3.35918716 -3.35909051 -3.35895524 -3.35877268 -3.35856391 -3.35832629 -3.35808606 -3.35786665 -3.35766464 -3.35751696 -3.35742109 -3.35739301 -3.35741322 -3.35747314 -3.35755476 -3.35764744 -3.35775658 -3.35787700
-3.35713760 -3.35726363 -3.35741358 -3.35756674 -3.35769426 -3.35782961 -3.35793398 -3.35803499 -3.35813755 -3.35823153 -3.35831949 -3.35839929 -3.35846410 -3.35849545 -3.35848068 -3.35840444 -3.35829080 -3.35812573 -3.35793538 -3.35771024 -3.35747517 -3.35726018 -3.35706534 -3.35690907 -3.35681396 -3.35675875 -3.35675683 -3.35678418 -3.35682880 -3.35688193 -3.35695058 -3.35703052
-3.35617830 -3.35627189 -3.35639842 -3.35653294 -3.35666599 -3.35679551 -3.35690483 -3.35702418 -3.35713824 -3.35725842 -3.35737427 -3.35748114 -3.35757406 -3.35762430 -3.35763805 -3.35758018 -3.35748922 -3.35734553 -3.35716819 -3.35695988 -3.35674646 -3.35654432 -3.35636631 -3.35621838 -3.35611261 -3.35605395 -3.35602774 -3.35602268 -3.35603074 -3.35604584 -3.35606279 -3.35610940
-3.35517640 -3.35522947 -3.35532318 -3.35543797 -3.35555104 -3.35566590 -3.35579018 -3.35590755 -3.35603607 -3.35617667 -3.35631917 -3.35645042 -3.35656756 -3.35665033 -3.35668073 -3.35666160 -3.35658864 -3.35647198 -3.35630689 -3.35612904 -3.35593789 -3.35575943 -3.35559538 -3.35545649 -3.35537019 -3.35530126 -3.35526032 -3.35522490 -3.35519269 -3.35517380 -3.35515231 -3.35514848
-3.35419273 -3.35421669 -3.35426593 -3.35433706 -3.35443866 -3.35454117 -3.35464384 -3.35477134 -3.35491093 -3.35507174 -3.35523512 -3.35538362 -3.35551128 -3.35562454 -3.35567836 -3.35568411 -3.35563866 -3.35554314 -3.35540961 -3.35526103 -3.35509757 -3.35494328 -3.35480031 -3.35469194 -3.35461784 -3.35454862 -3.35449574 -3.35443915 -3.35438647 -3.35432764 -3.35426304 -3.35421729
-3.35332884 -3.35330366 -3.35332514 -3.35336924 -3.35342992 -3.35351556 -3.35361117 -3.35372971 -3.35386676 -3.35402862 -3.35421019 -3.35438264 -3.35453586 -3.35465535 -3.35473556 -3.35475632 -3.35472678 -3.35466132 -3.35455651 -3.35443220 -3.35429495 -3.35417833 -3.35406730 -3.35398176 -3.35391876 -3.35386228 -3.35381396 -3.35374365 -3.35365474 -3.35356443 -3.35347145 -3.35338821
-3.35264853 -3.35259886 -3.35259147 -3.35260684 -3.35264769 -3.35271571 -3.35279871 -3.35289799 -3.35303206 -3.35318727 -3.35336478 -3.35355162 -3.35371634 -3.35384954 -3.35393733 -3.35397803 -3.35396311 -3.35391791 -3.35383265 -3.35372509 -3.35362234 -3.35352664 -3.35344970 -3.35340014 -3.35335802 -3.35331747 -3.35327388 -3.35318442 -3.35308111 -3.35296188 -3.35283823 -3.35273368
-3.35225528 -3.35218692 -3.35216330 -3.35216170 -3.35218123 -3.35223128 -3.35229610 -3.35239058 -3.35250661 -3.35264710 -3.35282380 -3.35299309 -3.35314413 -3.35328556 -3.35337754 -3.35342608 -3.35341960 -3.35339093 -3.35331801 -3.35323614 -3.35315233 -3.35308403 -3.35304607 -3.35302094 -3.35300217 -3.35297482 -3.35293447 -3.35284918 -3.35274075 -3.35259356 -3.35246710 -3.35234984
-3.35217660 -3.35212516 -3.35209962 -3.35209074 -3.35209662 -3.35212841 -3.35218006 -3.35225761 -3.35236370 -3.35248633 -3.35262593 -3.35278161 -3.35292689 -3.35304342 -3.35313651 -3.35317598 -3.35318018 -3.35313990 -3.35308761 -3.35302217 -3.35296395 -3.35292519 -3.35290180 -3.35290373 -3.35290813 -3.35289908 -3.35286114 -3.35278101 -3.35266265 -3.35252646 -3.35239501 -3.35227185
-3.35245715 -3.35240763 -3.35238270 -3.35238411 -3.35240020 -3.35242343 -3.35246639 -3.35252582 -3.35260618 -3.35269311 -3.35280031 -3.35292403 -3.35303614 -3.35313846 -3.35321344 -3.35324920 -3.35325167 -3.35321680 -3.35316910 -3.35311422 -3.35307215 -3.35305598 -3.35306555 -3.35308361 -3.35310379 -3.35310632 -3.35306632 -3.35299188 -3.35287938 -3.35276154 -3.35263823 -3.35253272
-3.35304425 -3.35301213 -3.35300200 -3.35301360 -3.35303998 -3.35306147 -3.35309617 -3.35313047 -3.35317908 -3.35324320 -3.35331005 -3.35338989 -3.35347172 -3.35353528 -3.35360081 -3.35362573 -3.35361043 -3.35358167 -3.35353183 -3.35348228 -3.35346173 -3.35346599 -3.35349431 -3.35353576 -3.35357624 -3.35359001 -3.35355700 -3.35348234 -3.35339303 -3.35328828 -3.35317650 -3.35310218
-3.35387011 -3.35386567 -3.35387385 -3.35389219 -3.35392687 -3.35394827 -3.35396455 -3.35398096 -3.35399637 -3.35402628 -3.35405140 -3.35409730 -3.35414738 -3.35417856 -3.35420663 -3.35420801 -3.35419117 -3.35416599 -3.35412702 -3.35408589 -3.35407721 -3.35410896 -3.35415705 -3.35422035 -3.35427463 -3.35430411 -3.35428316 -3.35421788 -3.35413024 -3.35404633 -3.35395878 -3.35390623
-3.35485796 -3.35487557 -3.35489112 -3.35490595 -3.35494065 -3.35495826 -3.35495473 -3.35495227 -3.35494175 -3.35493369 -3.35493365 -3.35493977 -3.35494903 -3.35495077 -3.35494948 -3.35493321 -3.35491644 -3.35488921 -3.35485298 -3.35483007 -3.35484272 -3.35489361 -3.35496325 -3.35505576 -3.35511318 -3.35515184 -3.35514919 -3.35510362 -3.35503567 -3.35496356 -3.35490009 -3.35487048
-3.35590723 -3.35592106 -3.35593211 -3.35596035 -3.35596473 -3.35596973 -3.35595161 -3.35592742 -3.35589417 -3.35586448 -3.35582978 -3.35579779 -3.35576995 -3.35574107 -3.35572345 -3.35570104 -3.35568247 -3.35565135 -3.35562700 -3.35562935 -3.35566864 -3.35573981 -3.35583879 -3.35593831 -3.35602002 -3.35608168 -3.35608987 -3.35607324 -3.35602488 -3.35596286 -3.35592033 -3.35590500
-3.35693110 -3.35694103 -3.35693992 -3.35693147 -3.35691292 -3.35687960 -3.35684686 -3.35680585 -3.35674602 -3.35669834 -3.35663577 -3.35657812 -3.35652392 -3.35648164 -3.35644981 -3.35641968 -3.35639346 -3.35637373 -3.35638355 -3.35640774 -3.35646787 -3.35656789 -3.35668362 -3.35680331 -3.35691371 -3.35699252 -3.35703053 -3.35701723 -3.35699190 -3.35696629 -3.35694512 -3.35692329
-3.35787085 -3.35784914 -3.35782262 -3.35777314 -3.35772494 -3.35765568 -3.35758983 -3.35752092 -3.35744436 -3.35737491 -3.35729897 -3.35722453 -3.35715857 -3.35711082 -3.35707189 -3.35703732 -3.35702429 -3.35701774 -3.35703777 -3.35709153 -3.35717887 -3.35730489 -3.35744175 -3.35759422 -3.35772733 -3.35783136 -3.35788761 -3.35791202 -3.35791786 -3.35790463 -3.35789488 -3.35788268
-3.35867167 -3.35862384 -3.35855268 -3.35845714 -3.35835738 -3.35825786 -3.35815154 -3.35805191 -3.35796867 -3.35788390 -3.35778839 -3.35772200 -3.35765337 -3.35760120 -3.35756732 -3.35754472 -3.35753161 -3.35756179 -3.35759055 -3.35766420 -3.35777762 -3.35791438 -3.35807878 -3.35825002 -3.35840935 -3.35854776 -3.35863820 -3.35869832 -3.35873247 -3.35873630 -3.35873204 -3.35870565
-3.35933038 -3.35923584 -3.35911144 -3.35897638 -3.35883393 -3.35868444 -3.35855471 -3.35843164 -3.35833254 -3.35824407 -3.35816010 -3.35808668 -3.35802741 -3.35798939 -3.35794969 -3.35793729 -3.35795119 -3.35797414 -3.35804473 -3.35812630 -3.35824757 -3.35841034 -3.35858284 -3.35877683 -3.35895661 -3.35912979 -3.35926021 -3.35934957 -3.35940842 -3.35943108 -3.35942277 -3.35938541
-3.35983943 -3.35970673 -3.35954074 -3.35935918 -3.35917352 -3.35899555 -3.35883501 -3.35869477 -3.35859052 -3.35850564 -3.35842605 -3.35836816 -3.35833007 -3.35829631 -3.35827302 -3.35826770 -3.35828973 -3.35832039 -3.35838696 -3.35847909 -3.35860660 -3.35877812 -3.35896368 -3.35916478 -3.35937703 -3.35956329 -3.35973310 -3.35985390 -3.35993504 -3.35997140 -3.35996668 -3.35992353
-3.36020120 -3.36004167 -3.35984730 -3.35962779 -3.35940824 -3.35920936 -3.35904810 -3.35890234 -3.35879840 -3.35871532 -3.35865278 -3.35861384 -3.35859476 -3.35857027 -3.35856205 -3.35855382 -3.35857486 -3.35860774 -3.35865781 -3.35874513 -3.35886490 -3.35902514 -3.35922096 -3.35943121 -3.35965654 -3.35986757 -3.36005582 -3.36020762 -3.36031978 -3.36036683 -3.36036038 -3.36031045
-3.36043160 -3.36025932 -3.36005626 -3.35982722 -3.35959817 -3.35939377 -3.35921897 -3.35908353 -3.35898429 -3.35892494 -3.35889135 -3.35886791 -3.35886451 -3.35885037 -3.35883767 -3.35884175 -3.35884027 -3.35885360 -3.35888177 -3.35894425 -3.35904191 -3.35917910 -3.35936403 -3.35956591 -3.35980856 -3.36003996 -3.36024829 -3.36042021 -3.36054801 -3.36062153 -3.36061297 -3.36054987
-3.36057817 -3.36041368 -3.36020844 -3.35998985 -3.35977246 -3.35957413 -3.35941782 -3.35928575 -3.35920682 -3.35916356 -3.35914841 -3.35914999 -3.35916821 -3.35916826 -3.35915641 -3.35913131 -3.35911228 -3.35908785 -3.35908327 -3.35910646 -3.35916839 -3.35927384 -3.35943401 -3.35963440 -3.35987461 -3.36010849 -3.36033461 -3.36051236 -3.36064935 -3.36073849 -3.36074434 -3.36068752
-3.36064710 -3.36051273 -3.36033567 -3.36014186 -3.35995259 -3.35977267 -3.35963448 -3.35952990 -3.35946961 -3.35944855 -3.35945526 -3.35947795 -3.35949501 -3.35950650 -3.35949312 -3.35944512 -3.35937860 -3.35931941 -3.35926053 -3.35923489 -3.35925581 -3.35932071 -3.35944593 -3.35963451 -3.35984712 -3.36007612 -3.36030416 -3.36050014 -3.36065405 -3.36074800 -3.36077938 -3.36075012
