32 32 0 1
-3.36074869 -3.36065712 -3.36051649 -3.36036419 -3.36020645 -3.36006499 -3.35995578 -3.35990402 -3.35990201 -3.35993381 -3.35999268 -3.36005476 -3.36008357 -3.36007766 -3.36003556 -3.35994121 -3.35981363 -3.35968084 -3.35955665 -3.35946476 -3.35942134 -3.35943819 -3.35951602 -3.35964863 -3.35982710 -3.36003549 -3.36024539 -3.36042363 -3.36058198 -3.36069662 -3.36076756 -3.36078881
-3.36074576 -3.36069087 -3.36060802 -3.36048888 -3.36036259 -3.36024501 -3.36015703 -3.36013374 -3.36013875 -3.36019666 -3.36026161 -3.36033049 -3.36037535 -3.36036719 -3.36031149 -3.36019449 -3.36003816 -3.35986305 -3.35968429 -3.35954512 -3.35946606 -3.35943217 -3.35947459 -3.35956617 -3.35972367 -3.35990589 -3.36010391 -3.36029485 -3.36046299 -3.36060314 -3.36069194 -3.36074613
-3.36072193 -3.36071183 -3.36066341 -3.36058707 -3.36050258 -3.36040791 -3.36034219 -3.36031951 -3.36034495 -3.36041466 -3.36049037 -3.36056203 -3.36060115 -3.36059149 -3.36052339 -3.36038296 -3.36020825 -3.36000561 -3.35980123 -3.35962292 -3.35949791 -3.35942980 -3.35942825 -3.35949698 -3.35960235 -3.35977230 -3.35995128 -3.36015085 -3.36032425 -3.36048378 -3.36059438 -3.36067806
-3.36065543 -3.36067982 -3.36066517 -3.36063493 -3.36057975 -3.36051028 -3.36046991 -3.36047112 -3.36049331 -3.36055491 -3.36063592 -3.36070102 -3.36073408 -3.36071068 -3.36062916 -3.36048485 -3.36030369 -3.36007922 -3.35986204 -3.35965791 -3.35950279 -3.35940333 -3.35936643 -3.35940208 -3.35948438 -3.35962397 -3.35979570 -3.35997321 -3.36016267 -3.36032523 -3.36046431 -3.36058125
-3.36052186 -3.36058013 -3.36060289 -3.36060311 -3.36057663 -3.36054444 -3.36051324 -3.36052557 -3.36055649 -3.36062212 -3.36068084 -3.36073716 -3.36076080 -3.36072562 -3.36063771 -3.36049134 -3.36030003 -3.36007652 -3.35985356 -3.35964212 -3.35946826 -3.35934807 -3.35928518 -3.35928655 -3.35935028 -3.35945824 -3.35960882 -3.35978320 -3.35996609 -3.36013959 -3.36029181 -3.36042444
-3.36032210 -3.36040405 -3.36045857 -3.36049170 -3.36049846 -3.36048350 -3.36047549 -3.36047609 -3.36050974 -3.36056002 -3.36061396 -3.36064929 -3.36066193 -3.36062885 -3.36052741 -3.36038685 -3.36019725 -3.35998106 -3.35976134 -3.35954722 -3.35937536 -3.35924636 -3.35916521 -3.35914389 -3.35918210 -3.35926033 -3.35939420 -3.35955465 -3.35972573 -3.35990403 -3.36007291 -3.36021052
-3.36002696 -3.36012849 -3.36020783 -3.36026653 -3.36028943 -3.36030966 -3.36032148 -3.36032311 -3.36034828 -3.36039037 -3.36042458 -3.36045801 -3.36044466 -3.36040202 -3.36030384 -3.36016041 -3.35997915 -3.35977601 -3.35957497 -3.35938087 -3.35920770 -3.35907942 -3.35898904 -3.35894558 -3.35895440 -3.35902505 -3.35913223 -3.35927655 -3.35944077 -3.35960762 -3.35975892 -3.35989880
-3.35959929 -3.35971398 -3.35983098 -3.35991390 -3.35995419 -3.35999498 -3.36001847 -3.36003879 -3.36006059 -3.36008486 -3.36010821 -3.36011461 -3.36008950 -3.36003999 -3.35994004 -3.35980154 -3.35963925 -3.35945949 -3.35927389 -3.35908904 -3.35893177 -3.35880949 -3.35871219 -3.35865532 -3.35865853 -3.35870845 -3.35879448 -3.35891365 -3.35906724 -3.35920585 -3.35934115 -3.35946550
-3.35903530 -3.35915605 -3.35928481 -3.35938725 -3.35946690 -3.35952639 -3.35956163 -3.35958684 -3.35961032 -3.35962522 -3.35963544 -3.35963334 -3.35959846 -3.35953064 -3.35943165 -3.35929937 -3.35915508 -3.35899362 -3.35882475 -3.35865811 -3.35851952 -3.35840857 -3.35831516 -3.35826352 -3.35825054 -3.35828654 -3.35836180 -3.35846096 -3.35857890 -3.35868425 -3.35879816 -3.35891288
-3.35833938 -3.35846065 -3.35859038 -3.35871198 -3.35880313 -3.35888221 -3.35893739 -3.35897544 -3.35899783 -3.35900815 -3.35900888 -3.35900237 -3.35895477 -3.35888733 -3.35878471 -3.35865582 -3.35852163 -3.35837290 -3.35823412 -3.35809026 -3.35796476 -3.35786240 -3.35778017 -3.35773387 -3.35773119 -3.35776533 -3.35782214 -3.35788999 -3.35796583 -3.35804658 -3.35813397 -3.35822697
-3.35749851 -3.35761575 -3.35774785 -3.35787989 -3.35797661 -3.35807051 -3.35813090 -3.35817742 -3.35821724 -3.35822795 -3.35823243 -3.35820502 -3.35816218 -3.35808454 -3.35798451 -3.35785985 -3.35773788 -3.35760608 -3.35748850 -3.35737685 -3.35726890 -3.35719021 -3.35713067 -3.35709849 -3.35710283 -3.35711966 -3.35716252 -3.35720378 -3.35725120 -3.35729344 -3.35733992 -3.35740588
-3.35655319 -3.35664993 -3.35677861 -3.35689913 -3.35701117 -3.35710683 -3.35717143 -3.35723164 -3.35726824 -3.35729464 -3.35729590 -3.35727390 -3.35723588 -3.35715154 -3.35705182 -3.35692835 -3.35681762 -3.35670370 -3.35660623 -3.35651907 -3.35644843 -3.35639456 -3.35635909 -3.35635256 -3.35635951 -3.35637837 -3.35639812 -3.35642326 -3.35643141 -3.35644050 -3.35645064 -3.35648668
-3.35554044 -3.35560980 -3.35571573 -3.35583095 -3.35593264 -3.35602977 -3.35611016 -3.35616551 -3.35621331 -3.35625107 -3.35625469 -3.35623728 -3.35619295 -3.35611667 -3.35601621 -3.35590592 -3.35580504 -3.35571650 -3.35563452 -3.35557880 -3.35554087 -3.35552412 -3.35551871 -3.35552211 -3.35555312 -3.35557218 -3.35558595 -3.35557941 -3.35555576 -3.35553478 -3.35550947 -3.35550838
-3.35452493 -3.35456572 -3.35463934 -3.35472418 -3.35482394 -3.35491991 -3.35499578 -3.35506595 -3.35512387 -3.35517455 -3.35519607 -3.35516982 -3.35511540 -3.35504900 -3.35494956 -3.35484760 -3.35475731 -3.35469159 -3.35463291 -3.35461436 -3.35461387 -3.35462691 -3.35465002 -3.35468858 -3.35473981 -3.35475952 -3.35476872 -3.35474550 -3.35469882 -3.35463495 -3.35456783 -3.35453421
-3.35359282 -3.35359022 -3.35363886 -3.35370448 -3.35378348 -3.35386973 -3.35395323 -3.35402898 -3.35409331 -3.35415041 -3.35418336 -3.35417519 -3.35413352 -3.35405801 -3.35395816 -3.35386065 -3.35377867 -3.35373213 -3.35370255 -3.35370905 -3.35373749 -3.35378454 -3.35384843 -3.35391414 -3.35397879 -3.35401734 -3.35402399 -3.35398748 -3.35390745 -3.35380773 -3.35371434 -3.35363655
-3.35281671 -3.35278940 -3.35281060 -3.35285406 -3.35291880 -3.35300659 -3.35309437 -3.35316929 -3.35324405 -3.35330988 -3.35333927 -3.35334556 -3.35330684 -3.35323813 -3.35314093 -3.35304911 -3.35297240 -3.35293349 -3.35293149 -3.35294742 -3.35300684 -3.35307890 -3.35317744 -3.35327554 -3.35336135 -3.35341848 -3.35342723 -3.35336884 -3.35326630 -3.35313786 -3.35299699 -3.35289600
-3.35231260 -3.35225816 -3.35225786 -3.35228497 -3.35233599 -3.35241547 -3.35250821 -3.35259549 -3.35266997 -3.35273715 -3.35278707 -3.35278109 -3.35273307 -3.35267016 -3.35257383 -3.35248626 -3.35241251 -3.35238854 -3.35238842 -3.35242607 -3.35249938 -3.35259556 -3.35272572 -3.35285278 -3.35295898 -3.35302093 -3.35303111 -3.35297343 -3.35285982 -3.35269184 -3.35254232 -3.35241062
-3.35211347 -3.35205972 -3.35204641 -3.35206519 -3.35210833 -3.35218108 -3.35227016 -3.35235806 -3.35244565 -3.35251509 -3.35255079 -3.35254730 -3.35251115 -3.35243105 -3.35234376 -3.35224920 -3.35217702 -3.35214082 -3.35214950 -3.35219879 -3.35229225 -3.35240903 -3.35254330 -3.35268977 -3.35281331 -3.35288932 -3.35289983 -3.35284232 -3.35270906 -3.35254726 -3.35237368 -3.35222978
-3.35227580 -3.35221201 -3.35219055 -3.35221105 -3.35226032 -3.35232334 -3.35241345 -3.35250093 -3.35258569 -3.35264153 -3.35266468 -3.35265105 -3.35260838 -3.35252569 -3.35243681 -3.35234424 -3.35227607 -3.35224169 -3.35224424 -3.35229248 -3.35238834 -3.35251611 -3.35266797 -3.35282655 -3.35295634 -3.35304119 -3.35304780 -3.35298797 -3.35285975 -3.35269876 -3.35253032 -3.35238138
-3.35276107 -3.35270332 -3.35268597 -3.35271009 -3.35275918 -3.35282112 -3.35290067 -3.35298206 -3.35305196 -3.35309829 -3.35311367 -3.35308620 -3.35303143 -3.35293767 -3.35285772 -3.35276240 -3.35267854 -3.35264532 -3.35263784 -3.35267907 -3.35277624 -3.35291225 -3.35306558 -3.35323135 -3.35337692 -3.35346604 -3.35347720 -3.35341129 -3.35330131 -3.35315030 -3.35299355 -3.35286066
-3.35352194 -3.35348006 -3.35347075 -3.35348938 -3.35353861 -3.35359055 -3.35365645 -3.35372151 -3.35377026 -3.35380868 -3.35380063 -3.35377074 -3.35370944 -3.35360960 -3.35351441 -3.35340795 -3.35332678 -3.35329425 -3.35328515 -3.35331621 -3.35340950 -3.35355046 -3.35370922 -3.35388182 -3.35402834 -3.35412683 -3.35414640 -3.35408359 -3.35397738 -3.35385135 -3.35371559 -3.35360445
-3.35447419 -3.35445412 -3.35444397 -3.35445330 -3.35449539 -3.35453171 -3.35457140 -3.35461873 -3.35464924 -3.35466317 -3.35465099 -3.35461239 -3.35453092 -3.35443256 -3.35432428 -3.35421861 -3.35414128 -3.35409904 -3.35408710 -3.35411568 -3.35420832 -3.35435283 -3.35451784 -3.35469617 -3.35484066 -3.35493678 -3.35496976 -3.35492550 -3.35484171 -3.35472891 -3.35462127 -3.35453688
-3.35553275 -3.35550983 -3.35549512 -3.35550646 -3.35551245 -3.35552600 -3.35554412 -3.35556511 -3.35557630 -3.35557835 -3.35555144 -3.35549377 -3.35540459 -3.35529365 -3.35519196 -3.35509593 -3.35501795 -3.35496470 -3.35495409 -3.35500177 -3.35509406 -3.35523907 -3.35541412 -3.35558816 -3.35573546 -3.35584926 -3.35588287 -3.35586687 -3.35581077 -3.35571660 -3.35563727 -3.35557474
-3.35659835 -3.35657932 -3.35655324 -3.35652511 -3.35650698 -3.35647871 -3.35646544 -3.35646395 -3.35644902 -3.35644149 -3.35640106 -3.35632902 -3.35623696 -3.35613265 -3.35602907 -3.35593380 -3.35585728 -3.35581138 -3.35582484 -3.35587949 -3.35597542 -3.35612974 -3.35630488 -3.35648719 -3.35665027 -3.35676347 -3.35682148 -3.35681679 -3.35678180 -3.35673220 -3.35668205 -3.35662809
-3.35760350 -3.35756305 -3.35751384 -3.35745383 -3.35739332 -3.35732950 -3.35727943 -3.35724338 -3.35720911 -3.35717861 -3.35713124 -3.35705590 -3.35696837 -3.35687306 -3.35677637 -3.35668405 -3.35662288 -3.35658914 -3.35660655 -3.35666770 -3.35679051 -3.35695640 -3.35714156 -3.35732983 -3.35750346 -3.35763088 -3.35770280 -3.35773298 -3.35772570 -3.35770007 -3.35767054 -3.35763596
-3.35847863 -3.35841653 -3.35833546 -3.35823424 -3.35812713 -3.35802378 -3.35793564 -3.35786743 -3.35781401 -3.35777493 -3.35771309 -3.35765045 -3.35757033 -3.35748461 -3.35739987 -3.35732339 -3.35727109 -3.35727114 -3.35728876 -3.35736559 -3.35749873 -3.35766359 -3.35786088 -3.35805923 -3.35823768 -3.35838923 -3.35849028 -3.35854737 -3.35857032 -3.35856722 -3.35855225 -3.35851758
-3.35920837 -3.35911091 -3.35898489 -3.35884665 -3.35869960 -3.35855401 -3.35844193 -3.35834317 -3.35827876 -3.35822877 -3.35817419 -3.35811823 -3.35805242 -3.35798719 -3.35790922 -3.35784582 -3.35782086 -3.35781100 -3.35786312 -3.35794262 -3.35807735 -3.35825573 -3.35844638 -3.35866121 -3.35885012 -3.35902520 -3.35914754 -3.35922837 -3.35928479 -3.35929856 -3.35928935 -3.35925801
-3.35977353 -3.35964909 -3.35949019 -3.35930808 -3.35912336 -3.35894848 -3.35880975 -3.35869400 -3.35862303 -3.35857361 -3.35853243 -3.35849132 -3.35844934 -3.35838597 -3.35832568 -3.35828268 -3.35826677 -3.35826757 -3.35831233 -3.35839481 -3.35853073 -3.35870818 -3.35890527 -3.35911296 -3.35933041 -3.35950701 -3.35966170 -3.35976924 -3.35984119 -3.35987087 -3.35986995 -3.35984173
-3.36017687 -3.36003703 -3.35985357 -3.35963560 -3.35942020 -3.35923289 -3.35908499 -3.35896920 -3.35890098 -3.35885762 -3.35882770 -3.35880776 -3.35878096 -3.35873476 -3.35869504 -3.35865154 -3.35863691 -3.35864235 -3.35867188 -3.35874573 -3.35885949 -3.35902536 -3.35922558 -3.35943128 -3.35964800 -3.35984271 -3.36001376 -3.36014751 -3.36024470 -3.36029112 -3.36029563 -3.36026136
-3.36044362 -3.36028742 -3.36010111 -3.35988123 -3.35965705 -3.35945955 -3.35930565 -3.35920051 -3.35913674 -3.35911080 -3.35910754 -3.35910447 -3.35910123 -3.35907129 -3.35902885 -3.35899914 -3.35896312 -3.35894891 -3.35895689 -3.35900605 -3.35909246 -3.35922718 -3.35940620 -3.35960680 -3.35983323 -3.36004488 -3.36023077 -3.36038369 -3.36049726 -3.36057073 -3.36057335 -3.36053595
-3.36061381 -3.36046751 -3.36028079 -3.36006491 -3.35985173 -3.35966303 -3.35952281 -3.35942170 -3.35937910 -3.35937111 -3.35938843 -3.35940901 -3.35942911 -3.35941579 -3.35938056 -3.35932294 -3.35927465 -3.35922430 -3.35919745 -3.35920310 -3.35925278 -3.35935187 -3.35950232 -3.35969164 -3.35992157 -3.36013297 -3.36033360 -3.36049200 -3.36062122 -3.36070749 -3.36072931 -3.36069759
-3.36070007 -3.36057889 -3.36041253 -3.36022343 -3.36003728 -3.35986232 -3.35973776 -3.35966048 -3.35963268 -3.35965177 -3.35969265 -3.35973271 -3.35975547 -3.35975677 -3.35972191 -3.35964797 -3.35955358 -3.35947344 -3.35939261 -3.35935189 -3.35936236 -3.35941724 -3.35953557 -3.35970794 -3.35990468 -3.36011133 -3.36032069 -3.36049833 -3.36064417 -3.36074095 -3.36078906 -3.36077881
