32 32 0 1
-3.36068820 -3.36065435 -3.36056629 -3.36045806 -3.36033077 -3.36021034 -3.36011055 -3.36005977 -3.36004760 -3.36007055 -3.36011578 -3.36016890 -3.36019331 -3.36018565 -3.36014275 -3.36004110 -3.35990408 -3.35975117 -3.35959455 -3.35946623 -3.35938424 -3.35935605 -3.35938769 -3.35947023 -3.35960117 -3.35977355 -3.35996091 -3.36013845 -3.36031440 -3.36046991 -3.36059152 -3.36066968
-3.36073156 -3.36073654 -3.36070856 -3.36063442 -3.36054065 -3.36044013 -3.36035657 -3.36032692 -3.36031456 -3.36035328 -3.36040200 -3.36045925 -3.36049710 -3.36048502 -3.36042893 -3.36030626 -3.36014017 -3.35994630 -3.35974260 -3.35957800 -3.35946528 -3.35939295 -3.35939399 -3.35944207 -3.35955410 -3.35969876 -3.35986812 -3.36005609 -3.36023954 -3.36041357 -3.36055467 -3.36066715
-3.36074606 -3.36079983 -3.36080514 -3.36077838 -3.36072074 -3.36064034 -3.36057578 -3.36053899 -3.36054338 -3.36058958 -3.36064908 -3.36070575 -3.36073649 -3.36072243 -3.36065278 -3.36050725 -3.36032534 -3.36010778 -3.35988212 -3.35968621 -3.35953233 -3.35943252 -3.35939347 -3.35942352 -3.35948308 -3.35961339 -3.35976645 -3.35995810 -3.36014365 -3.36033537 -3.36049705 -3.36063841
-3.36071256 -3.36079712 -3.36083945 -3.36085173 -3.36082409 -3.36076879 -3.36072696 -3.36070956 -3.36070561 -3.36074536 -3.36080674 -3.36085423 -3.36088353 -3.36085445 -3.36077446 -3.36062508 -3.36042834 -3.36019498 -3.35995999 -3.35974349 -3.35956645 -3.35944007 -3.35937152 -3.35936718 -3.35940891 -3.35951047 -3.35965196 -3.35982041 -3.36001871 -3.36021272 -3.36040181 -3.36057539
-3.36058909 -3.36070827 -3.36078649 -3.36082513 -3.36083079 -3.36080804 -3.36077423 -3.36076531 -3.36076934 -3.36081206 -3.36085374 -3.36089554 -3.36091605 -3.36088107 -3.36079520 -3.36064499 -3.36044399 -3.36020604 -3.35996672 -3.35974114 -3.35955016 -3.35940709 -3.35931577 -3.35928116 -3.35930361 -3.35937289 -3.35949753 -3.35965620 -3.35984645 -3.36004551 -3.36023793 -3.36042967
-3.36037750 -3.36051517 -3.36062442 -3.36069693 -3.36072837 -3.36072394 -3.36070917 -3.36069798 -3.36070962 -3.36074273 -3.36078290 -3.36081593 -3.36082741 -3.36079513 -3.36069479 -3.36054485 -3.36034489 -3.36011687 -3.35988551 -3.35965624 -3.35945624 -3.35931013 -3.35920305 -3.35914605 -3.35914277 -3.35918953 -3.35929402 -3.35943928 -3.35961671 -3.35981469 -3.36001957 -3.36020915
-3.36005097 -3.36020887 -3.36033444 -3.36043182 -3.36047781 -3.36050529 -3.36051626 -3.36051172 -3.36052722 -3.36055607 -3.36058494 -3.36061206 -3.36060628 -3.36056948 -3.36046958 -3.36032410 -3.36013472 -3.35991426 -3.35969392 -3.35947651 -3.35928667 -3.35913339 -3.35901683 -3.35893364 -3.35890335 -3.35894079 -3.35901949 -3.35914919 -3.35931296 -3.35949951 -3.35968497 -3.35987118
-3.35958497 -3.35974735 -3.35990585 -3.36002652 -3.36008780 -3.36014409 -3.36016798 -3.36018344 -3.36020186 -3.36021929 -3.36023918 -3.36025362 -3.36023928 -3.36019906 -3.36011406 -3.35996631 -3.35979425 -3.35959460 -3.35938563 -3.35918690 -3.35900492 -3.35885030 -3.35871436 -3.35862042 -3.35857815 -3.35859169 -3.35864762 -3.35875196 -3.35890353 -3.35905988 -3.35923137 -3.35940130
-3.35897513 -3.35914646 -3.35931723 -3.35945357 -3.35955040 -3.35962307 -3.35966620 -3.35968803 -3.35970704 -3.35972208 -3.35973786 -3.35975020 -3.35973534 -3.35969055 -3.35960146 -3.35947312 -3.35931796 -3.35913781 -3.35894817 -3.35875487 -3.35858459 -3.35843577 -3.35829707 -3.35819237 -3.35812918 -3.35812357 -3.35816110 -3.35824773 -3.35836676 -3.35849032 -3.35864153 -3.35880369
-3.35824083 -3.35842112 -3.35859439 -3.35874648 -3.35885861 -3.35894632 -3.35900419 -3.35904546 -3.35906172 -3.35907740 -3.35908579 -3.35909037 -3.35907656 -3.35903890 -3.35896182 -3.35884395 -3.35870553 -3.35854716 -3.35838255 -3.35820684 -3.35804104 -3.35788068 -3.35774341 -3.35762749 -3.35755744 -3.35753439 -3.35755547 -3.35760491 -3.35768596 -3.35779322 -3.35792519 -3.35807477
-3.35738726 -3.35756881 -3.35775411 -3.35791315 -3.35803814 -3.35813974 -3.35819966 -3.35823550 -3.35826372 -3.35827174 -3.35828481 -3.35827926 -3.35826804 -3.35823284 -3.35817531 -3.35807671 -3.35796620 -3.35783484 -3.35769071 -3.35753240 -3.35736774 -3.35722129 -3.35707946 -3.35696279 -3.35688339 -3.35682977 -3.35682392 -3.35684607 -3.35689633 -3.35697834 -3.35708553 -3.35722190
-3.35644781 -3.35663142 -3.35682028 -3.35698130 -3.35711572 -3.35721917 -3.35727176 -3.35730475 -3.35731807 -3.35732798 -3.35733544 -3.35733589 -3.35733708 -3.35730318 -3.35726584 -3.35719167 -3.35711022 -3.35700795 -3.35688767 -3.35674445 -3.35659744 -3.35645684 -3.35631949 -3.35620095 -3.35609943 -3.35603722 -3.35599867 -3.35599614 -3.35601600 -3.35607694 -3.35616314 -3.35628954
-3.35547428 -3.35565028 -3.35583296 -3.35599877 -3.35612072 -3.35621438 -3.35626768 -3.35628401 -3.35628704 -3.35629443 -3.35629252 -3.35629087 -3.35629071 -3.35628556 -3.35626290 -3.35623342 -3.35617937 -3.35611262 -3.35601143 -3.35589594 -3.35576741 -3.35563918 -3.35550216 -3.35537308 -3.35527312 -3.35518666 -3.35513202 -3.35509249 -3.35509309 -3.35513408 -3.35521304 -3.35532896
-3.35452324 -3.35469279 -3.35486096 -3.35500633 -3.35512822 -3.35521449 -3.35524323 -3.35525079 -3.35524181 -3.35524180 -3.35523587 -3.35522792 -3.35521802 -3.35523539 -3.35523934 -3.35523980 -3.35522604 -3.35519200 -3.35511741 -3.35503143 -3.35492614 -3.35480195 -3.35467133 -3.35454859 -3.35444678 -3.35434446 -3.35427200 -3.35421558 -3.35420234 -3.35422422 -3.35427887 -3.35438725
-3.35367804 -3.35382573 -3.35398779 -3.35412068 -3.35422155 -3.35428810 -3.35430491 -3.35429179 -3.35426143 -3.35424307 -3.35423476 -3.35422790 -3.35423842 -3.35426060 -3.35428853 -3.35431178 -3.35432789 -3.35432486 -3.35428365 -3.35422435 -3.35413090 -3.35402516 -3.35391421 -3.35379172 -3.35368749 -3.35358537 -3.35350817 -3.35343938 -3.35340514 -3.35340729 -3.35345721 -3.35354978
-3.35299946 -3.35313742 -3.35328432 -3.35340239 -3.35349072 -3.35353994 -3.35354559 -3.35351216 -3.35346548 -3.35343003 -3.35339893 -3.35339845 -3.35341881 -3.35345307 -3.35350062 -3.35354789 -3.35358513 -3.35360458 -3.35359123 -3.35354007 -3.35346610 -3.35337308 -3.35327788 -3.35317599 -3.35308074 -3.35298580 -3.35290692 -3.35282500 -3.35277627 -3.35276849 -3.35279529 -3.35288194
-3.35258175 -3.35270374 -3.35283408 -3.35294368 -3.35301175 -3.35304548 -3.35303504 -3.35299622 -3.35293568 -3.35288746 -3.35285461 -3.35283572 -3.35284670 -3.35289269 -3.35295239 -3.35301216 -3.35306067 -3.35310088 -3.35309851 -3.35306404 -3.35299848 -3.35292328 -3.35285095 -3.35277401 -3.35269170 -3.35260795 -3.35253038 -3.35245474 -3.35239972 -3.35237067 -3.35240066 -3.35247455
-3.35245105 -3.35257928 -3.35269641 -3.35279318 -3.35284896 -3.35287003 -3.35285114 -3.35280674 -3.35274608 -3.35268294 -3.35263185 -3.35260835 -3.35262093 -3.35265431 -3.35271913 -3.35277747 -3.35282921 -3.35285712 -3.35286831 -3.35284228 -3.35279547 -3.35274170 -3.35267862 -3.35262365 -3.35256531 -3.35249911 -3.35243343 -3.35236123 -3.35230047 -3.35227929 -3.35229709 -3.35235880
-3.35265359 -3.35276222 -3.35286453 -3.35295866 -3.35301835 -3.35303382 -3.35301756 -3.35297188 -3.35290515 -3.35283146 -3.35276333 -3.35272501 -3.35272388 -3.35274796 -3.35280394 -3.35285519 -3.35290238 -3.35293298 -3.35293637 -3.35291097 -3.35287210 -3.35283350 -3.35280059 -3.35276673 -3.35272379 -3.35267929 -3.35262060 -3.35255864 -3.35250138 -3.35249018 -3.35250388 -3.35256063
-3.35314229 -3.35324081 -3.35333808 -3.35342654 -3.35348893 -3.35350345 -3.35349195 -3.35344552 -3.35337659 -3.35329989 -3.35322703 -3.35317351 -3.35315629 -3.35315902 -3.35320593 -3.35324259 -3.35326548 -3.35328678 -3.35327414 -3.35324578 -3.35321576 -3.35319379 -3.35317856 -3.35316804 -3.35316011 -3.35313796 -3.35309058 -3.35303031 -3.35299732 -3.35298921 -3.35300209 -3.35305875
-3.35387319 -3.35396486 -3.35405610 -3.35413527 -3.35419752 -3.35421155 -3.35419990 -3.35415772 -3.35408860 -3.35401636 -3.35393212 -3.35387361 -3.35384548 -3.35382776 -3.35384620 -3.35385129 -3.35385970 -3.35387207 -3.35384872 -3.35381427 -3.35379207 -3.35378772 -3.35379210 -3.35380422 -3.35382321 -3.35382144 -3.35379890 -3.35375015 -3.35371520 -3.35371645 -3.35373899 -3.35379220
-3.35476411 -3.35485419 -3.35493388 -3.35499596 -3.35505411 -3.35506599 -3.35504549 -3.35501417 -3.35494832 -3.35487241 -3.35479312 -3.35473567 -3.35468300 -3.35465020 -3.35463738 -3.35462401 -3.35461730 -3.35460108 -3.35457194 -3.35453641 -3.35451986 -3.35453149 -3.35455860 -3.35460311 -3.35463479 -3.35464861 -3.35464817 -3.35462546 -3.35460947 -3.35460778 -3.35463334 -3.35468898
-3.35574098 -3.35581003 -3.35586720 -3.35592534 -3.35594618 -3.35595886 -3.35593718 -3.35590295 -3.35584901 -3.35577997 -3.35569910 -3.35563464 -3.35556566 -3.35551503 -3.35548447 -3.35546192 -3.35543495 -3.35539629 -3.35536167 -3.35533801 -3.35534190 -3.35536226 -3.35541345 -3.35547165 -3.35552306 -3.35557125 -3.35557974 -3.35558897 -3.35559304 -3.35559299 -3.35562203 -3.35567638
-3.35671990 -3.35677364 -3.35680437 -3.35681775 -3.35681721 -3.35679729 -3.35677688 -3.35673948 -3.35668306 -3.35662660 -3.35655213 -3.35647799 -3.35640617 -3.35635028 -3.35630015 -3.35626386 -3.35621847 -3.35617183 -3.35615472 -3.35614213 -3.35614999 -3.35619694 -3.35626071 -3.35633895 -3.35641785 -3.35648305 -3.35652353 -3.35654302 -3.35656178 -3.35658713 -3.35662714 -3.35666392
-3.35763793 -3.35765996 -3.35765429 -3.35762852 -3.35759337 -3.35754483 -3.35750589 -3.35745766 -3.35739907 -3.35734399 -3.35728068 -3.35720360 -3.35713734 -3.35707667 -3.35702334 -3.35696773 -3.35692728 -3.35688769 -3.35686865 -3.35686429 -3.35690178 -3.35696599 -3.35704576 -3.35714779 -3.35724697 -3.35733367 -3.35740084 -3.35745031 -3.35749158 -3.35752641 -3.35756501 -3.35760034
-3.35844194 -3.35842514 -3.35838310 -3.35830950 -3.35823910 -3.35816055 -3.35808274 -3.35802023 -3.35796439 -3.35791489 -3.35785098 -3.35778950 -3.35773069 -3.35766955 -3.35761893 -3.35756525 -3.35752083 -3.35750428 -3.35748205 -3.35749863 -3.35754662 -3.35761942 -3.35772181 -3.35784145 -3.35795967 -3.35808154 -3.35817442 -3.35825094 -3.35831848 -3.35836148 -3.35840625 -3.35843128
-3.35911649 -3.35905279 -3.35896134 -3.35886013 -3.35874386 -3.35862603 -3.35853867 -3.35844909 -3.35839215 -3.35834559 -3.35829277 -3.35824511 -3.35819525 -3.35815253 -3.35809817 -3.35805023 -3.35802239 -3.35798806 -3.35799728 -3.35801334 -3.35806687 -3.35816125 -3.35827188 -3.35841229 -3.35854895 -3.35869621 -3.35881896 -3.35892187 -3.35900754 -3.35906686 -3.35911037 -3.35912538
-3.35963549 -3.35955045 -3.35942806 -3.35927764 -3.35912595 -3.35898384 -3.35886811 -3.35877083 -3.35871261 -3.35867368 -3.35863500 -3.35860263 -3.35857755 -3.35853381 -3.35849198 -3.35845301 -3.35842351 -3.35839794 -3.35839144 -3.35841336 -3.35847160 -3.35857161 -3.35869441 -3.35884074 -3.35900899 -3.35916417 -3.35931560 -3.35944124 -3.35954632 -3.35961951 -3.35966233 -3.35967760
-3.36002782 -3.35992464 -3.35977297 -3.35959453 -3.35941228 -3.35925463 -3.35913272 -3.35903502 -3.35898093 -3.35894415 -3.35892219 -3.35891056 -3.35889869 -3.35886552 -3.35883134 -3.35879175 -3.35875815 -3.35873208 -3.35871707 -3.35872998 -3.35877756 -3.35886615 -3.35899239 -3.35914145 -3.35931674 -3.35948805 -3.35965984 -3.35980527 -3.35993559 -3.36002378 -3.36007228 -3.36007799
-3.36029228 -3.36018099 -3.36003155 -3.35984658 -3.35965777 -3.35949030 -3.35935684 -3.35927032 -3.35921891 -3.35919959 -3.35920301 -3.35920365 -3.35920607 -3.35918876 -3.35914984 -3.35911475 -3.35906512 -3.35901948 -3.35897906 -3.35897137 -3.35899356 -3.35905933 -3.35917708 -3.35931765 -3.35950404 -3.35969292 -3.35987250 -3.36003978 -3.36017891 -3.36029135 -3.36034228 -3.36034497
-3.36048078 -3.36038226 -3.36023581 -3.36006570 -3.35988306 -3.35971946 -3.35960225 -3.35951251 -3.35947215 -3.35947104 -3.35948767 -3.35950896 -3.35953313 -3.35952028 -3.35948640 -3.35942774 -3.35935862 -3.35927881 -3.35921167 -3.35916619 -3.35916003 -3.35919840 -3.35929244 -3.35942877 -3.35961194 -3.35979352 -3.35998569 -3.36015446 -3.36030912 -3.36043541 -3.36049668 -3.36051348
-3.36060133 -3.36052863 -3.36041340 -3.36026645 -3.36011479 -3.35995934 -3.35985111 -3.35978142 -3.35975213 -3.35976622 -3.35979833 -3.35983998 -3.35986032 -3.35986156 -3.35982666 -3.35974571 -3.35963753 -3.35953182 -3.35941782 -3.35933154 -3.35929117 -3.35929097 -3.35935353 -3.35947734 -3.35962958 -3.35980394 -3.35999692 -3.36017869 -3.36034344 -3.36048105 -3.36057794 -3.36062435
