32 32 0 1
-3.36071958 -3.36063216 -3.36050554 -3.36037683 -3.36024490 -3.36012485 -3.36002743 -3.35996972 -3.35994544 -3.35994561 -3.35996592 -3.35999053 -3.35999054 -3.35997689 -3.35994661 -3.35987826 -3.35979949 -3.35972548 -3.35966454 -3.35963136 -3.35963772 -3.35968605 -3.35977699 -3.35990320 -3.36005443 -3.36022796 -3.36039526 -3.36053534 -3.36065362 -3.36073510 -3.36077601 -3.36077407
-3.36069856 -3.36064319 -3.36057422 -3.36047982 -3.36038376 -3.36029049 -3.36021525 -3.36019078 -3.36017698 -3.36020306 -3.36023292 -3.36027082 -3.36029136 -3.36027236 -3.36022829 -3.36013556 -3.36002277 -3.35990098 -3.35978310 -3.35970709 -3.35968339 -3.35968659 -3.35974903 -3.35983869 -3.35997092 -3.36011584 -3.36026951 -3.36041197 -3.36053287 -3.36063032 -3.36068387 -3.36071190
-3.36066190 -3.36065138 -3.36061494 -3.36056709 -3.36050919 -3.36043760 -3.36038531 -3.36035812 -3.36036789 -3.36040826 -3.36045345 -3.36049838 -3.36051925 -3.36049952 -3.36044276 -3.36032472 -3.36018293 -3.36003138 -3.35988346 -3.35976832 -3.35970040 -3.35967627 -3.35969741 -3.35977119 -3.35985722 -3.35999278 -3.36012491 -3.36027319 -3.36039649 -3.36050969 -3.36058150 -3.36063458
-3.36059886 -3.36062044 -3.36061844 -3.36060743 -3.36057458 -3.36052493 -3.36049444 -3.36048954 -3.36049409 -3.36053130 -3.36058966 -3.36062909 -3.36064625 -3.36061535 -3.36054055 -3.36041319 -3.36025743 -3.36007616 -3.35991223 -3.35976768 -3.35967133 -3.35962013 -3.35961599 -3.35966157 -3.35973547 -3.35984617 -3.35997638 -3.36010731 -3.36024483 -3.36036052 -3.36045769 -3.36054241
-3.36048652 -3.36053705 -3.36056277 -3.36057431 -3.36056783 -3.36054250 -3.36051777 -3.36052259 -3.36053566 -3.36057680 -3.36061404 -3.36065010 -3.36066024 -3.36061673 -3.36053352 -3.36039851 -3.36023081 -3.36004805 -3.35987074 -3.35971324 -3.35959571 -3.35952561 -3.35950015 -3.35951935 -3.35958091 -3.35966925 -3.35978474 -3.35991958 -3.36005714 -3.36018785 -3.36030413 -3.36040575
-3.36030831 -3.36038408 -3.36043206 -3.36046742 -3.36047810 -3.36046372 -3.36045663 -3.36044805 -3.36046477 -3.36049683 -3.36052870 -3.36054981 -3.36055139 -3.36051101 -3.36040965 -3.36027812 -3.36010058 -3.35991663 -3.35973791 -3.35957533 -3.35945072 -3.35937230 -3.35933286 -3.35933150 -3.35937241 -3.35944338 -3.35955610 -3.35968704 -3.35982724 -3.35997088 -3.36010904 -3.36021885
-3.36004486 -3.36012880 -3.36019844 -3.36024814 -3.36026162 -3.36027493 -3.36027864 -3.36026633 -3.36027743 -3.36030320 -3.36032195 -3.36033953 -3.36032259 -3.36027417 -3.36016880 -3.36002534 -3.35986117 -3.35967888 -3.35950549 -3.35935319 -3.35922268 -3.35913883 -3.35908402 -3.35906630 -3.35909156 -3.35916579 -3.35926285 -3.35939220 -3.35954036 -3.35968632 -3.35981598 -3.35993559
-3.35964354 -3.35974018 -3.35983777 -3.35990570 -3.35993051 -3.35995578 -3.35995946 -3.35995862 -3.35996523 -3.35997145 -3.35998149 -3.35998174 -3.35994836 -3.35989526 -3.35979869 -3.35965832 -3.35949948 -3.35932522 -3.35916477 -3.35901176 -3.35889414 -3.35880249 -3.35873964 -3.35870953 -3.35872814 -3.35879104 -3.35888377 -3.35900323 -3.35915448 -3.35928792 -3.35941284 -3.35952880
-3.35910795 -3.35921669 -3.35932141 -3.35940420 -3.35945478 -3.35948776 -3.35949996 -3.35949571 -3.35949059 -3.35949221 -3.35949043 -3.35948291 -3.35944800 -3.35938016 -3.35928515 -3.35914814 -3.35900283 -3.35884917 -3.35869125 -3.35854679 -3.35843056 -3.35834676 -3.35827214 -3.35824255 -3.35825039 -3.35830511 -3.35839548 -3.35851256 -3.35864639 -3.35876182 -3.35888335 -3.35899751
-3.35844793 -3.35855844 -3.35866658 -3.35876055 -3.35881721 -3.35885918 -3.35887677 -3.35887985 -3.35886683 -3.35885446 -3.35884510 -3.35883215 -3.35879680 -3.35873934 -3.35864576 -3.35851829 -3.35838376 -3.35823565 -3.35809946 -3.35795867 -3.35784407 -3.35775159 -3.35768282 -3.35765252 -3.35765851 -3.35771732 -3.35780022 -3.35790271 -3.35801150 -3.35812260 -3.35823073 -3.35833274
-3.35764870 -3.35776105 -3.35787536 -3.35797333 -3.35802923 -3.35807428 -3.35809103 -3.35808205 -3.35808069 -3.35806551 -3.35805466 -3.35803515 -3.35800574 -3.35795217 -3.35787217 -3.35775785 -3.35764031 -3.35750410 -3.35737407 -3.35724675 -3.35713450 -3.35704607 -3.35698536 -3.35695367 -3.35696823 -3.35700546 -3.35707855 -3.35716501 -3.35726414 -3.35736055 -3.35745364 -3.35754378
-3.35674917 -3.35685904 -3.35696806 -3.35705363 -3.35711631 -3.35715717 -3.35715833 -3.35715084 -3.35714070 -3.35712889 -3.35712482 -3.35711285 -3.35710002 -3.35705211 -3.35698960 -3.35688658 -3.35677977 -3.35665635 -3.35653678 -3.35641654 -3.35631674 -3.35623802 -3.35618363 -3.35616331 -3.35616663 -3.35620518 -3.35626325 -3.35633851 -3.35641653 -3.35649792 -3.35657396 -3.35665817
-3.35578530 -3.35587551 -3.35597115 -3.35605121 -3.35610416 -3.35612848 -3.35613350 -3.35612048 -3.35610320 -3.35610540 -3.35610222 -3.35610317 -3.35610297 -3.35607753 -3.35602233 -3.35594805 -3.35585382 -3.35575132 -3.35563476 -3.35552861 -3.35543971 -3.35537635 -3.35532770 -3.35530383 -3.35532160 -3.35535142 -3.35540374 -3.35545484 -3.35551176 -3.35557755 -3.35563905 -3.35570493
-3.35480862 -3.35488244 -3.35495061 -3.35501158 -3.35506107 -3.35508096 -3.35506775 -3.35505780 -3.35505416 -3.35506230 -3.35507540 -3.35508443 -3.35508584 -3.35508789 -3.35504567 -3.35498907 -3.35491532 -3.35482627 -3.35471778 -3.35463431 -3.35456214 -3.35450478 -3.35446941 -3.35445702 -3.35447732 -3.35450234 -3.35454273 -3.35457713 -3.35462086 -3.35466384 -3.35469658 -3.35475259
-3.35390278 -3.35395116 -3.35400778 -3.35405102 -3.35408077 -3.35409276 -3.35408396 -3.35407418 -3.35407149 -3.35408698 -3.35411658 -3.35414943 -3.35417544 -3.35417943 -3.35415991 -3.35411301 -3.35404594 -3.35397299 -3.35388654 -3.35381613 -3.35374912 -3.35371380 -3.35369625 -3.35369081 -3.35370432 -3.35373433 -3.35376664 -3.35378632 -3.35380117 -3.35381760 -3.35383674 -3.35386339
-3.35314177 -3.35317368 -3.35321710 -3.35324878 -3.35327188 -3.35328273 -3.35328015 -3.35326755 -3.35328216 -3.35330336 -3.35333275 -3.35338918 -3.35342951 -3.35344839 -3.35343524 -3.35340679 -3.35334786 -3.35328261 -3.35321345 -3.35314464 -3.35309790 -3.35306944 -3.35306471 -3.35307626 -3.35309647 -3.35312531 -3.35314649 -3.35314014 -3.35313114 -3.35312099 -3.35310672 -3.35311977
-3.35262764 -3.35264696 -3.35267754 -3.35270724 -3.35272559 -3.35273735 -3.35274209 -3.35274708 -3.35276458 -3.35279469 -3.35284205 -3.35289082 -3.35292841 -3.35296133 -3.35295997 -3.35293466 -3.35288215 -3.35283028 -3.35276650 -3.35271312 -3.35267060 -3.35265998 -3.35267346 -3.35269414 -3.35271988 -3.35273663 -3.35274435 -3.35272555 -3.35269547 -3.35264743 -3.35262778 -3.35261493
-3.35241026 -3.35244034 -3.35246740 -3.35249850 -3.35251443 -3.35253021 -3.35254308 -3.35255751 -3.35258854 -3.35262086 -3.35266191 -3.35271273 -3.35275944 -3.35277690 -3.35278667 -3.35275866 -3.35271556 -3.35265101 -3.35260140 -3.35255963 -3.35253820 -3.35254063 -3.35255681 -3.35258847 -3.35261845 -3.35263434 -3.35262397 -3.35258979 -3.35253194 -3.35247600 -3.35243297 -3.35240948
-3.35253961 -3.35256805 -3.35259256 -3.35262990 -3.35266706 -3.35268448 -3.35270862 -3.35273216 -3.35276115 -3.35278557 -3.35281361 -3.35285047 -3.35288472 -3.35290108 -3.35290556 -3.35288162 -3.35284322 -3.35278870 -3.35274470 -3.35271247 -3.35270264 -3.35271783 -3.35274878 -3.35278646 -3.35281356 -3.35282833 -3.35279752 -3.35274650 -3.35267490 -3.35261619 -3.35256046 -3.35253799
-3.35299171 -3.35302423 -3.35305487 -3.35310139 -3.35314584 -3.35317574 -3.35320117 -3.35322149 -3.35324066 -3.35325605 -3.35327150 -3.35328828 -3.35330766 -3.35330629 -3.35331387 -3.35328767 -3.35324158 -3.35320074 -3.35315709 -3.35313174 -3.35313629 -3.35316634 -3.35320412 -3.35325191 -3.35329209 -3.35330073 -3.35326347 -3.35319523 -3.35312723 -3.35306102 -3.35300352 -3.35298708
-3.35371957 -3.35376070 -3.35380140 -3.35384338 -3.35389525 -3.35391859 -3.35393478 -3.35394848 -3.35394637 -3.35395333 -3.35394108 -3.35394461 -3.35394657 -3.35393176 -3.35391960 -3.35388463 -3.35384775 -3.35381880 -3.35378812 -3.35376958 -3.35378554 -3.35383588 -3.35388980 -3.35394829 -3.35399540 -3.35400908 -3.35397185 -3.35389947 -3.35382434 -3.35376517 -3.35371809 -3.35370769
-3.35465029 -3.35469761 -3.35473390 -3.35476412 -3.35481019 -3.35482198 -3.35481647 -3.35481330 -3.35479857 -3.35477261 -3.35474944 -3.35473410 -3.35470962 -3.35468257 -3.35465070 -3.35461267 -3.35458743 -3.35455941 -3.35454073 -3.35453891 -3.35457486 -3.35464145 -3.35471316 -3.35479543 -3.35484506 -3.35486288 -3.35484129 -3.35478028 -3.35471508 -3.35466012 -3.35462475 -3.35462633
-3.35568909 -3.35571904 -3.35574376 -3.35577091 -3.35577484 -3.35577054 -3.35574872 -3.35571914 -3.35568278 -3.35564410 -3.35559406 -3.35555316 -3.35550263 -3.35545762 -3.35541943 -3.35538683 -3.35536765 -3.35534347 -3.35534001 -3.35537223 -3.35542905 -3.35551315 -3.35561150 -3.35570014 -3.35576664 -3.35580541 -3.35579503 -3.35576382 -3.35571977 -3.35566811 -3.35565050 -3.35565989
-3.35674099 -3.35676426 -3.35676685 -3.35674538 -3.35671655 -3.35667149 -3.35662418 -3.35657106 -3.35651141 -3.35645583 -3.35638637 -3.35631882 -3.35625435 -3.35620022 -3.35615331 -3.35612394 -3.35610303 -3.35609835 -3.35613288 -3.35618626 -3.35626070 -3.35637115 -3.35648508 -3.35659801 -3.35669189 -3.35674728 -3.35677004 -3.35675155 -3.35672638 -3.35671363 -3.35671065 -3.35671456
-3.35773813 -3.35773002 -3.35769392 -3.35763704 -3.35756507 -3.35747633 -3.35739289 -3.35731150 -3.35722857 -3.35715365 -3.35706975 -3.35698116 -3.35691273 -3.35685676 -3.35680678 -3.35677460 -3.35677203 -3.35679303 -3.35683921 -3.35691378 -3.35702043 -3.35715240 -3.35729309 -3.35743195 -3.35755183 -3.35763413 -3.35768084 -3.35770127 -3.35770993 -3.35771228 -3.35771683 -3.35772910
-3.35860645 -3.35856463 -3.35849117 -3.35838272 -3.35826642 -3.35814169 -3.35801322 -3.35790563 -3.35780666 -3.35771587 -3.35761834 -3.35753421 -3.35745821 -3.35739884 -3.35735469 -3.35733716 -3.35734500 -3.35739641 -3.35745424 -3.35755094 -3.35768358 -3.35782962 -3.35799349 -3.35814813 -3.35828984 -3.35841307 -3.35849725 -3.35854902 -3.35858851 -3.35860849 -3.35862377 -3.35861919
-3.35933424 -3.35924642 -3.35911910 -3.35897815 -3.35881483 -3.35865084 -3.35850518 -3.35836671 -3.35825498 -3.35815812 -3.35806449 -3.35798525 -3.35790881 -3.35785678 -3.35781798 -3.35780503 -3.35783908 -3.35788330 -3.35798730 -3.35809100 -3.35823769 -3.35840452 -3.35857088 -3.35875059 -3.35891081 -3.35906430 -3.35917920 -3.35926821 -3.35933144 -3.35936490 -3.35938251 -3.35937094
-3.35988873 -3.35976794 -3.35960659 -3.35942165 -3.35922281 -3.35903508 -3.35886835 -3.35871496 -3.35860501 -3.35851337 -3.35842784 -3.35835493 -3.35829843 -3.35823871 -3.35820958 -3.35821172 -3.35825211 -3.35831186 -3.35841049 -3.35852757 -3.35867485 -3.35885335 -3.35903103 -3.35921540 -3.35940485 -3.35956847 -3.35971903 -3.35982864 -3.35991493 -3.35996056 -3.35997572 -3.35995520
-3.36028023 -3.36013654 -3.35995048 -3.35973192 -3.35951199 -3.35931574 -3.35915122 -3.35900580 -3.35889873 -3.35881120 -3.35873975 -3.35868143 -3.35863448 -3.35859028 -3.35856974 -3.35856691 -3.35860620 -3.35867223 -3.35875890 -3.35887647 -3.35901717 -3.35918239 -3.35937032 -3.35956092 -3.35975476 -3.35993590 -3.36009504 -3.36023071 -3.36033783 -3.36038927 -3.36040022 -3.36036912
-3.36051871 -3.36036146 -3.36017403 -3.35995857 -3.35974001 -3.35954615 -3.35937847 -3.35925417 -3.35915691 -3.35909225 -3.35903987 -3.35899422 -3.35896828 -3.35893886 -3.35891265 -3.35891458 -3.35893368 -3.35898098 -3.35904738 -3.35914602 -3.35926504 -3.35941226 -3.35958628 -3.35976711 -3.35997218 -3.36016375 -3.36033746 -3.36048186 -3.36059178 -3.36066095 -3.36066340 -3.36061618
-3.36065712 -3.36050821 -3.36032278 -3.36012388 -3.35992426 -3.35974518 -3.35960399 -3.35948583 -3.35941163 -3.35936670 -3.35934180 -3.35931970 -3.35931167 -3.35929124 -3.35926936 -3.35924847 -3.35924888 -3.35926177 -3.35929534 -3.35935204 -3.35944668 -3.35956515 -3.35971638 -3.35989077 -3.36009457 -3.36028170 -3.36045736 -3.36059995 -3.36071034 -3.36078422 -3.36079074 -3.36074860
-3.36070476 -3.36058588 -3.36043077 -3.36025978 -3.36009180 -3.35993229 -3.35981561 -3.35972524 -3.35967711 -3.35965998 -3.35965720 -3.35965831 -3.35965394 -3.35964421 -3.35962275 -3.35958038 -3.35953825 -3.35951633 -3.35950049 -3.35951639 -3.35957051 -3.35965221 -3.35977396 -3.35993584 -3.36010894 -3.36028437 -3.36045903 -3.36060710 -3.36072736 -3.36079630 -3.36082304 -3.36079658
