32 32 0 1
-3.36068939 -3.36065320 -3.36059354 -3.36053710 -3.36048535 -3.36044914 -3.36041760 -3.36040633 -3.36040359 -3.36040003 -3.36039324 -3.36036796 -3.36030486 -3.36022734 -3.36013725 -3.36001866 -3.35989506 -3.35977474 -3.35966382 -3.35957361 -3.35951828 -3.35950392 -3.35954285 -3.35962931 -3.35975789 -3.35993161 -3.36012153 -3.36029837 -3.36045813 -3.36058163 -3.36065914 -3.36069728
-3.36066546 -3.36066439 -3.36065800 -3.36063487 -3.36061382 -3.36059278 -3.36057922 -3.36059377 -3.36059666 -3.36061497 -3.36061100 -3.36059706 -3.36055533 -3.36047086 -3.36036385 -3.36022247 -3.36006517 -3.35989752 -3.35972961 -3.35959560 -3.35950886 -3.35945023 -3.35945550 -3.35950793 -3.35962351 -3.35977256 -3.35995451 -3.36013818 -3.36030784 -3.36045522 -3.36055693 -3.36062950
-3.36062132 -3.36066712 -3.36069295 -3.36071289 -3.36072541 -3.36072157 -3.36072401 -3.36073428 -3.36075866 -3.36078432 -3.36079812 -3.36078815 -3.36074938 -3.36066908 -3.36055237 -3.36038281 -3.36020059 -3.36000223 -3.35980255 -3.35962775 -3.35949349 -3.35940726 -3.35937251 -3.35940590 -3.35947927 -3.35962298 -3.35978466 -3.35997797 -3.36015306 -3.36031862 -3.36044322 -3.36054706
-3.36055710 -3.36063648 -3.36069419 -3.36075126 -3.36078571 -3.36079787 -3.36081891 -3.36084967 -3.36087130 -3.36089988 -3.36092222 -3.36092060 -3.36088224 -3.36079658 -3.36066916 -3.36049594 -3.36029595 -3.36006402 -3.35984542 -3.35963929 -3.35946936 -3.35935195 -3.35929466 -3.35930093 -3.35935445 -3.35947324 -3.35963380 -3.35980947 -3.36000280 -3.36017176 -3.36032337 -3.36045472
-3.36046273 -3.36056714 -3.36065677 -3.36072410 -3.36078441 -3.36082722 -3.36085171 -3.36089170 -3.36092011 -3.36095880 -3.36097057 -3.36097445 -3.36094170 -3.36085479 -3.36072492 -3.36054800 -3.36033753 -3.36009825 -3.35986354 -3.35963905 -3.35945050 -3.35931114 -3.35922430 -3.35920245 -3.35924656 -3.35933792 -3.35948252 -3.35965660 -3.35984259 -3.36002181 -3.36018554 -3.36033578
-3.36034657 -3.36046941 -3.36056807 -3.36066716 -3.36074291 -3.36079142 -3.36083434 -3.36086822 -3.36090671 -3.36093777 -3.36096165 -3.36095359 -3.36092621 -3.36085992 -3.36072292 -3.36055980 -3.36034367 -3.36010942 -3.35986786 -3.35963484 -3.35942844 -3.35927633 -3.35916995 -3.35912828 -3.35914951 -3.35922194 -3.35935286 -3.35951615 -3.35969049 -3.35987375 -3.36005453 -3.36021016
-3.36020354 -3.36033312 -3.36045602 -3.36056695 -3.36063999 -3.36070882 -3.36076610 -3.36079773 -3.36084291 -3.36087595 -3.36089232 -3.36090017 -3.36086439 -3.36080576 -3.36068860 -3.36052672 -3.36032554 -3.36008841 -3.35985435 -3.35962344 -3.35941523 -3.35925695 -3.35913483 -3.35906801 -3.35906500 -3.35913314 -3.35923914 -3.35938479 -3.35955377 -3.35972939 -3.35989651 -3.36005141
-3.36002276 -3.36016843 -3.36030838 -3.36042147 -3.36050123 -3.36058320 -3.36064478 -3.36068645 -3.36072606 -3.36075680 -3.36077687 -3.36078692 -3.36075828 -3.36070985 -3.36061673 -3.36046531 -3.36027775 -3.36006129 -3.35984236 -3.35961405 -3.35941227 -3.35924373 -3.35911223 -3.35902964 -3.35901299 -3.35905551 -3.35914369 -3.35927002 -3.35943620 -3.35959065 -3.35973624 -3.35987427
-3.35984515 -3.35998819 -3.36013187 -3.36025058 -3.36035079 -3.36043046 -3.36049251 -3.36053556 -3.36057528 -3.36060830 -3.36063355 -3.36065021 -3.36063701 -3.36059640 -3.36051397 -3.36038746 -3.36022258 -3.36003344 -3.35982424 -3.35961204 -3.35942017 -3.35925828 -3.35911552 -3.35903311 -3.35899328 -3.35901258 -3.35908083 -3.35919193 -3.35932352 -3.35944737 -3.35957889 -3.35970906
-3.35970037 -3.35983172 -3.35995701 -3.36008160 -3.36017612 -3.36026080 -3.36032109 -3.36036610 -3.36040188 -3.36043205 -3.36046240 -3.36049413 -3.36049653 -3.36047200 -3.36040883 -3.36030095 -3.36016768 -3.36000285 -3.35982276 -3.35963678 -3.35945276 -3.35928842 -3.35915124 -3.35905743 -3.35901331 -3.35902025 -3.35907052 -3.35914595 -3.35924096 -3.35934524 -3.35945403 -3.35957057
-3.35957030 -3.35968780 -3.35980969 -3.35992688 -3.36000677 -3.36008242 -3.36012930 -3.36016208 -3.36020533 -3.36023299 -3.36027832 -3.36031410 -3.36033212 -3.36032579 -3.36028953 -3.36021052 -3.36011528 -3.35998424 -3.35983180 -3.35967148 -3.35950800 -3.35936088 -3.35923131 -3.35913445 -3.35908765 -3.35907367 -3.35909822 -3.35914507 -3.35921296 -3.35928612 -3.35936639 -3.35946445
-3.35949252 -3.35959444 -3.35969756 -3.35978651 -3.35985792 -3.35990528 -3.35993427 -3.35995916 -3.35998404 -3.36002022 -3.36006719 -3.36011818 -3.36016237 -3.36017345 -3.36016346 -3.36011470 -3.36005083 -3.35995838 -3.35984012 -3.35970780 -3.35957608 -3.35944898 -3.35934351 -3.35925495 -3.35920090 -3.35917275 -3.35917556 -3.35919682 -3.35922859 -3.35927771 -3.35932847 -3.35940203
-3.35946351 -3.35953616 -3.35961796 -3.35968103 -3.35972363 -3.35974149 -3.35974408 -3.35974633 -3.35975898 -3.35979766 -3.35984467 -3.35990449 -3.35996725 -3.36000919 -3.36002246 -3.36001122 -3.35998612 -3.35993450 -3.35984943 -3.35975469 -3.35965912 -3.35956436 -3.35947663 -3.35940209 -3.35935481 -3.35931659 -3.35930097 -3.35928991 -3.35929467 -3.35931724 -3.35934498 -3.35939575
-3.35946657 -3.35951837 -3.35956786 -3.35959395 -3.35961184 -3.35959899 -3.35956333 -3.35954835 -3.35955347 -3.35958504 -3.35963925 -3.35969724 -3.35975368 -3.35982743 -3.35986944 -3.35989543 -3.35990325 -3.35988978 -3.35985114 -3.35979987 -3.35974156 -3.35968435 -3.35961947 -3.35956768 -3.35953502 -3.35948868 -3.35945768 -3.35942989 -3.35940743 -3.35939897 -3.35940404 -3.35943579
-3.35951208 -3.35952770 -3.35955637 -3.35955786 -3.35953011 -3.35948736 -3.35943272 -3.35938092 -3.35936411 -3.35938591 -3.35943841 -3.35950463 -3.35958163 -3.35965858 -3.35972973 -3.35977637 -3.35981354 -3.35984252 -3.35983933 -3.35983639 -3.35981388 -3.35979385 -3.35976313 -3.35973460 -3.35970673 -3.35967164 -3.35963979 -3.35959406 -3.35954786 -3.35950752 -3.35949483 -3.35949945
-3.35956385 -3.35956458 -3.35956980 -3.35954467 -3.35949224 -3.35942394 -3.35934511 -3.35926544 -3.35923021 -3.35923572 -3.35927357 -3.35934231 -3.35942630 -3.35951719 -3.35960316 -3.35967342 -3.35973641 -3.35979140 -3.35982544 -3.35984564 -3.35986086 -3.35986700 -3.35987012 -3.35987389 -3.35987139 -3.35984637 -3.35980996 -3.35974552 -3.35968408 -3.35962381 -3.35957854 -3.35956978
-3.35963596 -3.35962071 -3.35961299 -3.35957609 -3.35950355 -3.35941082 -3.35931039 -3.35921988 -3.35915966 -3.35914613 -3.35917664 -3.35923313 -3.35930359 -3.35940299 -3.35949370 -3.35958278 -3.35966007 -3.35974146 -3.35980057 -3.35984576 -3.35988400 -3.35991790 -3.35995713 -3.35998816 -3.36000108 -3.35998313 -3.35995090 -3.35988667 -3.35981912 -3.35973070 -3.35968072 -3.35965037
-3.35970768 -3.35970194 -3.35968750 -3.35964177 -3.35955761 -3.35944964 -3.35933522 -3.35923117 -3.35916089 -3.35912664 -3.35913410 -3.35917760 -3.35925115 -3.35933216 -3.35942921 -3.35951852 -3.35960830 -3.35968137 -3.35976510 -3.35982971 -3.35989002 -3.35995249 -3.36000463 -3.36006014 -3.36009547 -3.36009033 -3.36006063 -3.35999860 -3.35991362 -3.35983308 -3.35976964 -3.35972945
-3.35980002 -3.35979624 -3.35977291 -3.35972592 -3.35964966 -3.35953391 -3.35942039 -3.35930965 -3.35922074 -3.35917027 -3.35915505 -3.35917573 -3.35922544 -3.35930053 -3.35938792 -3.35947586 -3.35957226 -3.35964804 -3.35973261 -3.35980812 -3.35987864 -3.35995647 -3.36003235 -3.36010082 -3.36014842 -3.36015599 -3.36012801 -3.36007013 -3.35998868 -3.35991274 -3.35984925 -3.35981633
-3.35989399 -3.35989261 -3.35987593 -3.35983571 -3.35976510 -3.35965540 -3.35953913 -3.35942420 -3.35932640 -3.35926112 -3.35922757 -3.35922369 -3.35925247 -3.35930030 -3.35938216 -3.35945974 -3.35953913 -3.35962147 -3.35969263 -3.35976391 -3.35984684 -3.35993388 -3.36002242 -3.36010254 -3.36016969 -3.36019631 -3.36017191 -3.36011813 -3.36005651 -3.35998864 -3.35992686 -3.35990958
-3.35998729 -3.35999328 -3.35998306 -3.35994199 -3.35988084 -3.35978266 -3.35966785 -3.35955240 -3.35944341 -3.35937121 -3.35930872 -3.35928660 -3.35929998 -3.35932694 -3.35938288 -3.35943943 -3.35950841 -3.35958381 -3.35965310 -3.35971516 -3.35980181 -3.35989727 -3.35999798 -3.36008831 -3.36016947 -3.36021481 -3.36020792 -3.36016392 -3.36010456 -3.36005424 -3.36001106 -3.35999361
-3.36008225 -3.36009102 -3.36007818 -3.36003896 -3.35998663 -3.35989323 -3.35977960 -3.35967288 -3.35956202 -3.35946836 -3.35940127 -3.35936513 -3.35935129 -3.35935636 -3.35938170 -3.35941616 -3.35947302 -3.35953603 -3.35959916 -3.35966167 -3.35974622 -3.35984921 -3.35996263 -3.36007319 -3.36015244 -3.36020908 -3.36022956 -3.36020492 -3.36016615 -3.36012497 -3.36009546 -3.36008139
-3.36017671 -3.36017419 -3.36015385 -3.36012462 -3.36005323 -3.35996337 -3.35986506 -3.35976177 -3.35965688 -3.35955997 -3.35947991 -3.35942399 -3.35937850 -3.35935592 -3.35936473 -3.35938906 -3.35943088 -3.35947196 -3.35953597 -3.35960521 -3.35969450 -3.35980157 -3.35992994 -3.36004252 -3.36013612 -3.36021874 -3.36025636 -3.36026389 -3.36024308 -3.36020503 -3.36018410 -3.36017889
-3.36027612 -3.36026352 -3.36022940 -3.36016787 -3.36009547 -3.35999241 -3.35989552 -3.35980331 -3.35970467 -3.35961262 -3.35952427 -3.35945037 -3.35938558 -3.35934753 -3.35933330 -3.35934614 -3.35935931 -3.35940662 -3.35947112 -3.35954839 -3.35964416 -3.35976397 -3.35988657 -3.36001683 -3.36013485 -3.36022398 -3.36029044 -3.36030931 -3.36031354 -3.36030193 -3.36029537 -3.36027957
-3.36037294 -3.36033065 -3.36027149 -3.36018830 -3.36010210 -3.35999980 -3.35990190 -3.35980690 -3.35971800 -3.35962801 -3.35953456 -3.35944600 -3.35936950 -3.35931952 -3.35929262 -3.35928238 -3.35930230 -3.35933942 -3.35940556 -3.35948791 -3.35959741 -3.35972693 -3.35986130 -3.36000597 -3.36013750 -3.36024869 -3.36032895 -3.36038067 -3.36040743 -3.36040906 -3.36040585 -3.36039706
-3.36045443 -3.36039295 -3.36030306 -3.36019493 -3.36009104 -3.35998321 -3.35987738 -3.35978074 -3.35969488 -3.35961310 -3.35951092 -3.35942432 -3.35934557 -3.35928225 -3.35924288 -3.35923122 -3.35923923 -3.35929989 -3.35935808 -3.35945255 -3.35956371 -3.35968982 -3.35983840 -3.35999023 -3.36013709 -3.36027348 -3.36037716 -3.36045230 -3.36050299 -3.36051809 -3.36051866 -3.36049782
-3.36053518 -3.36043871 -3.36031772 -3.36019272 -3.36006902 -3.35994845 -3.35985497 -3.35975595 -3.35967096 -3.35959063 -3.35950214 -3.35941685 -3.35933602 -3.35927236 -3.35921688 -3.35920113 -3.35921558 -3.35925661 -3.35933972 -3.35943162 -3.35954558 -3.35967931 -3.35982274 -3.35998013 -3.36013689 -3.36029460 -3.36042273 -3.36051811 -3.36059014 -3.36062311 -3.36062296 -3.36058819
-3.36059737 -3.36048171 -3.36034132 -3.36020329 -3.36006916 -3.35994316 -3.35984432 -3.35975115 -3.35967675 -3.35960301 -3.35952359 -3.35944046 -3.35936832 -3.35929463 -3.35924314 -3.35921874 -3.35923157 -3.35926719 -3.35933662 -3.35942672 -3.35953656 -3.35967092 -3.35981027 -3.35996673 -3.36014094 -3.36029868 -3.36045173 -3.36057327 -3.36065999 -3.36070661 -3.36071232 -3.36067605
-3.36064686 -3.36052499 -3.36037344 -3.36022690 -3.36007998 -3.35996502 -3.35987807 -3.35979449 -3.35972946 -3.35966908 -3.35959515 -3.35952188 -3.35945045 -3.35937125 -3.35932318 -3.35928593 -3.35929255 -3.35931561 -3.35936385 -3.35944041 -3.35953982 -3.35965363 -3.35979086 -3.35994323 -3.36011471 -3.36029257 -3.36045410 -3.36059580 -3.36071239 -3.36076273 -3.36077374 -3.36073536
-3.36067351 -3.36055262 -3.36041761 -3.36027244 -3.36013754 -3.36003239 -3.35994568 -3.35987985 -3.35982497 -3.35977987 -3.35972738 -3.35966254 -3.35959837 -3.35952294 -3.35945498 -3.35941662 -3.35939599 -3.35939704 -3.35941856 -3.35946812 -3.35953080 -3.35962720 -3.35975250 -3.35989661 -3.36007113 -3.36025012 -3.36043265 -3.36058619 -3.36071120 -3.36078757 -3.36079614 -3.36075855
-3.36069438 -3.36059232 -3.36046895 -3.36034314 -3.36023292 -3.36014198 -3.36007926 -3.36002514 -3.35998755 -3.35995304 -3.35991425 -3.35986411 -3.35981078 -3.35973396 -3.35965659 -3.35958573 -3.35954166 -3.35950924 -3.35949829 -3.35950845 -3.35953792 -3.35959517 -3.35969769 -3.35983093 -3.36000639 -3.36018358 -3.36037024 -3.36053251 -3.36066499 -3.36075810 -3.36078446 -3.36075957
-3.36069482 -3.36062463 -3.36053584 -3.36043782 -3.36035478 -3.36028214 -3.36023651 -3.36020488 -3.36018188 -3.36016706 -3.36014301 -3.36010691 -3.36004471 -3.35997654 -3.35989370 -3.35980413 -3.35971237 -3.35964381 -3.35958090 -3.35954237 -3.35954233 -3.35956013 -3.35962298 -3.35974309 -3.35989293 -3.36006620 -3.36025613 -3.36043313 -3.36058321 -3.36068568 -3.36073888 -3.36074186
