32 32 0 1
-3.36040270 -3.36039678 -3.36035104 -3.36029379 -3.36023372 -3.36018164 -3.36014881 -3.36015003 -3.36017792 -3.36022101 -3.36026217 -3.36029386 -3.36027890 -3.36022639 -3.36012603 -3.35996581 -3.35977359 -3.35957258 -3.35937716 -3.35921441 -3.35910170 -3.35904988 -3.35905913 -3.35912995 -3.35925755 -3.35943453 -3.35962931 -3.35981801 -3.36000099 -3.36015990 -3.36028294 -3.36036915
-3.36039946 -3.36043602 -3.36045167 -3.36043493 -3.36040959 -3.36038508 -3.36037391 -3.36040484 -3.36043994 -3.36050506 -3.36055640 -3.36059689 -3.36059953 -3.36053964 -3.36042600 -3.36024615 -3.36002489 -3.35978275 -3.35954157 -3.35933715 -3.35919337 -3.35908997 -3.35906702 -3.35909415 -3.35919354 -3.35933510 -3.35950884 -3.35969509 -3.35988024 -3.36005658 -3.36019866 -3.36031996
-3.36037100 -3.36045950 -3.36051526 -3.36055425 -3.36057461 -3.36057378 -3.36058661 -3.36061473 -3.36066840 -3.36074747 -3.36080840 -3.36085040 -3.36084984 -3.36079011 -3.36066717 -3.36046612 -3.36022846 -3.35996307 -3.35969377 -3.35945538 -3.35926302 -3.35912956 -3.35906048 -3.35906327 -3.35910357 -3.35922106 -3.35936514 -3.35955007 -3.35973509 -3.35992577 -3.36009052 -3.36024600
-3.36030753 -3.36043721 -3.36053862 -3.36062442 -3.36067682 -3.36070447 -3.36073847 -3.36078985 -3.36083917 -3.36091451 -3.36098503 -3.36102057 -3.36101316 -3.36094270 -3.36080981 -3.36060623 -3.36035992 -3.36007578 -3.35980024 -3.35953213 -3.35931302 -3.35914321 -3.35903855 -3.35900251 -3.35901292 -3.35909649 -3.35922160 -3.35938110 -3.35957267 -3.35976307 -3.35995512 -3.36014118
-3.36017491 -3.36034137 -3.36048221 -3.36059745 -3.36068726 -3.36075254 -3.36079732 -3.36085853 -3.36091956 -3.36099449 -3.36104374 -3.36107371 -3.36106671 -3.36098873 -3.36085055 -3.36064928 -3.36039606 -3.36011234 -3.35982663 -3.35955094 -3.35931126 -3.35911801 -3.35898107 -3.35890711 -3.35889978 -3.35894328 -3.35904224 -3.35919231 -3.35937162 -3.35957287 -3.35977570 -3.35998588
-3.35997595 -3.36016510 -3.36033192 -3.36048684 -3.36060262 -3.36067884 -3.36075049 -3.36081297 -3.36087673 -3.36094108 -3.36099087 -3.36100780 -3.36099383 -3.36092890 -3.36078093 -3.36058723 -3.36033497 -3.36005565 -3.35976826 -3.35948473 -3.35923438 -3.35903552 -3.35887601 -3.35876978 -3.35873464 -3.35874990 -3.35883097 -3.35896834 -3.35913974 -3.35934240 -3.35956026 -3.35977330
-3.35968718 -3.35989261 -3.36008456 -3.36025250 -3.36038081 -3.36048875 -3.36058336 -3.36064540 -3.36071541 -3.36077882 -3.36081174 -3.36083533 -3.36080751 -3.36074446 -3.36060319 -3.36040838 -3.36016880 -3.35989810 -3.35961388 -3.35933676 -3.35908679 -3.35887773 -3.35870462 -3.35857535 -3.35851034 -3.35851966 -3.35858141 -3.35869982 -3.35886317 -3.35905739 -3.35925956 -3.35947197
-3.35927757 -3.35949409 -3.35970926 -3.35989186 -3.36003283 -3.36016224 -3.36026691 -3.36035021 -3.36041943 -3.36047063 -3.36050911 -3.36052213 -3.36049290 -3.36042799 -3.36030251 -3.36011266 -3.35988210 -3.35962600 -3.35935403 -3.35907959 -3.35883154 -3.35861706 -3.35843608 -3.35829503 -3.35822698 -3.35821978 -3.35826878 -3.35836640 -3.35852328 -3.35869020 -3.35887127 -3.35906071
-3.35875930 -3.35897169 -3.35918993 -3.35938284 -3.35954758 -3.35969441 -3.35981019 -3.35990195 -3.35997074 -3.36002792 -3.36007094 -3.36008574 -3.36006363 -3.35999309 -3.35986616 -3.35968841 -3.35947399 -3.35923061 -3.35896718 -3.35870310 -3.35846474 -3.35825639 -3.35807255 -3.35794285 -3.35786639 -3.35784804 -3.35788499 -3.35797392 -3.35809526 -3.35822814 -3.35839199 -3.35856363
-3.35814574 -3.35833508 -3.35854084 -3.35874179 -3.35891372 -3.35907678 -3.35920636 -3.35930017 -3.35938199 -3.35943675 -3.35947811 -3.35950877 -3.35949239 -3.35943330 -3.35931646 -3.35914110 -3.35893933 -3.35870969 -3.35846458 -3.35821398 -3.35797280 -3.35777020 -3.35759865 -3.35748351 -3.35741553 -3.35740346 -3.35743662 -3.35750170 -3.35758754 -3.35769819 -3.35782289 -3.35797260
-3.35741294 -3.35758143 -3.35777205 -3.35796954 -3.35813717 -3.35829873 -3.35843039 -3.35853667 -3.35862605 -3.35869179 -3.35874732 -3.35877347 -3.35877161 -3.35871618 -3.35861740 -3.35846079 -3.35827507 -3.35805590 -3.35782409 -3.35758901 -3.35736692 -3.35718324 -3.35703327 -3.35693117 -3.35688359 -3.35686804 -3.35689602 -3.35694042 -3.35700596 -3.35707842 -3.35716407 -3.35727455
-3.35659942 -3.35673386 -3.35689593 -3.35706894 -3.35723514 -3.35739010 -3.35751467 -3.35762742 -3.35771572 -3.35779349 -3.35786237 -3.35790398 -3.35791683 -3.35787547 -3.35779206 -3.35765070 -3.35747982 -3.35727562 -3.35706135 -3.35684372 -3.35665130 -3.35648912 -3.35637217 -3.35629624 -3.35626303 -3.35626148 -3.35628059 -3.35631311 -3.35634948 -3.35638343 -3.35642717 -3.35649612
-3.35572515 -3.35581653 -3.35594348 -3.35609199 -3.35623608 -3.35637206 -3.35650015 -3.35660700 -3.35670045 -3.35679114 -3.35686804 -3.35691938 -3.35694299 -3.35692620 -3.35685637 -3.35674263 -3.35659358 -3.35641128 -3.35620873 -3.35602448 -3.35586090 -3.35573488 -3.35564457 -3.35559504 -3.35559087 -3.35560009 -3.35562214 -3.35563321 -3.35563427 -3.35563943 -3.35564470 -3.35566758
-3.35483247 -3.35488312 -3.35496971 -3.35507505 -3.35520962 -3.35533760 -3.35544152 -3.35554780 -3.35565448 -3.35575888 -3.35584127 -3.35589767 -3.35592191 -3.35592272 -3.35587670 -3.35578728 -3.35566135 -3.35549957 -3.35533008 -3.35517810 -3.35504985 -3.35495611 -3.35489958 -3.35488808 -3.35490722 -3.35493024 -3.35494770 -3.35494417 -3.35492643 -3.35489181 -3.35485088 -3.35482976
-3.35400926 -3.35401293 -3.35406797 -3.35414696 -3.35424647 -3.35436133 -3.35446488 -3.35456559 -3.35466925 -3.35476695 -3.35485807 -3.35492898 -3.35497658 -3.35497970 -3.35495471 -3.35487952 -3.35477034 -3.35464487 -3.35450593 -3.35438318 -3.35428583 -3.35423199 -3.35421839 -3.35423669 -3.35426972 -3.35430667 -3.35433312 -3.35431520 -3.35426284 -3.35418482 -3.35411419 -3.35404575
-3.35332174 -3.35329537 -3.35332002 -3.35337908 -3.35346426 -3.35357066 -3.35367307 -3.35376711 -3.35387046 -3.35396584 -3.35404816 -3.35412639 -3.35418058 -3.35419557 -3.35418158 -3.35412403 -3.35403096 -3.35393180 -3.35382133 -3.35371954 -3.35365529 -3.35363063 -3.35365143 -3.35370044 -3.35375715 -3.35381192 -3.35383467 -3.35378912 -3.35371167 -3.35360207 -3.35348399 -3.35339157
-3.35286641 -3.35282113 -3.35283220 -3.35288415 -3.35296355 -3.35306321 -3.35316302 -3.35326157 -3.35335729 -3.35344292 -3.35353128 -3.35359273 -3.35363044 -3.35365476 -3.35364226 -3.35360190 -3.35352382 -3.35344456 -3.35335531 -3.35328064 -3.35323839 -3.35324053 -3.35329518 -3.35336366 -3.35344038 -3.35349285 -3.35350735 -3.35345331 -3.35335886 -3.35320862 -3.35307338 -3.35295214
-3.35270178 -3.35266893 -3.35268073 -3.35273880 -3.35281601 -3.35291182 -3.35300927 -3.35311266 -3.35320777 -3.35327932 -3.35334417 -3.35339139 -3.35342770 -3.35342891 -3.35342146 -3.35337829 -3.35331379 -3.35323006 -3.35316545 -3.35311330 -3.35309843 -3.35312229 -3.35318638 -3.35327361 -3.35336100 -3.35341633 -3.35341778 -3.35335045 -3.35322866 -3.35307845 -3.35292817 -3.35279245
-3.35287626 -3.35285465 -3.35287111 -3.35294498 -3.35304203 -3.35314173 -3.35324655 -3.35334307 -3.35342153 -3.35347345 -3.35350783 -3.35352926 -3.35353892 -3.35353250 -3.35351166 -3.35346878 -3.35340871 -3.35333773 -3.35327903 -3.35324056 -3.35323956 -3.35327795 -3.35336034 -3.35345425 -3.35354007 -3.35359456 -3.35357729 -3.35350123 -3.35337224 -3.35322576 -3.35307389 -3.35294887
-3.35335821 -3.35335869 -3.35339942 -3.35349091 -3.35360129 -3.35371028 -3.35381544 -3.35389893 -3.35395693 -3.35398836 -3.35399664 -3.35398256 -3.35396380 -3.35392591 -3.35390220 -3.35385179 -3.35378094 -3.35371761 -3.35365827 -3.35362306 -3.35363478 -3.35368516 -3.35377563 -3.35387542 -3.35396752 -3.35401433 -3.35399035 -3.35390323 -3.35378782 -3.35365244 -3.35350810 -3.35341113
-3.35409314 -3.35412826 -3.35419756 -3.35429392 -3.35441802 -3.35452497 -3.35462178 -3.35469270 -3.35471942 -3.35472805 -3.35469671 -3.35466013 -3.35461529 -3.35455234 -3.35449526 -3.35442485 -3.35435517 -3.35429609 -3.35424408 -3.35421054 -3.35422803 -3.35429325 -3.35438891 -3.35449435 -3.35458462 -3.35463444 -3.35461625 -3.35452814 -3.35441494 -3.35430305 -3.35419046 -3.35412042
-3.35500353 -3.35506247 -3.35514525 -3.35524363 -3.35536848 -3.35547060 -3.35554560 -3.35559965 -3.35560538 -3.35557751 -3.35552551 -3.35546104 -3.35538095 -3.35529827 -3.35521254 -3.35512713 -3.35505725 -3.35499093 -3.35494229 -3.35491488 -3.35494082 -3.35501411 -3.35511932 -3.35523395 -3.35531515 -3.35536809 -3.35536221 -3.35529587 -3.35520780 -3.35511361 -3.35503321 -3.35499451
-3.35598499 -3.35604711 -3.35613099 -3.35623939 -3.35633090 -3.35641946 -3.35647472 -3.35650239 -3.35649283 -3.35644587 -3.35636921 -3.35627416 -3.35616450 -3.35605167 -3.35595998 -3.35586624 -3.35578699 -3.35571501 -3.35566938 -3.35565616 -3.35569390 -3.35577483 -3.35588530 -3.35600545 -3.35609234 -3.35616082 -3.35616802 -3.35613964 -3.35607809 -3.35600676 -3.35596165 -3.35595268
-3.35695018 -3.35701552 -3.35708534 -3.35716009 -3.35722369 -3.35727100 -3.35730700 -3.35731544 -3.35728240 -3.35722418 -3.35712716 -3.35701063 -3.35688003 -3.35676242 -3.35665521 -3.35655542 -3.35646553 -3.35640255 -3.35636629 -3.35637072 -3.35641193 -3.35650374 -3.35661471 -3.35673908 -3.35685100 -3.35693036 -3.35697080 -3.35695730 -3.35693279 -3.35691368 -3.35689898 -3.35690672
-3.35783853 -3.35787409 -3.35791835 -3.35794829 -3.35797931 -3.35799569 -3.35799509 -3.35797452 -3.35792547 -3.35785387 -3.35775086 -3.35762523 -3.35749525 -3.35737310 -3.35725902 -3.35715456 -3.35706941 -3.35700949 -3.35698278 -3.35698882 -3.35704483 -3.35714285 -3.35726256 -3.35739749 -3.35753421 -3.35762968 -3.35769419 -3.35772413 -3.35774704 -3.35774813 -3.35776698 -3.35779700
-3.35858042 -3.35859706 -3.35859673 -3.35857960 -3.35857190 -3.35854722 -3.35850809 -3.35846154 -3.35840541 -3.35832813 -3.35821891 -3.35810620 -3.35798676 -3.35786162 -3.35774932 -3.35765080 -3.35756773 -3.35752755 -3.35749797 -3.35751355 -3.35757241 -3.35767322 -3.35780108 -3.35794514 -3.35809130 -3.35822506 -3.35832135 -3.35839918 -3.35845163 -3.35848591 -3.35852602 -3.35855819
-3.35918340 -3.35916145 -3.35910911 -3.35905890 -3.35899905 -3.35893574 -3.35887807 -3.35881027 -3.35874782 -3.35867876 -3.35858019 -3.35847752 -3.35836826 -3.35826288 -3.35814633 -3.35805328 -3.35798755 -3.35793049 -3.35792797 -3.35793733 -3.35799633 -3.35809356 -3.35822413 -3.35838216 -3.35853600 -3.35869938 -3.35883496 -3.35894499 -3.35903317 -3.35909728 -3.35914708 -3.35917169
-3.35964300 -3.35958589 -3.35950585 -3.35940775 -3.35930855 -3.35921199 -3.35913579 -3.35906287 -3.35900302 -3.35894032 -3.35886812 -3.35878675 -3.35869917 -3.35859794 -3.35849836 -3.35840260 -3.35833587 -3.35828508 -3.35826666 -3.35827195 -3.35832057 -3.35842101 -3.35854769 -3.35870060 -3.35887924 -3.35905443 -3.35922550 -3.35936767 -3.35948730 -3.35957107 -3.35962662 -3.35965345
-3.35996743 -3.35989359 -3.35978348 -3.35965938 -3.35952579 -3.35941615 -3.35933933 -3.35926638 -3.35921607 -3.35916706 -3.35911385 -3.35905672 -3.35899095 -3.35889826 -3.35881139 -3.35871774 -3.35864714 -3.35859028 -3.35854632 -3.35854313 -3.35857741 -3.35866041 -3.35878286 -3.35892898 -3.35911153 -3.35930200 -3.35948768 -3.35965910 -3.35981097 -3.35990722 -3.35997161 -3.35999623
-3.36017282 -3.36009169 -3.35997965 -3.35984116 -3.35970809 -3.35959608 -3.35950891 -3.35945200 -3.35941202 -3.35938995 -3.35936909 -3.35933338 -3.35928761 -3.35921112 -3.35911659 -3.35902773 -3.35893216 -3.35884783 -3.35878050 -3.35874992 -3.35875708 -3.35880726 -3.35891907 -3.35905559 -3.35924623 -3.35944716 -3.35964942 -3.35983758 -3.35999969 -3.36012444 -3.36018348 -3.36020148
-3.36030353 -3.36023149 -3.36012118 -3.35999816 -3.35987761 -3.35977247 -3.35970286 -3.35965216 -3.35963787 -3.35963604 -3.35964139 -3.35963124 -3.35961089 -3.35954489 -3.35945305 -3.35933446 -3.35921982 -3.35910331 -3.35899785 -3.35892457 -3.35889885 -3.35891913 -3.35899984 -3.35912912 -3.35931694 -3.35951151 -3.35972386 -3.35991010 -3.36007865 -3.36021778 -3.36029338 -3.36032155
-3.36036843 -3.36032849 -3.36024850 -3.36015091 -3.36005390 -3.35996279 -3.35991202 -3.35989023 -3.35989513 -3.35992272 -3.35994614 -3.35995879 -3.35994051 -3.35988709 -3.35979583 -3.35965893 -3.35949856 -3.35934930 -3.35919685 -3.35907957 -3.35901407 -3.35899847 -3.35904195 -3.35915727 -3.35931126 -3.35949583 -3.35969808 -3.35989739 -3.36007810 -3.36021992 -3.36032142 -3.36037479
