32 32 0 1
-3.36064194 -3.36053115 -3.36038173 -3.36022732 -3.36007382 -3.35993556 -3.35981873 -3.35974695 -3.35971666 -3.35972003 -3.35975214 -3.35979659 -3.35982223 -3.35982871 -3.35980896 -3.35973609 -3.35963241 -3.35951627 -3.35940173 -3.35931752 -3.35927750 -3.35930212 -3.35939214 -3.35953847 -3.35973815 -3.35997216 -3.36020299 -3.36040050 -3.36056353 -3.36067165 -3.36071838 -3.36071110
-3.36062831 -3.36055993 -3.36048069 -3.36037554 -3.36026963 -3.36016865 -3.36008138 -3.36005014 -3.36003077 -3.36005644 -3.36008701 -3.36013186 -3.36016445 -3.36014889 -3.36009390 -3.35998335 -3.35983272 -3.35965713 -3.35948385 -3.35934875 -3.35927771 -3.35925266 -3.35931211 -3.35942254 -3.35960184 -3.35980948 -3.36003015 -3.36023523 -3.36040811 -3.36054115 -3.36061247 -3.36064346
-3.36059982 -3.36059198 -3.36055422 -3.36050892 -3.36045469 -3.36038577 -3.36033561 -3.36030816 -3.36031256 -3.36035044 -3.36038801 -3.36042546 -3.36043737 -3.36040603 -3.36032345 -3.36017101 -3.35998671 -3.35977642 -3.35956806 -3.35939134 -3.35927116 -3.35921755 -3.35923381 -3.35932596 -3.35945355 -3.35964904 -3.35985304 -3.36006738 -3.36024852 -3.36040346 -3.36050122 -3.36056988
-3.36055335 -3.36058987 -3.36059905 -3.36059919 -3.36058427 -3.36054837 -3.36052808 -3.36052921 -3.36053405 -3.36056479 -3.36060749 -3.36063050 -3.36062488 -3.36056526 -3.36045431 -3.36028184 -3.36007525 -3.35983527 -3.35960846 -3.35940030 -3.35925268 -3.35916745 -3.35915228 -3.35921622 -3.35932303 -3.35948983 -3.35968591 -3.35988120 -3.36007937 -3.36024399 -3.36037981 -3.36048244
-3.36045891 -3.36053559 -3.36058589 -3.36061877 -3.36063763 -3.36064309 -3.36063363 -3.36064685 -3.36066197 -3.36069538 -3.36071046 -3.36072462 -3.36070235 -3.36062176 -3.36048843 -3.36030429 -3.36007661 -3.35982809 -3.35958671 -3.35936971 -3.35920184 -3.35910068 -3.35906133 -3.35909141 -3.35918047 -3.35931334 -3.35948649 -3.35968313 -3.35988017 -3.36006151 -3.36021821 -3.36035685
-3.36029796 -3.36040416 -3.36048812 -3.36056396 -3.36061161 -3.36063017 -3.36064654 -3.36065588 -3.36067042 -3.36069004 -3.36070001 -3.36069189 -3.36065452 -3.36056734 -3.36041254 -3.36022737 -3.35998519 -3.35973533 -3.35949031 -3.35926910 -3.35909793 -3.35898736 -3.35893157 -3.35893424 -3.35900135 -3.35911286 -3.35926630 -3.35945154 -3.35964994 -3.35984407 -3.36002458 -3.36017673
-3.36004151 -3.36017783 -3.36029043 -3.36038482 -3.36044769 -3.36049464 -3.36053247 -3.36054082 -3.36055331 -3.36056659 -3.36056185 -3.36054661 -3.36048358 -3.36038632 -3.36022888 -3.36002831 -3.35979558 -3.35954253 -3.35930691 -3.35909806 -3.35891889 -3.35879970 -3.35873146 -3.35871313 -3.35875506 -3.35885892 -3.35899401 -3.35917061 -3.35936110 -3.35955341 -3.35972603 -3.35989005
-3.35964636 -3.35979749 -3.35994796 -3.36006957 -3.36014942 -3.36021698 -3.36026206 -3.36029041 -3.36030253 -3.36030230 -3.36028742 -3.36025835 -3.36018321 -3.36007487 -3.35992129 -3.35971296 -3.35948671 -3.35924911 -3.35901798 -3.35880712 -3.35863400 -3.35851243 -3.35843242 -3.35839775 -3.35842724 -3.35851112 -3.35863619 -3.35878962 -3.35897653 -3.35914888 -3.35931861 -3.35947972
-3.35909838 -3.35927026 -3.35943939 -3.35957738 -3.35968674 -3.35977681 -3.35982922 -3.35985525 -3.35987387 -3.35987460 -3.35986172 -3.35982172 -3.35974845 -3.35963074 -3.35947125 -3.35927557 -3.35905044 -3.35882508 -3.35859492 -3.35838611 -3.35822328 -3.35810371 -3.35801452 -3.35798271 -3.35799432 -3.35805966 -3.35816851 -3.35830649 -3.35846744 -3.35862036 -3.35877842 -3.35893470
-3.35842419 -3.35859735 -3.35877156 -3.35893008 -3.35905466 -3.35915418 -3.35922316 -3.35926323 -3.35927563 -3.35927921 -3.35926776 -3.35923915 -3.35916316 -3.35906031 -3.35890166 -3.35870021 -3.35848873 -3.35826144 -3.35804583 -3.35784647 -3.35768185 -3.35755518 -3.35746901 -3.35743178 -3.35744441 -3.35750888 -3.35759977 -3.35771331 -3.35783551 -3.35796939 -3.35811161 -3.35825847
-3.35760384 -3.35777468 -3.35795450 -3.35812607 -3.35825011 -3.35835946 -3.35841790 -3.35846347 -3.35850034 -3.35851185 -3.35851166 -3.35848669 -3.35843358 -3.35833307 -3.35818799 -3.35799670 -3.35779115 -3.35757423 -3.35736142 -3.35716808 -3.35700398 -3.35689166 -3.35681169 -3.35677408 -3.35679285 -3.35683156 -3.35691023 -3.35700016 -3.35709869 -3.35720611 -3.35731904 -3.35744811
-3.35668404 -3.35684274 -3.35701616 -3.35717504 -3.35730430 -3.35740371 -3.35746062 -3.35750861 -3.35754630 -3.35757560 -3.35759001 -3.35758769 -3.35755927 -3.35746810 -3.35734635 -3.35716026 -3.35696739 -3.35675631 -3.35655083 -3.35636499 -3.35621623 -3.35610562 -3.35604365 -3.35601477 -3.35602509 -3.35606800 -3.35612696 -3.35619364 -3.35626575 -3.35634704 -3.35643258 -3.35654463
-3.35570353 -3.35583942 -3.35599113 -3.35613929 -3.35624681 -3.35632666 -3.35638754 -3.35643006 -3.35647098 -3.35651417 -3.35654931 -3.35656905 -3.35655882 -3.35650320 -3.35639665 -3.35624650 -3.35605910 -3.35586446 -3.35565893 -3.35548941 -3.35535258 -3.35525936 -3.35520170 -3.35517853 -3.35520705 -3.35524351 -3.35529460 -3.35533750 -3.35538241 -3.35543944 -3.35550358 -3.35558602
-3.35472290 -3.35483648 -3.35495427 -3.35506481 -3.35516092 -3.35522217 -3.35526050 -3.35530232 -3.35535111 -3.35541189 -3.35547069 -3.35551046 -3.35551476 -3.35549510 -3.35541107 -3.35528601 -3.35512274 -3.35493634 -3.35475311 -3.35459674 -3.35447458 -3.35438899 -3.35434261 -3.35434486 -3.35438106 -3.35441833 -3.35446299 -3.35449326 -3.35452607 -3.35455266 -3.35458077 -3.35463930
-3.35383228 -3.35390466 -3.35400007 -3.35407713 -3.35413695 -3.35418177 -3.35420679 -3.35423864 -3.35428660 -3.35435216 -3.35443533 -3.35450686 -3.35455017 -3.35454692 -3.35449574 -3.35439046 -3.35424242 -3.35408356 -3.35391428 -3.35377197 -3.35365884 -3.35359323 -3.35356591 -3.35357769 -3.35362182 -3.35366832 -3.35371448 -3.35373770 -3.35374323 -3.35374138 -3.35374977 -3.35377765
-3.35309657 -3.35314485 -3.35320785 -3.35325991 -3.35329375 -3.35332281 -3.35333908 -3.35335660 -3.35340935 -3.35347884 -3.35356713 -3.35366717 -3.35373878 -3.35376458 -3.35373503 -3.35365486 -3.35352914 -3.35338712 -3.35323741 -3.35309699 -3.35299570 -3.35294373 -3.35293170 -3.35296994 -3.35302132 -3.35307885 -3.35312630 -3.35312910 -3.35311930 -3.35309423 -3.35306369 -3.35307136
-3.35262574 -3.35264641 -3.35268720 -3.35271607 -3.35272965 -3.35274288 -3.35274911 -3.35276640 -3.35281044 -3.35288337 -3.35299225 -3.35309287 -3.35317206 -3.35322611 -3.35321986 -3.35316168 -3.35305411 -3.35293018 -3.35278987 -3.35266546 -3.35257078 -3.35253035 -3.35254189 -3.35259301 -3.35265904 -3.35271765 -3.35276109 -3.35276581 -3.35273843 -3.35267526 -3.35264080 -3.35261849
-3.35245548 -3.35247536 -3.35249868 -3.35251572 -3.35251516 -3.35251457 -3.35251639 -3.35253183 -3.35258168 -3.35264971 -3.35274678 -3.35285759 -3.35294950 -3.35300282 -3.35301907 -3.35297276 -3.35288764 -3.35275846 -3.35264030 -3.35252890 -3.35245251 -3.35242954 -3.35244421 -3.35250556 -3.35258115 -3.35265019 -3.35268924 -3.35268420 -3.35263328 -3.35256801 -3.35250598 -3.35246607
-3.35263305 -3.35263672 -3.35264278 -3.35265877 -3.35266764 -3.35266020 -3.35266233 -3.35268155 -3.35272276 -3.35277712 -3.35285987 -3.35295943 -3.35304624 -3.35310592 -3.35312960 -3.35309775 -3.35302849 -3.35291960 -3.35281102 -3.35270818 -3.35264665 -3.35263414 -3.35267296 -3.35273772 -3.35281645 -3.35288951 -3.35291434 -3.35289856 -3.35284240 -3.35276988 -3.35269677 -3.35264706
-3.35312272 -3.35311857 -3.35312297 -3.35314150 -3.35315353 -3.35314804 -3.35315069 -3.35315784 -3.35318560 -3.35323420 -3.35330023 -3.35338030 -3.35345582 -3.35350256 -3.35353579 -3.35351687 -3.35344934 -3.35336101 -3.35325854 -3.35316741 -3.35312784 -3.35313242 -3.35317814 -3.35325884 -3.35334890 -3.35341929 -3.35343833 -3.35340628 -3.35335202 -3.35327445 -3.35319457 -3.35314622
-3.35387142 -3.35386955 -3.35387454 -3.35388417 -3.35389765 -3.35389363 -3.35388619 -3.35388821 -3.35389350 -3.35392882 -3.35397047 -3.35403774 -3.35410262 -3.35413375 -3.35415189 -3.35412964 -3.35407838 -3.35400868 -3.35393130 -3.35385650 -3.35383340 -3.35386014 -3.35391956 -3.35401431 -3.35411012 -3.35418487 -3.35420592 -3.35416658 -3.35409842 -3.35402547 -3.35394530 -3.35389905
-3.35480247 -3.35480198 -3.35479657 -3.35478964 -3.35479717 -3.35478374 -3.35476049 -3.35475015 -3.35474141 -3.35475067 -3.35478085 -3.35482639 -3.35486341 -3.35488807 -3.35489213 -3.35487022 -3.35483909 -3.35478480 -3.35472577 -3.35467933 -3.35467793 -3.35472764 -3.35480829 -3.35492314 -3.35501538 -3.35508720 -3.35511759 -3.35508591 -3.35502148 -3.35494848 -3.35487603 -3.35483221
-3.35582132 -3.35579673 -3.35577564 -3.35576864 -3.35573547 -3.35570669 -3.35566843 -3.35563816 -3.35561709 -3.35561070 -3.35561553 -3.35563164 -3.35564444 -3.35565043 -3.35565602 -3.35564890 -3.35562906 -3.35559126 -3.35555618 -3.35554866 -3.35557749 -3.35564518 -3.35575466 -3.35587205 -3.35598030 -3.35606844 -3.35609833 -3.35608811 -3.35603672 -3.35596088 -3.35589746 -3.35585223
-3.35683949 -3.35680478 -3.35675750 -3.35669880 -3.35663528 -3.35656684 -3.35650588 -3.35645587 -3.35641212 -3.35639149 -3.35637559 -3.35636762 -3.35636315 -3.35636812 -3.35637542 -3.35637647 -3.35636298 -3.35634938 -3.35636150 -3.35638575 -3.35643901 -3.35653549 -3.35665810 -3.35679661 -3.35692457 -3.35702368 -3.35707731 -3.35706982 -3.35703810 -3.35699010 -3.35693774 -3.35687668
-3.35779976 -3.35772333 -3.35763841 -3.35753461 -3.35743333 -3.35732086 -3.35722381 -3.35713868 -3.35707634 -3.35703497 -3.35700761 -3.35698220 -3.35697698 -3.35698485 -3.35699421 -3.35700065 -3.35701681 -3.35703065 -3.35706251 -3.35711790 -3.35720453 -3.35732738 -3.35746964 -3.35762967 -3.35778236 -3.35789784 -3.35796770 -3.35799269 -3.35799043 -3.35795731 -3.35791412 -3.35785909
-3.35862941 -3.35851986 -3.35839146 -3.35823542 -3.35808086 -3.35792595 -3.35778514 -3.35767177 -3.35759192 -3.35753741 -3.35748422 -3.35746926 -3.35746197 -3.35747082 -3.35749273 -3.35751807 -3.35754786 -3.35760598 -3.35765826 -3.35773421 -3.35784738 -3.35798625 -3.35814801 -3.35832596 -3.35849686 -3.35864350 -3.35874066 -3.35880353 -3.35882800 -3.35881346 -3.35878002 -3.35871147
-3.35931865 -3.35917187 -3.35898313 -3.35878759 -3.35858085 -3.35838445 -3.35821349 -3.35807145 -3.35797079 -3.35790745 -3.35786214 -3.35784743 -3.35784533 -3.35787213 -3.35788879 -3.35793259 -3.35799199 -3.35804981 -3.35814190 -3.35823286 -3.35835705 -3.35851341 -3.35868282 -3.35888018 -3.35906808 -3.35924619 -3.35937656 -3.35947176 -3.35952198 -3.35952665 -3.35949331 -3.35942316
-3.35985105 -3.35966351 -3.35944335 -3.35920509 -3.35896049 -3.35873183 -3.35854070 -3.35837597 -3.35827000 -3.35820253 -3.35816141 -3.35814953 -3.35817054 -3.35819955 -3.35823777 -3.35828546 -3.35834911 -3.35841658 -3.35850687 -3.35860550 -3.35873367 -3.35889896 -3.35907851 -3.35927761 -3.35949203 -3.35968647 -3.35985552 -3.35997563 -3.36005331 -3.36007519 -3.36005128 -3.35997816
-3.36021754 -3.36001466 -3.35977375 -3.35950705 -3.35923852 -3.35900197 -3.35880521 -3.35864147 -3.35853274 -3.35846328 -3.35842684 -3.35843192 -3.35846850 -3.35849735 -3.35854599 -3.35859072 -3.35865276 -3.35871776 -3.35878418 -3.35887848 -3.35899451 -3.35914834 -3.35933642 -3.35953831 -3.35976391 -3.35997477 -3.36016664 -3.36032078 -3.36043036 -3.36046465 -3.36044071 -3.36036372
-3.36044318 -3.36023987 -3.36000282 -3.35973461 -3.35947031 -3.35923465 -3.35903722 -3.35888423 -3.35878213 -3.35873169 -3.35872313 -3.35873250 -3.35877343 -3.35880757 -3.35883974 -3.35888574 -3.35891829 -3.35895402 -3.35899428 -3.35906211 -3.35915460 -3.35928191 -3.35945990 -3.35965500 -3.35989511 -3.36012882 -3.36034162 -3.36051310 -3.36063971 -3.36070014 -3.36067385 -3.36058734
-3.36057502 -3.36038730 -3.36015806 -3.35991744 -3.35967779 -3.35946026 -3.35928700 -3.35914431 -3.35906338 -3.35902836 -3.35903209 -3.35905934 -3.35910619 -3.35914028 -3.35916195 -3.35916484 -3.35917042 -3.35916339 -3.35916720 -3.35918748 -3.35924210 -3.35934300 -3.35949499 -3.35969160 -3.35992822 -3.36016678 -3.36039589 -3.36057571 -3.36070655 -3.36078582 -3.36077771 -3.36070616
-3.36062576 -3.36047530 -3.36028459 -3.36007969 -3.35987841 -3.35968976 -3.35954462 -3.35943790 -3.35937932 -3.35936713 -3.35938463 -3.35942331 -3.35945821 -3.35948661 -3.35949644 -3.35946531 -3.35940831 -3.35935657 -3.35929578 -3.35926624 -3.35928124 -3.35934018 -3.35946222 -3.35965271 -3.35986709 -3.36009758 -3.36032767 -3.36052572 -3.36067498 -3.36076236 -3.36078506 -3.36074379
