32 32 0 1
-3.36033897 -3.36031820 -3.36026352 -3.36020261 -3.36013660 -3.36008268 -3.36005102 -3.36005413 -3.36008768 -3.36013513 -3.36018664 -3.36022544 -3.36021800 -3.36017467 -3.36008927 -3.35994573 -3.35976510 -3.35957269 -3.35938024 -3.35921846 -3.35910810 -3.35906221 -3.35907886 -3.35915864 -3.35929321 -3.35947147 -3.35966167 -3.35983624 -3.36000479 -3.36014782 -3.36025285 -3.36032243
-3.36037596 -3.36040234 -3.36041294 -3.36038340 -3.36034916 -3.36031328 -3.36029668 -3.36032033 -3.36035293 -3.36041856 -3.36047156 -3.36051341 -3.36051945 -3.36046319 -3.36035915 -3.36018433 -3.35996823 -3.35972266 -3.35947448 -3.35926109 -3.35911277 -3.35900990 -3.35899004 -3.35902982 -3.35914529 -3.35929724 -3.35948408 -3.35967825 -3.35986598 -3.36004290 -3.36018420 -3.36030074
-3.36039696 -3.36048173 -3.36052872 -3.36055366 -3.36055645 -3.36054026 -3.36053541 -3.36055257 -3.36059411 -3.36066277 -3.36072115 -3.36075923 -3.36075401 -3.36069423 -3.36057315 -3.36036998 -3.36012739 -3.35985157 -3.35956773 -3.35931282 -3.35911111 -3.35897429 -3.35890510 -3.35892389 -3.35898474 -3.35913041 -3.35930139 -3.35951289 -3.35971834 -3.35992766 -3.36010511 -3.36026802
-3.36039035 -3.36051915 -3.36061052 -3.36067931 -3.36070777 -3.36071100 -3.36072482 -3.36075617 -3.36078695 -3.36084526 -3.36090455 -3.36093126 -3.36091805 -3.36084281 -3.36070275 -3.36048891 -3.36022848 -3.35992764 -3.35962747 -3.35933934 -3.35910423 -3.35893036 -3.35883293 -3.35881459 -3.35885506 -3.35897282 -3.35913858 -3.35933777 -3.35956891 -3.35978999 -3.36000872 -3.36021606
-3.36031429 -3.36048462 -3.36061498 -3.36071240 -3.36077687 -3.36081466 -3.36083235 -3.36086710 -3.36090210 -3.36095039 -3.36098602 -3.36100388 -3.36098459 -3.36089518 -3.36074390 -3.36052863 -3.36025381 -3.35994464 -3.35963336 -3.35933461 -3.35907761 -3.35887988 -3.35875302 -3.35869939 -3.35872496 -3.35880777 -3.35895955 -3.35915809 -3.35938848 -3.35963016 -3.35987059 -3.36010960
-3.36016213 -3.36036135 -3.36052246 -3.36065694 -3.36075010 -3.36079830 -3.36083828 -3.36086799 -3.36090381 -3.36094197 -3.36096977 -3.36096983 -3.36094127 -3.36085811 -3.36068828 -3.36047150 -3.36018906 -3.35988223 -3.35956702 -3.35926242 -3.35899792 -3.35879685 -3.35865189 -3.35857196 -3.35857114 -3.35863194 -3.35876855 -3.35895677 -3.35918212 -3.35943486 -3.35969248 -3.35993583
-3.35990436 -3.36012638 -3.36031214 -3.36046780 -3.36057143 -3.36065151 -3.36071778 -3.36074935 -3.36079000 -3.36082434 -3.36083873 -3.36084531 -3.36079721 -3.36070414 -3.36053865 -3.36031477 -3.36003710 -3.35972679 -3.35941950 -3.35912618 -3.35886145 -3.35865770 -3.35849856 -3.35840061 -3.35837460 -3.35842973 -3.35854243 -3.35871199 -3.35892560 -3.35916586 -3.35941445 -3.35966301
-3.35950114 -3.35972974 -3.35995109 -3.36012788 -3.36025432 -3.36036266 -3.36043687 -3.36049585 -3.36054028 -3.36057014 -3.36058523 -3.36057709 -3.36051831 -3.36042188 -3.36026621 -3.36003605 -3.35976856 -3.35947690 -3.35918150 -3.35888951 -3.35863280 -3.35842827 -3.35826798 -3.35816258 -3.35812831 -3.35815803 -3.35825100 -3.35839520 -3.35859500 -3.35880739 -3.35902860 -3.35925806
-3.35895811 -3.35919347 -3.35941889 -3.35961754 -3.35977910 -3.35991248 -3.36001294 -3.36008309 -3.36013544 -3.36017482 -3.36019449 -3.36018227 -3.36012684 -3.36002059 -3.35985759 -3.35963692 -3.35937937 -3.35910756 -3.35881686 -3.35854042 -3.35830212 -3.35810986 -3.35794681 -3.35784246 -3.35779298 -3.35780887 -3.35788048 -3.35799754 -3.35815702 -3.35832694 -3.35853181 -3.35873498
-3.35829328 -3.35851231 -3.35873632 -3.35894821 -3.35912694 -3.35928822 -3.35941351 -3.35950567 -3.35957645 -3.35961927 -3.35964520 -3.35964380 -3.35959206 -3.35949213 -3.35932545 -3.35910822 -3.35886731 -3.35860214 -3.35833299 -3.35807318 -3.35784009 -3.35765050 -3.35749382 -3.35739979 -3.35734857 -3.35736636 -3.35741725 -3.35750373 -3.35761280 -3.35775183 -3.35790889 -3.35808972
-3.35747687 -3.35767441 -3.35789734 -3.35811667 -3.35830171 -3.35847986 -3.35861904 -3.35873711 -3.35883373 -3.35889551 -3.35894014 -3.35894347 -3.35890192 -3.35879959 -3.35865207 -3.35844142 -3.35821234 -3.35795523 -3.35769873 -3.35745649 -3.35723586 -3.35706125 -3.35692297 -3.35683297 -3.35680408 -3.35680003 -3.35683849 -3.35689174 -3.35697114 -3.35706089 -3.35716668 -3.35730775
-3.35655235 -3.35672098 -3.35692320 -3.35712817 -3.35732600 -3.35751341 -3.35766752 -3.35780615 -3.35792178 -3.35800742 -3.35807268 -3.35809559 -3.35806951 -3.35797681 -3.35783805 -3.35763392 -3.35740677 -3.35716324 -3.35692138 -3.35668752 -3.35648869 -3.35632903 -3.35621514 -3.35614866 -3.35612356 -3.35612629 -3.35615200 -3.35618264 -3.35622466 -3.35626899 -3.35632591 -3.35642138
-3.35555090 -3.35567840 -3.35584730 -3.35603986 -3.35623390 -3.35641656 -3.35659115 -3.35674896 -3.35688385 -3.35699879 -3.35707801 -3.35711837 -3.35710952 -3.35703481 -3.35690287 -3.35672108 -3.35650014 -3.35626661 -3.35602345 -3.35580996 -3.35562652 -3.35549392 -3.35540798 -3.35536264 -3.35536006 -3.35537313 -3.35539608 -3.35540526 -3.35540452 -3.35541368 -3.35542485 -3.35546601
-3.35453098 -3.35461555 -3.35474388 -3.35490662 -3.35509598 -3.35528646 -3.35545789 -3.35563457 -3.35579636 -3.35593934 -3.35604086 -3.35609133 -3.35608046 -3.35603063 -3.35590580 -3.35573712 -3.35552835 -3.35529666 -3.35506909 -3.35487404 -3.35471001 -3.35460049 -3.35454154 -3.35453619 -3.35456375 -3.35458863 -3.35461196 -3.35460992 -3.35458824 -3.35455066 -3.35451419 -3.35450429
-3.35359195 -3.35361593 -3.35371710 -3.35385698 -3.35402091 -3.35420717 -3.35439650 -3.35457775 -3.35475118 -3.35490921 -3.35503319 -3.35510659 -3.35511926 -3.35506720 -3.35495379 -3.35478821 -3.35458341 -3.35436826 -3.35415129 -3.35396724 -3.35382023 -3.35374387 -3.35372149 -3.35374527 -3.35379901 -3.35385110 -3.35388826 -3.35387829 -3.35382669 -3.35374510 -3.35367176 -3.35361157
-3.35280381 -3.35279954 -3.35286462 -3.35298130 -3.35313378 -3.35331968 -3.35351477 -3.35370046 -3.35388632 -3.35404901 -3.35417823 -3.35426413 -3.35428841 -3.35424595 -3.35414057 -3.35397917 -3.35377938 -3.35356993 -3.35336506 -3.35318215 -3.35305796 -3.35300256 -3.35301686 -3.35308352 -3.35317270 -3.35325344 -3.35330238 -3.35327782 -3.35320582 -3.35308762 -3.35296340 -3.35286462
-3.35229228 -3.35225883 -3.35230354 -3.35240433 -3.35254669 -3.35272726 -3.35292167 -3.35311683 -3.35330135 -3.35346296 -3.35360004 -3.35367424 -3.35369046 -3.35365629 -3.35355248 -3.35340130 -3.35320486 -3.35300459 -3.35280372 -3.35263910 -3.35253285 -3.35249911 -3.35255356 -3.35265256 -3.35277229 -3.35286755 -3.35292256 -3.35290169 -3.35281551 -3.35266067 -3.35251238 -3.35237881
-3.35210622 -3.35207352 -3.35211074 -3.35220390 -3.35233850 -3.35251261 -3.35269973 -3.35289453 -3.35307724 -3.35322444 -3.35334028 -3.35341045 -3.35342801 -3.35337609 -3.35328386 -3.35313000 -3.35294754 -3.35273713 -3.35255678 -3.35240875 -3.35233094 -3.35232176 -3.35238953 -3.35251534 -3.35265869 -3.35277247 -3.35282633 -3.35280261 -3.35269336 -3.35253809 -3.35236782 -3.35221310
-3.35230175 -3.35226750 -3.35229362 -3.35239041 -3.35253205 -3.35269717 -3.35288095 -3.35306091 -3.35322368 -3.35334415 -3.35343541 -3.35348326 -3.35348165 -3.35342998 -3.35333450 -3.35319382 -3.35302227 -3.35283214 -3.35265836 -3.35252852 -3.35246762 -3.35248016 -3.35257604 -3.35271616 -3.35286567 -3.35298998 -3.35303559 -3.35300209 -3.35288495 -3.35273107 -3.35255364 -3.35240056
-3.35283683 -3.35280586 -3.35284140 -3.35294819 -3.35308711 -3.35324683 -3.35341390 -3.35357204 -3.35370127 -3.35379936 -3.35386271 -3.35388045 -3.35386246 -3.35379349 -3.35370991 -3.35357549 -3.35340791 -3.35324074 -3.35308292 -3.35296667 -3.35293007 -3.35296210 -3.35307034 -3.35321826 -3.35337853 -3.35349469 -3.35353403 -3.35349005 -3.35338419 -3.35323323 -3.35305673 -3.35292721
-3.35364323 -3.35363552 -3.35368220 -3.35378406 -3.35392037 -3.35405973 -3.35420392 -3.35433514 -3.35442693 -3.35450003 -3.35451998 -3.35451837 -3.35448626 -3.35440993 -3.35431368 -3.35418465 -3.35403847 -3.35389785 -3.35376657 -3.35366907 -3.35364752 -3.35370124 -3.35381801 -3.35397067 -3.35412584 -3.35424185 -3.35428000 -3.35422472 -3.35411306 -3.35397877 -3.35382718 -3.35371586
-3.35462846 -3.35463871 -3.35468987 -3.35477478 -3.35490417 -3.35502471 -3.35513760 -3.35523528 -3.35529751 -3.35532769 -3.35533033 -3.35530716 -3.35525123 -3.35516901 -3.35506983 -3.35494932 -3.35482943 -3.35470483 -3.35459567 -3.35452511 -3.35452270 -3.35459251 -3.35471971 -3.35487927 -3.35501959 -3.35512338 -3.35516001 -3.35511690 -3.35501949 -3.35489079 -3.35476914 -3.35467538
-3.35568445 -3.35569420 -3.35573968 -3.35582292 -3.35591172 -3.35600527 -3.35608935 -3.35615492 -3.35618754 -3.35619626 -3.35617204 -3.35612541 -3.35605343 -3.35595966 -3.35587064 -3.35576691 -3.35566436 -3.35555740 -3.35547505 -3.35543682 -3.35545680 -3.35554256 -3.35567823 -3.35583053 -3.35596528 -3.35607399 -3.35610513 -3.35607896 -3.35599570 -3.35587808 -3.35578229 -3.35571170
-3.35671667 -3.35672792 -3.35675585 -3.35680098 -3.35685669 -3.35690642 -3.35695584 -3.35699681 -3.35700241 -3.35699517 -3.35695252 -3.35688541 -3.35679843 -3.35671726 -3.35662738 -3.35653842 -3.35644392 -3.35636728 -3.35632241 -3.35631454 -3.35635080 -3.35645146 -3.35658650 -3.35673956 -3.35688328 -3.35698543 -3.35703025 -3.35700041 -3.35694232 -3.35686691 -3.35679315 -3.35673337
-3.35765521 -3.35764237 -3.35764321 -3.35764525 -3.35766642 -3.35767644 -3.35769096 -3.35769343 -3.35768437 -3.35766018 -3.35760451 -3.35752849 -3.35744670 -3.35736986 -3.35728684 -3.35720404 -3.35713658 -3.35708514 -3.35706098 -3.35706986 -3.35713579 -3.35724955 -3.35739009 -3.35754843 -3.35769618 -3.35780304 -3.35785721 -3.35785396 -3.35782761 -3.35776936 -3.35771791 -3.35767570
-3.35843773 -3.35840396 -3.35836842 -3.35832698 -3.35830273 -3.35827509 -3.35824739 -3.35822736 -3.35820597 -3.35817175 -3.35810364 -3.35804259 -3.35796970 -3.35789243 -3.35781849 -3.35775655 -3.35769848 -3.35768367 -3.35767321 -3.35770098 -3.35777531 -3.35789413 -3.35804434 -3.35820969 -3.35835674 -3.35848419 -3.35855642 -3.35858748 -3.35858269 -3.35854985 -3.35851566 -3.35847734
-3.35906806 -3.35899729 -3.35891584 -3.35884074 -3.35876833 -3.35870577 -3.35866281 -3.35861780 -3.35858785 -3.35854948 -3.35849323 -3.35843506 -3.35837201 -3.35830969 -3.35824086 -3.35818666 -3.35815688 -3.35813096 -3.35815467 -3.35819104 -3.35827303 -3.35839223 -3.35854010 -3.35870793 -3.35886822 -3.35901456 -3.35911354 -3.35916741 -3.35919081 -3.35918387 -3.35915629 -3.35911087
-3.35953624 -3.35943945 -3.35933379 -3.35921592 -3.35910762 -3.35901549 -3.35895711 -3.35890364 -3.35886718 -3.35883776 -3.35880021 -3.35875581 -3.35871144 -3.35865035 -3.35859612 -3.35854515 -3.35851795 -3.35849768 -3.35850801 -3.35854837 -3.35862513 -3.35874515 -3.35889461 -3.35905810 -3.35923622 -3.35938653 -3.35951716 -3.35960059 -3.35964914 -3.35965604 -3.35963962 -3.35960231
-3.35986642 -3.35975513 -3.35962180 -3.35948382 -3.35935396 -3.35925025 -3.35918444 -3.35912931 -3.35910304 -3.35908134 -3.35905881 -3.35903459 -3.35900248 -3.35894729 -3.35890014 -3.35884793 -3.35881239 -3.35878468 -3.35877429 -3.35880149 -3.35886564 -3.35897187 -3.35911653 -3.35927279 -3.35945345 -3.35961817 -3.35976505 -3.35987847 -3.35995854 -3.35998043 -3.35997321 -3.35994329
-3.36006802 -3.35996007 -3.35983203 -3.35968839 -3.35955329 -3.35944880 -3.35937438 -3.35933342 -3.35931458 -3.35931317 -3.35931740 -3.35930449 -3.35928739 -3.35924530 -3.35918220 -3.35912710 -3.35906671 -3.35901669 -3.35897639 -3.35897315 -3.35900352 -3.35908227 -3.35921063 -3.35935588 -3.35954322 -3.35971900 -3.35988422 -3.36001635 -3.36011325 -3.36017278 -3.36017413 -3.36014035
-3.36020098 -3.36010525 -3.35998672 -3.35986056 -3.35973890 -3.35964218 -3.35958275 -3.35954753 -3.35954817 -3.35956411 -3.35958306 -3.35959260 -3.35959145 -3.35955309 -3.35948714 -3.35939751 -3.35931059 -3.35922043 -3.35914032 -3.35908956 -3.35908311 -3.35912024 -3.35921504 -3.35935330 -3.35953840 -3.35971806 -3.35989602 -3.36003811 -3.36015341 -3.36023798 -3.36026593 -3.36025451
-3.36027723 -3.36021996 -3.36013103 -3.36002758 -3.35993146 -3.35984384 -3.35980402 -3.35979023 -3.35980513 -3.35984373 -3.35988019 -3.35990534 -3.35990132 -3.35986724 -3.35979725 -3.35968198 -3.35954089 -3.35940727 -3.35927285 -3.35916667 -3.35911251 -3.35910610 -3.35916186 -3.35928606 -3.35943802 -3.35961425 -3.35979730 -3.35996627 -3.36011156 -3.36021888 -3.36028679 -3.36031170
