32 32 0 1
-3.36072015 -3.36065483 -3.36054520 -3.36042464 -3.36029755 -3.36018652 -3.36010151 -3.36006160 -3.36006244 -3.36009234 -3.36014954 -3.36020564 -3.36023506 -3.36023814 -3.36020604 -3.36012124 -3.36000356 -3.35987218 -3.35973891 -3.35963307 -3.35956830 -3.35955388 -3.35959816 -3.35969055 -3.35982331 -3.35999202 -3.36017082 -3.36033326 -3.36048894 -3.36061384 -3.36069829 -3.36073974
-3.36077229 -3.36074227 -3.36069049 -3.36060460 -3.36051186 -3.36042821 -3.36036950 -3.36036370 -3.36037537 -3.36043476 -3.36049550 -3.36056434 -3.36060749 -3.36060093 -3.36054841 -3.36042944 -3.36026945 -3.36008362 -3.35988985 -3.35973314 -3.35962998 -3.35956881 -3.35958232 -3.35964196 -3.35976501 -3.35991009 -3.36008321 -3.36025791 -3.36042124 -3.36056914 -3.36067467 -3.36074901
-3.36078625 -3.36080435 -3.36078541 -3.36074938 -3.36070024 -3.36064034 -3.36060724 -3.36060818 -3.36064577 -3.36072081 -3.36079815 -3.36086926 -3.36090785 -3.36089649 -3.36082784 -3.36067943 -3.36048910 -3.36026423 -3.36003471 -3.35983436 -3.35968494 -3.35959229 -3.35956104 -3.35960441 -3.35967793 -3.35981770 -3.35997527 -3.36016212 -3.36033163 -3.36049671 -3.36062351 -3.36072518
-3.36075230 -3.36080117 -3.36081938 -3.36082806 -3.36081316 -3.36078472 -3.36077835 -3.36080388 -3.36084289 -3.36091710 -3.36100270 -3.36107112 -3.36110576 -3.36107702 -3.36099017 -3.36083106 -3.36062355 -3.36037548 -3.36012552 -3.35989581 -3.35971176 -3.35958308 -3.35951818 -3.35952765 -3.35958631 -3.35969994 -3.35985349 -3.36002055 -3.36020421 -3.36037307 -3.36052688 -3.36065808
-3.36063309 -3.36071585 -3.36077261 -3.36080609 -3.36083029 -3.36083861 -3.36084571 -3.36088414 -3.36093534 -3.36101314 -3.36108274 -3.36114463 -3.36117416 -3.36113729 -3.36104160 -3.36087807 -3.36065681 -3.36040377 -3.36014329 -3.35989888 -3.35969377 -3.35954439 -3.35945188 -3.35942398 -3.35946163 -3.35954714 -3.35967776 -3.35984325 -3.36002594 -3.36020364 -3.36036519 -3.36051581
-3.36042381 -3.36053273 -3.36062023 -3.36069284 -3.36074457 -3.36076902 -3.36079889 -3.36083395 -3.36089459 -3.36096726 -3.36103311 -3.36108115 -3.36109972 -3.36106736 -3.36095596 -3.36079853 -3.36058176 -3.36032750 -3.36007075 -3.35981860 -3.35960334 -3.35944010 -3.35933045 -3.35927604 -3.35928266 -3.35933847 -3.35945649 -3.35960801 -3.35978034 -3.35996042 -3.36014181 -3.36029388
-3.36009713 -3.36022814 -3.36033917 -3.36043652 -3.36050084 -3.36055898 -3.36061423 -3.36065790 -3.36071929 -3.36078714 -3.36084499 -3.36088579 -3.36088568 -3.36085020 -3.36074468 -3.36058649 -3.36038254 -3.36014292 -3.35989532 -3.35965049 -3.35943203 -3.35925997 -3.35913107 -3.35904542 -3.35902139 -3.35907352 -3.35916188 -3.35929943 -3.35946315 -3.35963238 -3.35979921 -3.35995222
-3.35962470 -3.35976283 -3.35990077 -3.36001902 -3.36010263 -3.36018886 -3.36025951 -3.36032346 -3.36038755 -3.36044542 -3.36049506 -3.36052645 -3.36051152 -3.36047507 -3.36038341 -3.36023219 -3.36004624 -3.35982667 -3.35959849 -3.35935905 -3.35914095 -3.35896229 -3.35881554 -3.35871359 -3.35867771 -3.35870220 -3.35876969 -3.35887993 -3.35903335 -3.35918478 -3.35933068 -3.35947124
-3.35899668 -3.35914210 -3.35928771 -3.35941816 -3.35952961 -3.35963320 -3.35972175 -3.35979396 -3.35986733 -3.35992296 -3.35996881 -3.35999909 -3.35999366 -3.35994856 -3.35986137 -3.35973213 -3.35956527 -3.35937082 -3.35915581 -3.35892943 -3.35872277 -3.35854265 -3.35837724 -3.35826861 -3.35821172 -3.35821399 -3.35826658 -3.35835964 -3.35848293 -3.35859838 -3.35872981 -3.35886040
-3.35822383 -3.35836163 -3.35850670 -3.35864332 -3.35876606 -3.35889148 -3.35899477 -3.35908787 -3.35915827 -3.35922329 -3.35927030 -3.35930661 -3.35930602 -3.35927471 -3.35920419 -3.35908670 -3.35894482 -3.35876936 -3.35858421 -3.35837972 -3.35817216 -3.35797406 -3.35781424 -3.35769491 -3.35762782 -3.35762113 -3.35765365 -3.35771653 -3.35779932 -3.35789380 -3.35799359 -3.35810280
-3.35731351 -3.35743185 -3.35757181 -3.35770997 -3.35783909 -3.35796693 -3.35807793 -3.35817833 -3.35827532 -3.35834210 -3.35840951 -3.35844817 -3.35846404 -3.35844754 -3.35839661 -3.35830460 -3.35819229 -3.35804105 -3.35787459 -3.35768561 -3.35748658 -3.35730219 -3.35714380 -3.35702074 -3.35694818 -3.35691488 -3.35692888 -3.35696774 -3.35701631 -3.35707585 -3.35713984 -3.35721643
-3.35630644 -3.35639955 -3.35652130 -3.35664210 -3.35677094 -3.35689744 -3.35700394 -3.35711603 -3.35722115 -3.35730898 -3.35738893 -3.35745058 -3.35749557 -3.35749543 -3.35747060 -3.35740031 -3.35731237 -3.35718991 -3.35703757 -3.35686266 -3.35668770 -3.35651654 -3.35636702 -3.35624814 -3.35616782 -3.35612918 -3.35612146 -3.35613494 -3.35614751 -3.35617261 -3.35619786 -3.35624353
-3.35525095 -3.35530793 -3.35539703 -3.35550638 -3.35560840 -3.35572095 -3.35583418 -3.35594895 -3.35606468 -3.35617360 -3.35627399 -3.35635861 -3.35642306 -3.35645483 -3.35645549 -3.35641927 -3.35635249 -3.35626131 -3.35612247 -3.35597078 -3.35580877 -3.35566126 -3.35551846 -3.35540122 -3.35533698 -3.35529168 -3.35526709 -3.35525230 -3.35523614 -3.35522660 -3.35521694 -3.35522548
-3.35420923 -3.35422922 -3.35427816 -3.35434606 -3.35443467 -3.35453604 -3.35463858 -3.35476055 -3.35489235 -3.35502764 -3.35515606 -3.35525516 -3.35533077 -3.35539486 -3.35541835 -3.35540808 -3.35536750 -3.35529129 -3.35517135 -3.35504067 -3.35490606 -3.35477138 -3.35464247 -3.35455039 -3.35449604 -3.35444796 -3.35441639 -3.35438325 -3.35434759 -3.35430363 -3.35425284 -3.35422435
-3.35326486 -3.35323642 -3.35325797 -3.35329405 -3.35335324 -3.35344191 -3.35354722 -3.35366706 -3.35380189 -3.35395658 -3.35411025 -3.35423723 -3.35435027 -3.35442364 -3.35446318 -3.35446763 -3.35443372 -3.35437376 -3.35427326 -3.35415861 -3.35403517 -3.35392080 -3.35382348 -3.35374813 -3.35370312 -3.35366643 -3.35363914 -3.35359375 -3.35353086 -3.35345489 -3.35338227 -3.35331227
-3.35248115 -3.35242578 -3.35241946 -3.35243102 -3.35247598 -3.35255318 -3.35266258 -3.35277981 -3.35292571 -3.35309485 -3.35325473 -3.35341047 -3.35353878 -3.35362913 -3.35367769 -3.35368701 -3.35365648 -3.35359768 -3.35350929 -3.35339583 -3.35328573 -3.35318371 -3.35311214 -3.35306301 -3.35303413 -3.35301584 -3.35299678 -3.35293706 -3.35285713 -3.35275930 -3.35264729 -3.35255781
-3.35196302 -3.35188764 -3.35185955 -3.35185867 -3.35189255 -3.35196272 -3.35206735 -3.35220076 -3.35234917 -3.35252864 -3.35271080 -3.35286068 -3.35298917 -3.35308545 -3.35313794 -3.35314579 -3.35310935 -3.35304895 -3.35294916 -3.35284571 -3.35273754 -3.35265162 -3.35260215 -3.35257746 -3.35256701 -3.35255625 -3.35254166 -3.35249010 -3.35240519 -3.35227782 -3.35216665 -3.35205247
-3.35174338 -3.35167782 -3.35164752 -3.35164012 -3.35166573 -3.35173344 -3.35184331 -3.35198187 -3.35214893 -3.35232468 -3.35249990 -3.35265524 -3.35278867 -3.35286753 -3.35291556 -3.35290588 -3.35286114 -3.35277285 -3.35267053 -3.35256702 -3.35247011 -3.35239974 -3.35235136 -3.35234598 -3.35235430 -3.35236072 -3.35234913 -3.35229896 -3.35220171 -3.35208516 -3.35196280 -3.35183974
-3.35187686 -3.35181258 -3.35178092 -3.35178156 -3.35182358 -3.35189530 -3.35200895 -3.35215026 -3.35231693 -3.35248089 -3.35264459 -3.35279008 -3.35290300 -3.35297202 -3.35300174 -3.35298103 -3.35292434 -3.35282869 -3.35271622 -3.35260532 -3.35250631 -3.35244231 -3.35241513 -3.35241764 -3.35243372 -3.35244950 -3.35243400 -3.35238488 -3.35229602 -3.35218918 -3.35206981 -3.35195767
-3.35232918 -3.35228348 -3.35226787 -3.35228109 -3.35233299 -3.35240979 -3.35252571 -3.35266006 -3.35281835 -3.35297023 -3.35311864 -3.35323725 -3.35332976 -3.35337767 -3.35339757 -3.35336638 -3.35328598 -3.35318581 -3.35306186 -3.35294320 -3.35285120 -3.35279278 -3.35277154 -3.35278185 -3.35281181 -3.35282892 -3.35281356 -3.35276023 -3.35269343 -3.35259500 -3.35248922 -3.35240170
-3.35306072 -3.35303896 -3.35303843 -3.35306134 -3.35312337 -3.35320072 -3.35330787 -3.35343176 -3.35356588 -3.35370542 -3.35382156 -3.35392397 -3.35399906 -3.35402240 -3.35401991 -3.35396618 -3.35388516 -3.35379044 -3.35366745 -3.35354855 -3.35345945 -3.35341097 -3.35339860 -3.35341574 -3.35344996 -3.35346868 -3.35346316 -3.35340803 -3.35333569 -3.35326140 -3.35318036 -3.35311238
-3.35399824 -3.35400191 -3.35400750 -3.35402826 -3.35409400 -3.35416455 -3.35424637 -3.35435766 -3.35447113 -3.35457954 -3.35467622 -3.35475442 -3.35480120 -3.35480448 -3.35478629 -3.35472399 -3.35464848 -3.35455359 -3.35444217 -3.35433280 -3.35425917 -3.35422360 -3.35421927 -3.35425216 -3.35427751 -3.35429650 -3.35429901 -3.35425221 -3.35419546 -3.35413232 -3.35407370 -3.35402580
-3.35505556 -3.35505759 -3.35506494 -3.35509624 -3.35512987 -3.35518419 -3.35524667 -3.35532529 -3.35541536 -3.35550169 -3.35556236 -3.35561149 -3.35563509 -3.35561968 -3.35559398 -3.35554558 -3.35547363 -3.35538804 -3.35529448 -3.35521211 -3.35516393 -3.35514553 -3.35516326 -3.35519157 -3.35522283 -3.35525449 -3.35525390 -3.35523310 -3.35518899 -3.35513600 -3.35509814 -3.35506945
-3.35614165 -3.35614634 -3.35614234 -3.35613838 -3.35614649 -3.35616114 -3.35619730 -3.35624094 -3.35629485 -3.35635498 -3.35639015 -3.35641260 -3.35641321 -3.35640434 -3.35636899 -3.35632806 -3.35626520 -3.35619596 -3.35615194 -3.35610579 -3.35607343 -3.35608696 -3.35611341 -3.35615555 -3.35620409 -3.35624000 -3.35625350 -3.35623703 -3.35620982 -3.35618939 -3.35616955 -3.35614529
-3.35718166 -3.35716507 -3.35713466 -3.35709846 -3.35706403 -3.35703690 -3.35703207 -3.35704331 -3.35705653 -3.35708010 -3.35709846 -3.35709658 -3.35708336 -3.35707246 -3.35705021 -3.35701390 -3.35698076 -3.35694370 -3.35692260 -3.35690641 -3.35691887 -3.35695655 -3.35700591 -3.35707248 -3.35713860 -3.35718556 -3.35721291 -3.35721954 -3.35721488 -3.35720993 -3.35719963 -3.35719135
-3.35810738 -3.35805908 -3.35799900 -3.35791530 -3.35783438 -3.35777069 -3.35771146 -3.35768256 -3.35766384 -3.35766171 -3.35764962 -3.35764421 -3.35762798 -3.35761676 -3.35760519 -3.35759093 -3.35757481 -3.35758581 -3.35758327 -3.35760706 -3.35765036 -3.35770164 -3.35778444 -3.35786491 -3.35795236 -3.35803194 -3.35808033 -3.35811088 -3.35813218 -3.35813679 -3.35814043 -3.35812487
-3.35888590 -3.35880579 -3.35869683 -3.35857670 -3.35845490 -3.35833487 -3.35824745 -3.35817472 -3.35813271 -3.35811097 -3.35808823 -3.35807041 -3.35805725 -3.35805496 -3.35804777 -3.35804934 -3.35807040 -3.35808393 -3.35813291 -3.35817284 -3.35823742 -3.35832278 -3.35841332 -3.35852570 -3.35862989 -3.35873443 -3.35881341 -3.35887102 -3.35891578 -3.35893091 -3.35893685 -3.35892025
-3.35950308 -3.35939233 -3.35925114 -3.35908955 -3.35892291 -3.35877257 -3.35864958 -3.35855066 -3.35849695 -3.35846070 -3.35843526 -3.35841907 -3.35842048 -3.35841644 -3.35842359 -3.35843866 -3.35846883 -3.35849953 -3.35854631 -3.35860140 -3.35868133 -3.35878742 -3.35889916 -3.35901942 -3.35915672 -3.35927182 -3.35938105 -3.35946335 -3.35952715 -3.35956252 -3.35957211 -3.35955930
-3.35995297 -3.35983101 -3.35966252 -3.35947240 -3.35927411 -3.35910191 -3.35897131 -3.35886265 -3.35880024 -3.35876318 -3.35873859 -3.35873664 -3.35874706 -3.35874243 -3.35875802 -3.35876962 -3.35880035 -3.35883711 -3.35887045 -3.35892693 -3.35900799 -3.35910991 -3.35923492 -3.35936662 -3.35951660 -3.35964905 -3.35978077 -3.35988797 -3.35997866 -3.36003077 -3.36004772 -3.36002613
-3.36026710 -3.36013338 -3.35996488 -3.35976775 -3.35956443 -3.35939046 -3.35924331 -3.35914477 -3.35908452 -3.35905672 -3.35905339 -3.35905874 -3.35907974 -3.35908897 -3.35908821 -3.35909775 -3.35910457 -3.35911829 -3.35913095 -3.35916866 -3.35922470 -3.35931360 -3.35943305 -3.35956282 -3.35972569 -3.35988896 -3.36003840 -3.36017007 -3.36027760 -3.36035104 -3.36036766 -3.36034484
-3.36048977 -3.36036248 -3.36019625 -3.36000893 -3.35981607 -3.35965296 -3.35952918 -3.35943140 -3.35938339 -3.35937567 -3.35939095 -3.35941292 -3.35944569 -3.35945528 -3.35945283 -3.35943019 -3.35941274 -3.35938204 -3.35936394 -3.35935858 -3.35938388 -3.35944260 -3.35954118 -3.35967592 -3.35984988 -3.36000905 -3.36017146 -3.36031438 -3.36043958 -3.36053114 -3.36056610 -3.36054998
-3.36062636 -3.36052733 -3.36038934 -3.36022492 -3.36006827 -3.35991576 -3.35981237 -3.35974447 -3.35971459 -3.35973016 -3.35976583 -3.35980453 -3.35983399 -3.35984912 -3.35983396 -3.35978051 -3.35971181 -3.35964178 -3.35956239 -3.35951093 -3.35949917 -3.35951919 -3.35959111 -3.35971788 -3.35986622 -3.36002716 -3.36020081 -3.36036249 -3.36050066 -3.36060719 -3.36066930 -3.36067956
