32 32 0 1
-3.36101002 -3.36098525 -3.36089347 -3.36075534 -3.36058067 -3.36039329 -3.36021707 -3.36008251 -3.35999300 -3.35994637 -3.35994893 -3.35997759 -3.36000195 -3.36001839 -3.36001694 -3.35996766 -3.35988546 -3.35978475 -3.35967821 -3.35958470 -3.35952724 -3.35951333 -3.35955134 -3.35963488 -3.35976663 -3.35994038 -3.36013709 -3.36032870 -3.36052709 -3.36071052 -3.36086123 -3.36096917
-3.36107098 -3.36108309 -3.36104571 -3.36094290 -3.36080083 -3.36063604 -3.36047463 -3.36036360 -3.36027536 -3.36025115 -3.36025146 -3.36028305 -3.36032171 -3.36032800 -3.36030512 -3.36022354 -3.36010358 -3.35995381 -3.35978886 -3.35964898 -3.35955682 -3.35950169 -3.35951297 -3.35956958 -3.35969311 -3.35984963 -3.36004063 -3.36025059 -3.36046170 -3.36066952 -3.36084306 -3.36098675
-3.36108992 -3.36114960 -3.36114351 -3.36108666 -3.36098321 -3.36083775 -3.36069891 -3.36058752 -3.36051766 -3.36050647 -3.36051808 -3.36055175 -3.36057904 -3.36057745 -3.36053635 -3.36042658 -3.36028010 -3.36009660 -3.35990173 -3.35972247 -3.35958799 -3.35950359 -3.35947687 -3.35951911 -3.35959716 -3.35975003 -3.35993022 -3.36015060 -3.36037311 -3.36060173 -3.36079407 -3.36096639
-3.36105424 -3.36114109 -3.36116950 -3.36115165 -3.36108213 -3.36096504 -3.36085222 -3.36076454 -3.36069636 -3.36067870 -3.36069761 -3.36072441 -3.36074899 -3.36073435 -3.36067689 -3.36055292 -3.36038619 -3.36017882 -3.35996576 -3.35976308 -3.35959863 -3.35948239 -3.35942726 -3.35943980 -3.35950215 -3.35962897 -3.35980227 -3.36000889 -3.36024464 -3.36047752 -3.36069871 -3.36089854
-3.36092710 -3.36104537 -3.36110535 -3.36111471 -3.36107931 -3.36100121 -3.36090378 -3.36083144 -3.36077391 -3.36076726 -3.36077072 -3.36079355 -3.36080894 -3.36078590 -3.36071684 -3.36058839 -3.36041248 -3.36019874 -3.35997717 -3.35976255 -3.35957501 -3.35944056 -3.35935907 -3.35933938 -3.35938529 -3.35948257 -3.35963790 -3.35983658 -3.36006775 -3.36030532 -3.36053396 -3.36075087
-3.36070207 -3.36084030 -3.36093308 -3.36097489 -3.36096602 -3.36091090 -3.36084073 -3.36077383 -3.36073281 -3.36072184 -3.36073079 -3.36074640 -3.36075170 -3.36072996 -3.36064770 -3.36052138 -3.36034303 -3.36013004 -3.35990938 -3.35968487 -3.35949188 -3.35934603 -3.35924660 -3.35920377 -3.35922432 -3.35929025 -3.35943103 -3.35961326 -3.35982996 -3.36006699 -3.36030978 -3.36052077
-3.36036653 -3.36051987 -3.36063064 -3.36069710 -3.36070118 -3.36068376 -3.36064848 -3.36059663 -3.36056798 -3.36056154 -3.36056590 -3.36057871 -3.36057216 -3.36054653 -3.36046190 -3.36033757 -3.36016647 -3.35996101 -3.35974298 -3.35952609 -3.35933024 -3.35918257 -3.35906794 -3.35899403 -3.35898029 -3.35904127 -3.35915216 -3.35931594 -3.35952069 -3.35974640 -3.35996220 -3.36017580
-3.35989541 -3.36005362 -3.36018898 -3.36027414 -3.36030088 -3.36031417 -3.36029725 -3.36027243 -3.36025650 -3.36025143 -3.36025532 -3.36026319 -3.36024887 -3.36021945 -3.36014812 -3.36002047 -3.35986315 -3.35967292 -3.35946303 -3.35925473 -3.35906425 -3.35890746 -3.35877787 -3.35868707 -3.35865861 -3.35868922 -3.35877319 -3.35891129 -3.35909780 -3.35929530 -3.35949934 -3.35969683
-3.35926851 -3.35943482 -3.35958394 -3.35968318 -3.35974379 -3.35977855 -3.35978590 -3.35978150 -3.35977451 -3.35977731 -3.35979090 -3.35980020 -3.35979122 -3.35975341 -3.35968266 -3.35956617 -3.35941537 -3.35923854 -3.35904262 -3.35883817 -3.35865810 -3.35849888 -3.35835261 -3.35825576 -3.35820489 -3.35821754 -3.35827874 -3.35839592 -3.35855713 -3.35871827 -3.35890314 -3.35908995
-3.35851827 -3.35868571 -3.35883633 -3.35895108 -3.35902746 -3.35907860 -3.35910662 -3.35912565 -3.35913066 -3.35914284 -3.35916213 -3.35917661 -3.35916895 -3.35914328 -3.35907695 -3.35896417 -3.35882583 -3.35865636 -3.35848297 -3.35829242 -3.35810518 -3.35793344 -3.35778573 -3.35767941 -3.35762200 -3.35761758 -3.35766088 -3.35774848 -3.35786764 -3.35801542 -3.35817905 -3.35834773
-3.35764094 -3.35779878 -3.35795240 -3.35807730 -3.35815988 -3.35822678 -3.35825996 -3.35828421 -3.35831678 -3.35833514 -3.35836633 -3.35838512 -3.35839308 -3.35836773 -3.35831411 -3.35821121 -3.35808900 -3.35793868 -3.35777165 -3.35759313 -3.35740913 -3.35724659 -3.35709945 -3.35698567 -3.35692376 -3.35689284 -3.35692053 -3.35697678 -3.35707226 -3.35719259 -3.35732643 -3.35747851
-3.35666816 -3.35681620 -3.35696295 -3.35707768 -3.35716871 -3.35723543 -3.35726571 -3.35730144 -3.35733737 -3.35737200 -3.35741236 -3.35744557 -3.35747378 -3.35745433 -3.35741285 -3.35732259 -3.35721722 -3.35708204 -3.35693207 -3.35676094 -3.35659474 -3.35643939 -3.35629773 -3.35618572 -3.35610499 -3.35607000 -3.35606999 -3.35611278 -3.35617333 -3.35627248 -3.35638404 -3.35652209
-3.35563856 -3.35576951 -3.35589895 -3.35600750 -3.35607901 -3.35613570 -3.35617181 -3.35620471 -3.35624641 -3.35629513 -3.35634560 -3.35639529 -3.35642924 -3.35643967 -3.35640739 -3.35634471 -3.35625266 -3.35614271 -3.35599885 -3.35584673 -3.35569368 -3.35555479 -3.35541851 -3.35530042 -3.35522685 -3.35518080 -3.35516967 -3.35518048 -3.35522625 -3.35530347 -3.35539509 -3.35551119
-3.35461331 -3.35472576 -3.35482747 -3.35490441 -3.35496694 -3.35501686 -3.35503988 -3.35507464 -3.35512122 -3.35518546 -3.35525593 -3.35530924 -3.35534519 -3.35537692 -3.35536983 -3.35532699 -3.35525692 -3.35515931 -3.35503391 -3.35490539 -3.35477186 -3.35463989 -3.35451149 -3.35441067 -3.35433860 -3.35428433 -3.35426071 -3.35425811 -3.35429092 -3.35434444 -3.35441133 -3.35451120
-3.35367344 -3.35375492 -3.35383559 -3.35389288 -3.35392970 -3.35395955 -3.35398057 -3.35401159 -3.35405199 -3.35412272 -3.35420991 -3.35428384 -3.35434802 -3.35438685 -3.35439469 -3.35436923 -3.35431030 -3.35423323 -3.35412709 -3.35401499 -3.35389188 -3.35377423 -3.35366781 -3.35357366 -3.35350353 -3.35345604 -3.35342998 -3.35342038 -3.35342986 -3.35346163 -3.35351961 -3.35358875
-3.35288553 -3.35294637 -3.35300693 -3.35304810 -3.35306927 -3.35308581 -3.35310691 -3.35312574 -3.35316986 -3.35324573 -3.35332743 -3.35342388 -3.35350488 -3.35356197 -3.35357941 -3.35356761 -3.35351889 -3.35345313 -3.35336254 -3.35325220 -3.35314372 -3.35303880 -3.35294812 -3.35287398 -3.35281459 -3.35277589 -3.35275208 -3.35272781 -3.35272245 -3.35273349 -3.35275906 -3.35281882
-3.35235341 -3.35239661 -3.35244307 -3.35246981 -3.35247706 -3.35248440 -3.35249815 -3.35252514 -3.35256456 -3.35264116 -3.35274155 -3.35283090 -3.35291005 -3.35298209 -3.35300990 -3.35300382 -3.35296237 -3.35290319 -3.35281188 -3.35271494 -3.35260899 -3.35251510 -3.35244442 -3.35238879 -3.35234387 -3.35230984 -3.35228519 -3.35226290 -3.35224909 -3.35223297 -3.35225726 -3.35229918
-3.35212164 -3.35216986 -3.35221189 -3.35223151 -3.35223081 -3.35223091 -3.35224112 -3.35227213 -3.35232043 -3.35239415 -3.35247929 -3.35257418 -3.35266201 -3.35272157 -3.35275502 -3.35274550 -3.35270583 -3.35262946 -3.35254621 -3.35245636 -3.35236409 -3.35228356 -3.35221670 -3.35217478 -3.35214679 -3.35212343 -3.35209888 -3.35207498 -3.35204541 -3.35203445 -3.35204512 -3.35207687
-3.35224513 -3.35228771 -3.35231910 -3.35234664 -3.35235645 -3.35235888 -3.35237171 -3.35240374 -3.35244921 -3.35250871 -3.35258163 -3.35266092 -3.35273318 -3.35278817 -3.35281690 -3.35280527 -3.35276413 -3.35269351 -3.35260569 -3.35251360 -3.35242718 -3.35235474 -3.35231026 -3.35227639 -3.35225080 -3.35224055 -3.35221286 -3.35218662 -3.35215688 -3.35215219 -3.35215869 -3.35219305
-3.35268844 -3.35274149 -3.35277922 -3.35281294 -3.35283552 -3.35284277 -3.35285717 -3.35287694 -3.35291259 -3.35296007 -3.35301590 -3.35307543 -3.35313011 -3.35316712 -3.35319365 -3.35317919 -3.35312640 -3.35305848 -3.35296453 -3.35287017 -3.35279398 -3.35273320 -3.35269606 -3.35267505 -3.35267003 -3.35266114 -3.35263596 -3.35259977 -3.35258602 -3.35258207 -3.35259604 -3.35263762
-3.35341651 -3.35347980 -3.35353155 -3.35356473 -3.35359367 -3.35360203 -3.35361233 -3.35362120 -3.35363900 -3.35367218 -3.35369736 -3.35374415 -3.35378390 -3.35379805 -3.35380803 -3.35377853 -3.35372888 -3.35367071 -3.35358538 -3.35349425 -3.35342336 -3.35337863 -3.35335313 -3.35334409 -3.35334619 -3.35334695 -3.35332750 -3.35328979 -3.35326717 -3.35327756 -3.35330436 -3.35335606
-3.35434571 -3.35442539 -3.35447786 -3.35450811 -3.35453921 -3.35454157 -3.35453157 -3.35453285 -3.35453221 -3.35453804 -3.35455054 -3.35457079 -3.35458446 -3.35458294 -3.35457773 -3.35454483 -3.35450547 -3.35444738 -3.35437444 -3.35429642 -3.35424301 -3.35421233 -3.35420034 -3.35421026 -3.35421322 -3.35421105 -3.35420028 -3.35417885 -3.35416927 -3.35417790 -3.35421343 -3.35427808
-3.35539613 -3.35546362 -3.35550901 -3.35554988 -3.35554888 -3.35554038 -3.35551453 -3.35549725 -3.35547996 -3.35546418 -3.35544505 -3.35544123 -3.35542931 -3.35541215 -3.35540352 -3.35538361 -3.35535074 -3.35530198 -3.35524507 -3.35519622 -3.35516720 -3.35515037 -3.35515989 -3.35517298 -3.35518541 -3.35519866 -3.35518771 -3.35518680 -3.35519173 -3.35520228 -3.35525322 -3.35532033
-3.35646268 -3.35652975 -3.35655809 -3.35655908 -3.35654128 -3.35649498 -3.35645149 -3.35641137 -3.35636535 -3.35633427 -3.35629570 -3.35626278 -3.35623638 -3.35622040 -3.35620293 -3.35619184 -3.35616756 -3.35613583 -3.35612415 -3.35610535 -3.35609179 -3.35610903 -3.35613092 -3.35615451 -3.35618203 -3.35620100 -3.35621747 -3.35621179 -3.35622643 -3.35626654 -3.35632919 -3.35639035
-3.35748643 -3.35752176 -3.35752044 -3.35748629 -3.35742973 -3.35734959 -3.35727630 -3.35720296 -3.35713289 -3.35707551 -3.35702638 -3.35697476 -3.35693974 -3.35692456 -3.35691745 -3.35691056 -3.35691313 -3.35691185 -3.35692312 -3.35692785 -3.35695602 -3.35699009 -3.35703043 -3.35707983 -3.35712471 -3.35715677 -3.35718387 -3.35720750 -3.35724048 -3.35728935 -3.35735079 -3.35741927
-3.35838390 -3.35838971 -3.35835223 -3.35826964 -3.35817301 -3.35806162 -3.35793961 -3.35783419 -3.35774188 -3.35767049 -3.35759759 -3.35755668 -3.35752436 -3.35750669 -3.35750748 -3.35752071 -3.35754434 -3.35758631 -3.35760723 -3.35764775 -3.35769796 -3.35774692 -3.35781027 -3.35787863 -3.35794193 -3.35800463 -3.35804985 -3.35809964 -3.35815400 -3.35821093 -3.35828188 -3.35833936
-3.35914280 -3.35910610 -3.35901972 -3.35890233 -3.35876101 -3.35860191 -3.35846234 -3.35831733 -3.35820508 -3.35812108 -3.35805164 -3.35800739 -3.35798261 -3.35798287 -3.35799022 -3.35801527 -3.35806962 -3.35811176 -3.35817793 -3.35822854 -3.35829186 -3.35837172 -3.35844960 -3.35853943 -3.35861960 -3.35870571 -3.35878122 -3.35885505 -3.35893325 -3.35900171 -3.35906996 -3.35911631
-3.35973734 -3.35967081 -3.35955466 -3.35939634 -3.35920657 -3.35901717 -3.35883776 -3.35867339 -3.35855784 -3.35847091 -3.35839901 -3.35836562 -3.35836035 -3.35836346 -3.35838755 -3.35842448 -3.35848599 -3.35854376 -3.35860473 -3.35866935 -3.35874426 -3.35883616 -3.35892955 -3.35902964 -3.35913832 -3.35924131 -3.35935131 -3.35944757 -3.35954523 -3.35962652 -3.35969728 -3.35974311
-3.36018795 -3.36010308 -3.35995736 -3.35976579 -3.35954414 -3.35933257 -3.35914480 -3.35897084 -3.35884382 -3.35875463 -3.35870083 -3.35867722 -3.35868606 -3.35869607 -3.35872773 -3.35876717 -3.35881930 -3.35887819 -3.35893056 -3.35899558 -3.35906909 -3.35915403 -3.35925393 -3.35936586 -3.35949256 -3.35961682 -3.35975134 -3.35987766 -3.35999843 -3.36009465 -3.36017052 -3.36021158
-3.36050597 -3.36041550 -3.36026635 -3.36006254 -3.35983100 -3.35960545 -3.35940026 -3.35922940 -3.35910373 -3.35902457 -3.35899002 -3.35897687 -3.35899761 -3.35901912 -3.35904351 -3.35908425 -3.35911610 -3.35914950 -3.35917897 -3.35922155 -3.35927283 -3.35934542 -3.35944463 -3.35955084 -3.35969904 -3.35985081 -3.36000297 -3.36015896 -3.36030134 -3.36042468 -3.36050007 -3.36053221
-3.36073943 -3.36065880 -3.36050938 -3.36031403 -3.36009046 -3.35986301 -3.35966886 -3.35949386 -3.35937805 -3.35931434 -3.35928869 -3.35929180 -3.35932527 -3.35935088 -3.35937316 -3.35938327 -3.35938850 -3.35938458 -3.35937883 -3.35938000 -3.35940547 -3.35945044 -3.35953525 -3.35965348 -3.35981424 -3.35997088 -3.36014162 -3.36030500 -3.36047132 -3.36061468 -3.36070255 -3.36074934
-3.36089342 -3.36083772 -3.36071767 -3.36054494 -3.36034458 -3.36012687 -3.35994219 -3.35978709 -3.35967911 -3.35962596 -3.35961350 -3.35963078 -3.35965757 -3.35968768 -3.35970420 -3.35968339 -3.35964305 -3.35960219 -3.35954210 -3.35950091 -3.35948777 -3.35949949 -3.35956179 -3.35967628 -3.35981716 -3.35998300 -3.36017020 -3.36035715 -3.36053733 -3.36069506 -3.36081988 -3.36089383
