32 32 0 1
-3.36097820 -3.36090801 -3.36078821 -3.36064581 -3.36048699 -3.36033492 -3.36020449 -3.36012327 -3.36008785 -3.36009159 -3.36013258 -3.36019519 -3.36024319 -3.36027305 -3.36027698 -3.36022680 -3.36013797 -3.36003048 -3.35991416 -3.35981640 -3.35975342 -3.35973849 -3.35978094 -3.35987553 -3.36001593 -3.36019777 -3.36038791 -3.36056295 -3.36072598 -3.36085877 -3.36095112 -3.36099687
-3.36102926 -3.36098998 -3.36092360 -3.36081018 -3.36067871 -3.36054984 -3.36043661 -3.36038325 -3.36035117 -3.36037611 -3.36041960 -3.36048186 -3.36053950 -3.36055982 -3.36054042 -3.36046071 -3.36033868 -3.36018286 -3.36001561 -3.35987544 -3.35978734 -3.35973223 -3.35975064 -3.35981502 -3.35994713 -3.36010706 -3.36029569 -3.36048655 -3.36066033 -3.36081786 -3.36092980 -3.36100803
-3.36105155 -3.36105799 -3.36101582 -3.36094536 -3.36085074 -3.36073839 -3.36064737 -3.36058829 -3.36057397 -3.36060667 -3.36065732 -3.36071722 -3.36076118 -3.36076929 -3.36073058 -3.36061956 -3.36046989 -3.36028564 -3.36009147 -3.35991924 -3.35979367 -3.35972000 -3.35970325 -3.35976052 -3.35985351 -3.36001243 -3.36018902 -3.36039439 -3.36058061 -3.36075520 -3.36088919 -3.36099318
-3.36103506 -3.36106786 -3.36105631 -3.36102142 -3.36095140 -3.36085787 -3.36078545 -3.36074655 -3.36072879 -3.36075344 -3.36080518 -3.36085006 -3.36088091 -3.36086913 -3.36080678 -3.36068277 -3.36051738 -3.36031243 -3.36010387 -3.35991172 -3.35976259 -3.35966839 -3.35963424 -3.35967240 -3.35975620 -3.35989763 -3.36007620 -3.36026839 -3.36047302 -3.36065345 -3.36081483 -3.36094864
-3.36095134 -3.36100926 -3.36102472 -3.36100567 -3.36096049 -3.36089641 -3.36082847 -3.36079609 -3.36078533 -3.36080935 -3.36083713 -3.36087130 -3.36088757 -3.36085835 -3.36078372 -3.36065065 -3.36047164 -3.36026100 -3.36004918 -3.35985253 -3.35969220 -3.35958520 -3.35953681 -3.35955163 -3.35963192 -3.35975581 -3.35992097 -3.36011950 -3.36032613 -3.36052425 -3.36069929 -3.36084488
-3.36078687 -3.36085865 -3.36089132 -3.36090187 -3.36087333 -3.36082057 -3.36077237 -3.36073090 -3.36071734 -3.36072845 -3.36074656 -3.36076070 -3.36076530 -3.36073402 -3.36063878 -3.36050896 -3.36032462 -3.36011821 -3.35991150 -3.35971784 -3.35955673 -3.35944763 -3.35939407 -3.35939643 -3.35946304 -3.35956804 -3.35973351 -3.35992740 -3.36013037 -3.36033695 -3.36052686 -3.36067542
-3.36051469 -3.36059871 -3.36064747 -3.36066703 -3.36064543 -3.36061863 -3.36058549 -3.36053823 -3.36052005 -3.36052207 -3.36052872 -3.36053905 -3.36052174 -3.36047854 -3.36038235 -3.36024706 -3.36007803 -3.35988195 -3.35968991 -3.35950792 -3.35935032 -3.35924649 -3.35918702 -3.35917339 -3.35921947 -3.35933429 -3.35948338 -3.35967134 -3.35987306 -3.36007190 -3.36024683 -3.36039426
-3.36009826 -3.36018964 -3.36026196 -3.36029337 -3.36028001 -3.36026386 -3.36023350 -3.36020170 -3.36018114 -3.36016587 -3.36016397 -3.36015746 -3.36012656 -3.36008007 -3.35999416 -3.35985867 -3.35970715 -3.35953501 -3.35935744 -3.35918371 -3.35904004 -3.35893995 -3.35887251 -3.35885243 -3.35889674 -3.35899440 -3.35913106 -3.35930364 -3.35950321 -3.35968297 -3.35984391 -3.35997666
-3.35954223 -3.35962664 -3.35970192 -3.35974342 -3.35975085 -3.35974291 -3.35971530 -3.35968219 -3.35966200 -3.35964374 -3.35963309 -3.35962414 -3.35959194 -3.35954193 -3.35946005 -3.35933834 -3.35920331 -3.35904875 -3.35888555 -3.35872714 -3.35859690 -3.35850151 -3.35843259 -3.35841428 -3.35844182 -3.35852988 -3.35866351 -3.35882661 -3.35900640 -3.35916018 -3.35930580 -3.35943204
-3.35884181 -3.35892492 -3.35899121 -3.35903822 -3.35905033 -3.35904698 -3.35902848 -3.35900428 -3.35897315 -3.35895251 -3.35893734 -3.35893005 -3.35890154 -3.35885767 -3.35878510 -3.35867500 -3.35855493 -3.35841618 -3.35827873 -3.35813282 -3.35801011 -3.35790842 -3.35784261 -3.35782392 -3.35785505 -3.35794696 -3.35807130 -3.35821499 -3.35835986 -3.35850566 -3.35863293 -3.35874119
-3.35798937 -3.35806650 -3.35813360 -3.35818211 -3.35819043 -3.35818794 -3.35816469 -3.35813678 -3.35811786 -3.35809165 -3.35808184 -3.35806863 -3.35804925 -3.35800599 -3.35794622 -3.35785334 -3.35775808 -3.35763464 -3.35751192 -3.35739084 -3.35726903 -3.35718184 -3.35712181 -3.35711020 -3.35715192 -3.35722105 -3.35733727 -3.35746246 -3.35759421 -3.35770894 -3.35781573 -3.35790313
-3.35701842 -3.35708479 -3.35714633 -3.35718251 -3.35719798 -3.35719354 -3.35715787 -3.35712715 -3.35709799 -3.35707963 -3.35706985 -3.35706256 -3.35705579 -3.35701929 -3.35697129 -3.35689674 -3.35681408 -3.35671261 -3.35660754 -3.35649586 -3.35639986 -3.35631818 -3.35627418 -3.35626973 -3.35630450 -3.35637937 -3.35647895 -3.35659398 -3.35669784 -3.35679727 -3.35687634 -3.35695266
-3.35596160 -3.35600790 -3.35605965 -3.35609342 -3.35609440 -3.35608267 -3.35605495 -3.35600865 -3.35597929 -3.35596866 -3.35595534 -3.35594749 -3.35594466 -3.35592361 -3.35588376 -3.35583373 -3.35576925 -3.35569934 -3.35560188 -3.35551632 -3.35543413 -3.35537955 -3.35533973 -3.35533356 -3.35538347 -3.35545565 -3.35555037 -3.35563939 -3.35571905 -3.35579914 -3.35585633 -3.35591242
-3.35487254 -3.35491129 -3.35494210 -3.35495679 -3.35496123 -3.35494633 -3.35490661 -3.35486716 -3.35483868 -3.35482888 -3.35482446 -3.35481009 -3.35479737 -3.35479243 -3.35476547 -3.35472992 -3.35468716 -3.35463216 -3.35456500 -3.35450232 -3.35444587 -3.35440187 -3.35437722 -3.35439270 -3.35444807 -3.35451565 -3.35459667 -3.35467111 -3.35473652 -3.35478633 -3.35481370 -3.35484756
-3.35384057 -3.35385496 -3.35387809 -3.35388590 -3.35387978 -3.35386595 -3.35383352 -3.35380077 -3.35376408 -3.35375044 -3.35375089 -3.35374794 -3.35374839 -3.35373927 -3.35372117 -3.35369407 -3.35366374 -3.35363511 -3.35359257 -3.35355102 -3.35351100 -3.35348733 -3.35349086 -3.35351455 -3.35357305 -3.35364400 -3.35371745 -3.35377359 -3.35380422 -3.35382348 -3.35383198 -3.35383621
-3.35294272 -3.35294648 -3.35295835 -3.35296597 -3.35296436 -3.35296069 -3.35294039 -3.35290841 -3.35288251 -3.35287184 -3.35285985 -3.35286608 -3.35286902 -3.35286550 -3.35285173 -3.35283670 -3.35281837 -3.35280269 -3.35278392 -3.35275242 -3.35273465 -3.35272891 -3.35275060 -3.35279934 -3.35286135 -3.35293527 -3.35299820 -3.35302198 -3.35302156 -3.35300563 -3.35296981 -3.35295552
-3.35229393 -3.35228514 -3.35229327 -3.35230499 -3.35230904 -3.35231577 -3.35231070 -3.35229950 -3.35228100 -3.35227329 -3.35227625 -3.35226907 -3.35226020 -3.35225728 -3.35224849 -3.35224108 -3.35222940 -3.35223107 -3.35221899 -3.35220869 -3.35220589 -3.35222124 -3.35226641 -3.35233144 -3.35239787 -3.35246227 -3.35250970 -3.35251569 -3.35248947 -3.35242170 -3.35236901 -3.35232360
-3.35195657 -3.35195536 -3.35196537 -3.35198604 -3.35199816 -3.35201786 -3.35202732 -3.35203356 -3.35204002 -3.35203283 -3.35202455 -3.35202055 -3.35201758 -3.35200142 -3.35199929 -3.35198681 -3.35198257 -3.35197454 -3.35197890 -3.35198396 -3.35200523 -3.35204031 -3.35209133 -3.35216735 -3.35224090 -3.35230104 -3.35232848 -3.35231125 -3.35224416 -3.35215936 -3.35207335 -3.35200491
-3.35199949 -3.35198962 -3.35199772 -3.35203049 -3.35206878 -3.35209871 -3.35212970 -3.35215452 -3.35216976 -3.35216051 -3.35214596 -3.35213223 -3.35212159 -3.35210194 -3.35209648 -3.35208541 -3.35208572 -3.35208689 -3.35209555 -3.35211045 -3.35213982 -3.35219361 -3.35226410 -3.35234711 -3.35241458 -3.35247044 -3.35247321 -3.35243132 -3.35234223 -3.35224129 -3.35213226 -3.35204771
-3.35239808 -3.35238672 -3.35240157 -3.35244270 -3.35249702 -3.35254164 -3.35258534 -3.35262037 -3.35263732 -3.35263339 -3.35261707 -3.35259351 -3.35256880 -3.35253927 -3.35254028 -3.35252689 -3.35251509 -3.35252510 -3.35253160 -3.35255226 -3.35259722 -3.35266491 -3.35274154 -3.35283274 -3.35290949 -3.35295519 -3.35294349 -3.35287519 -3.35277924 -3.35266213 -3.35254203 -3.35245452
-3.35311263 -3.35310790 -3.35312555 -3.35316429 -3.35322613 -3.35327809 -3.35332446 -3.35336011 -3.35337240 -3.35337026 -3.35334220 -3.35331775 -3.35328931 -3.35325171 -3.35323681 -3.35320951 -3.35320259 -3.35322088 -3.35323657 -3.35325747 -3.35330961 -3.35339444 -3.35348525 -3.35358319 -3.35366166 -3.35370632 -3.35369002 -3.35360391 -3.35349119 -3.35337220 -3.35325614 -3.35316645
-3.35405617 -3.35406246 -3.35407516 -3.35410428 -3.35416298 -3.35420967 -3.35424065 -3.35427029 -3.35428019 -3.35426771 -3.35423973 -3.35421226 -3.35416901 -3.35412764 -3.35409776 -3.35407235 -3.35406630 -3.35407937 -3.35409801 -3.35412842 -3.35419066 -3.35428988 -3.35439223 -3.35450339 -3.35458074 -3.35461925 -3.35460641 -3.35452656 -3.35441877 -3.35429719 -3.35418462 -3.35410428
-3.35514033 -3.35513044 -3.35513477 -3.35516091 -3.35518539 -3.35521414 -3.35523805 -3.35524989 -3.35524733 -3.35523897 -3.35519799 -3.35515485 -3.35510081 -3.35505199 -3.35502058 -3.35500255 -3.35499613 -3.35499999 -3.35502328 -3.35507692 -3.35515591 -3.35526016 -3.35538105 -3.35548833 -3.35557298 -3.35562892 -3.35561488 -3.35555803 -3.35546274 -3.35534579 -3.35525341 -3.35518317
-3.35625814 -3.35623985 -3.35622665 -3.35621623 -3.35620860 -3.35619884 -3.35619793 -3.35619281 -3.35617431 -3.35615773 -3.35611132 -3.35605576 -3.35599790 -3.35595174 -3.35591458 -3.35589932 -3.35589404 -3.35590047 -3.35594829 -3.35601449 -3.35609807 -3.35621722 -3.35634029 -3.35646077 -3.35656469 -3.35662584 -3.35663360 -3.35658661 -3.35651339 -3.35643550 -3.35636560 -3.35629542
-3.35732795 -3.35728558 -3.35724370 -3.35719490 -3.35715178 -3.35709656 -3.35706107 -3.35703010 -3.35699304 -3.35695711 -3.35690796 -3.35684519 -3.35679222 -3.35675073 -3.35671950 -3.35670159 -3.35671194 -3.35673105 -3.35678032 -3.35685401 -3.35695788 -3.35708362 -3.35722203 -3.35735740 -3.35747242 -3.35754872 -3.35757580 -3.35756672 -3.35752734 -3.35747179 -3.35741996 -3.35737133
-3.35827554 -3.35820966 -3.35813312 -3.35804047 -3.35794808 -3.35785962 -3.35777854 -3.35771231 -3.35765989 -3.35761395 -3.35755471 -3.35750746 -3.35745821 -3.35742328 -3.35740106 -3.35739573 -3.35740844 -3.35746022 -3.35750281 -3.35758514 -3.35769982 -3.35782759 -3.35797436 -3.35811727 -3.35824193 -3.35834605 -3.35840706 -3.35843201 -3.35842857 -3.35840226 -3.35837063 -3.35832039
-3.35907624 -3.35898141 -3.35885802 -3.35872758 -3.35859334 -3.35846360 -3.35835000 -3.35825305 -3.35818056 -3.35812795 -3.35807598 -3.35803673 -3.35800028 -3.35798265 -3.35796538 -3.35796867 -3.35800568 -3.35804224 -3.35811734 -3.35819536 -3.35830739 -3.35844357 -3.35858174 -3.35873665 -3.35887331 -3.35900575 -3.35909800 -3.35915239 -3.35918559 -3.35918967 -3.35916749 -3.35912747
-3.35970830 -3.35958700 -3.35943787 -3.35926573 -3.35909234 -3.35892550 -3.35878956 -3.35866578 -3.35858723 -3.35853451 -3.35848606 -3.35846228 -3.35845371 -3.35844053 -3.35843807 -3.35845767 -3.35849620 -3.35853943 -3.35860296 -3.35867881 -3.35878290 -3.35891851 -3.35905803 -3.35920947 -3.35937152 -3.35951284 -3.35963532 -3.35972396 -3.35978472 -3.35981011 -3.35980881 -3.35977448
-3.36017408 -3.36004621 -3.35987183 -3.35967066 -3.35946582 -3.35928430 -3.35913246 -3.35900730 -3.35892163 -3.35886377 -3.35883173 -3.35882425 -3.35883073 -3.35883799 -3.35885829 -3.35887300 -3.35891308 -3.35895405 -3.35899495 -3.35905639 -3.35914198 -3.35925732 -3.35939879 -3.35954841 -3.35971242 -3.35986872 -3.36001516 -3.36013409 -3.36022569 -3.36027468 -3.36028449 -3.36025666
-3.36050979 -3.36036930 -3.36019715 -3.35998968 -3.35977091 -3.35957520 -3.35941191 -3.35929170 -3.35920666 -3.35916813 -3.35915918 -3.35916327 -3.35919303 -3.35921439 -3.35922906 -3.35925622 -3.35927338 -3.35929402 -3.35930856 -3.35934434 -3.35939749 -3.35948256 -3.35960448 -3.35974367 -3.35991878 -3.36009248 -3.36025352 -3.36040300 -3.36051858 -3.36059551 -3.36061089 -3.36058756
-3.36074300 -3.36061606 -3.36043973 -3.36024022 -3.36003242 -3.35983657 -3.35968442 -3.35955690 -3.35948909 -3.35946482 -3.35947654 -3.35950799 -3.35955423 -3.35958784 -3.35960716 -3.35961039 -3.35960521 -3.35958467 -3.35956716 -3.35955917 -3.35957818 -3.35963069 -3.35972556 -3.35985903 -3.36004085 -3.36021495 -3.36039320 -3.36054656 -3.36067894 -3.36077659 -3.36081513 -3.36080254
-3.36088423 -3.36078196 -3.36063184 -3.36045403 -3.36026843 -3.36008616 -3.35994423 -3.35983855 -3.35978417 -3.35977797 -3.35980797 -3.35985929 -3.35990589 -3.35994805 -3.35996608 -3.35994203 -3.35989111 -3.35983715 -3.35976659 -3.35971357 -3.35969536 -3.35971204 -3.35978066 -3.35990639 -3.36005993 -3.36023494 -3.36042170 -3.36059211 -3.36074416 -3.36085344 -3.36092392 -3.36093846
