32 32 0 1
-3.36050197 -3.36039980 -3.36026375 -3.36012821 -3.35999784 -3.35989274 -3.35981890 -3.35979318 -3.35981008 -3.35985302 -3.35991797 -3.35997602 -3.35999852 -3.35998758 -3.35993689 -3.35983773 -3.35971275 -3.35958349 -3.35946679 -3.35938228 -3.35935398 -3.35937937 -3.35945867 -3.35958488 -3.35975053 -3.35994421 -3.36013466 -3.36029778 -3.36043664 -3.36052969 -3.36057566 -3.36056681
-3.36046157 -3.36039925 -3.36032565 -3.36023277 -3.36014441 -3.36007171 -3.36003009 -3.36004433 -3.36007876 -3.36015772 -3.36023461 -3.36030640 -3.36034984 -3.36033222 -3.36027004 -3.36014291 -3.35997701 -3.35979675 -3.35961957 -3.35948503 -3.35941236 -3.35938010 -3.35941836 -3.35950219 -3.35964110 -3.35980194 -3.35997572 -3.36014215 -3.36028311 -3.36039568 -3.36045664 -3.36048196
-3.36041407 -3.36040568 -3.36037163 -3.36033107 -3.36028799 -3.36024494 -3.36023544 -3.36026054 -3.36032472 -3.36042493 -3.36052080 -3.36060207 -3.36064454 -3.36062831 -3.36055171 -3.36039545 -3.36020664 -3.35998910 -3.35977618 -3.35959490 -3.35946580 -3.35939585 -3.35938235 -3.35943566 -3.35951891 -3.35966074 -3.35981057 -3.35997943 -3.36012341 -3.36024953 -3.36033252 -3.36039013
-3.36035016 -3.36037895 -3.36038577 -3.36039466 -3.36038659 -3.36037596 -3.36039395 -3.36045106 -3.36052059 -3.36062198 -3.36073279 -3.36081224 -3.36085345 -3.36082749 -3.36073885 -3.36057757 -3.36036786 -3.36012319 -3.35988436 -3.35966711 -3.35949813 -3.35938412 -3.35933085 -3.35934532 -3.35940047 -3.35950962 -3.35964661 -3.35979534 -3.35995138 -3.36008340 -3.36019589 -3.36028577
-3.36024417 -3.36030976 -3.36035795 -3.36039436 -3.36042171 -3.36044651 -3.36047924 -3.36054899 -3.36063079 -3.36074008 -3.36083536 -3.36091679 -3.36095758 -3.36092728 -3.36083414 -3.36066443 -3.36044658 -3.36019182 -3.35993384 -3.35969390 -3.35949123 -3.35934582 -3.35925779 -3.35923190 -3.35925975 -3.35933568 -3.35945339 -3.35959812 -3.35975342 -3.35990339 -3.36003253 -3.36015227
-3.36008250 -3.36017968 -3.36025992 -3.36033307 -3.36038595 -3.36042733 -3.36048215 -3.36054351 -3.36063201 -3.36073151 -3.36082778 -3.36090148 -3.36093933 -3.36091437 -3.36080954 -3.36064809 -3.36042009 -3.36016688 -3.35990121 -3.35964513 -3.35942070 -3.35925059 -3.35913422 -3.35907474 -3.35907834 -3.35912417 -3.35922779 -3.35936443 -3.35951560 -3.35967832 -3.35983723 -3.35997034
-3.35985014 -3.35996832 -3.36007812 -3.36016788 -3.36023145 -3.36030048 -3.36036916 -3.36042617 -3.36051060 -3.36060652 -3.36069525 -3.36076436 -3.36079009 -3.36076977 -3.36066327 -3.36049853 -3.36028147 -3.36002835 -3.35975892 -3.35950485 -3.35926424 -3.35908061 -3.35893932 -3.35884854 -3.35881873 -3.35885808 -3.35894261 -3.35907303 -3.35923103 -3.35939852 -3.35955845 -3.35970870
-3.35949965 -3.35964154 -3.35978254 -3.35989043 -3.35996979 -3.36004997 -3.36011548 -3.36018275 -3.36025757 -3.36033376 -3.36041217 -3.36047355 -3.36048855 -3.36046256 -3.36037264 -3.36021154 -3.36000585 -3.35976189 -3.35950127 -3.35923592 -3.35899944 -3.35879854 -3.35863602 -3.35851894 -3.35847464 -3.35849651 -3.35856708 -3.35868839 -3.35885400 -3.35901911 -3.35918282 -3.35933745
-3.35901802 -3.35917754 -3.35933518 -3.35946431 -3.35956521 -3.35964928 -3.35971439 -3.35976731 -3.35983247 -3.35990092 -3.35996824 -3.36002226 -3.36003121 -3.36000128 -3.35991505 -3.35976220 -3.35957160 -3.35934503 -3.35908975 -3.35882451 -3.35858770 -3.35838244 -3.35819815 -3.35807133 -3.35800934 -3.35801202 -3.35808272 -3.35820342 -3.35836034 -3.35851510 -3.35868585 -3.35885273
-3.35842106 -3.35858904 -3.35875392 -3.35889790 -3.35899900 -3.35908431 -3.35914619 -3.35919766 -3.35924115 -3.35929084 -3.35934573 -3.35939312 -3.35940699 -3.35938227 -3.35930246 -3.35916544 -3.35898687 -3.35876570 -3.35852853 -3.35827230 -3.35802529 -3.35780474 -3.35761561 -3.35748338 -3.35741502 -3.35741945 -3.35748073 -3.35759127 -3.35773231 -3.35789758 -3.35807177 -3.35824396
-3.35768888 -3.35786405 -3.35803752 -3.35817997 -3.35827629 -3.35835539 -3.35840170 -3.35843210 -3.35847475 -3.35851004 -3.35855719 -3.35858799 -3.35860967 -3.35858925 -3.35852831 -3.35840600 -3.35824454 -3.35803854 -3.35780867 -3.35756194 -3.35731697 -3.35709847 -3.35691063 -3.35677318 -3.35670764 -3.35669485 -3.35675278 -3.35685685 -3.35699541 -3.35715818 -3.35733227 -3.35750657
-3.35684943 -3.35702722 -3.35719327 -3.35732143 -3.35741577 -3.35747642 -3.35749546 -3.35751575 -3.35753310 -3.35755980 -3.35760024 -3.35763565 -3.35766717 -3.35765812 -3.35761501 -3.35750545 -3.35736187 -3.35716940 -3.35694893 -3.35671414 -3.35648393 -3.35626487 -3.35608539 -3.35595637 -3.35588278 -3.35587264 -3.35592290 -3.35602627 -3.35615787 -3.35632027 -3.35649031 -3.35667233
-3.35594217 -3.35610292 -3.35625334 -3.35636841 -3.35643429 -3.35646867 -3.35648037 -3.35647696 -3.35647559 -3.35649727 -3.35653187 -3.35657461 -3.35661322 -3.35662332 -3.35659153 -3.35651476 -3.35638889 -3.35621933 -3.35600806 -3.35579068 -3.35556963 -3.35536824 -3.35519062 -3.35506085 -3.35499815 -3.35498868 -3.35504124 -3.35513286 -3.35526151 -3.35542311 -3.35559406 -3.35576639
-3.35501084 -3.35516010 -3.35527865 -3.35536026 -3.35541286 -3.35542494 -3.35540541 -3.35538911 -3.35538151 -3.35539644 -3.35543483 -3.35548309 -3.35552519 -3.35556044 -3.35554830 -3.35548970 -3.35538606 -3.35523846 -3.35504686 -3.35485144 -3.35464678 -3.35445693 -3.35429399 -3.35417866 -3.35412372 -3.35411428 -3.35416072 -3.35424996 -3.35437935 -3.35453102 -3.35468356 -3.35485785
-3.35414386 -3.35426266 -3.35436322 -3.35441790 -3.35443454 -3.35442379 -3.35439316 -3.35435901 -3.35434323 -3.35435246 -3.35439912 -3.35446620 -3.35453235 -3.35457693 -3.35458203 -3.35454194 -3.35445305 -3.35432965 -3.35416698 -3.35398764 -3.35379531 -3.35363153 -3.35348815 -3.35338117 -3.35333281 -3.35332951 -3.35337895 -3.35346216 -3.35357481 -3.35370646 -3.35385526 -3.35400627
-3.35341130 -3.35350804 -3.35358302 -3.35361499 -3.35361100 -3.35358419 -3.35354599 -3.35349599 -3.35348601 -3.35349751 -3.35354120 -3.35362614 -3.35370558 -3.35376755 -3.35378685 -3.35376858 -3.35369575 -3.35358767 -3.35345095 -3.35327967 -3.35311145 -3.35296275 -3.35284191 -3.35275989 -3.35272064 -3.35272545 -3.35277293 -3.35283509 -3.35293077 -3.35304114 -3.35315586 -3.35329181
-3.35291254 -3.35298896 -3.35304051 -3.35305627 -3.35303857 -3.35300053 -3.35295636 -3.35291516 -3.35290446 -3.35292069 -3.35298052 -3.35305708 -3.35313665 -3.35321358 -3.35324464 -3.35324023 -3.35318151 -3.35309472 -3.35296838 -3.35282133 -3.35266975 -3.35254158 -3.35245269 -3.35239156 -3.35236452 -3.35236652 -3.35240594 -3.35245640 -3.35253121 -3.35260137 -3.35270428 -3.35281142
-3.35269932 -3.35277346 -3.35281231 -3.35281732 -3.35278814 -3.35275014 -3.35270619 -3.35267789 -3.35267595 -3.35269345 -3.35274473 -3.35282600 -3.35291669 -3.35298153 -3.35302493 -3.35301777 -3.35297476 -3.35288105 -3.35277741 -3.35265679 -3.35253574 -3.35243487 -3.35235989 -3.35231977 -3.35230532 -3.35231426 -3.35233683 -3.35237208 -3.35241252 -3.35246892 -3.35253754 -3.35262025
-3.35282466 -3.35288186 -3.35290775 -3.35291668 -3.35290170 -3.35286126 -3.35282956 -3.35280817 -3.35280944 -3.35282353 -3.35286444 -3.35293472 -3.35301133 -3.35306809 -3.35311353 -3.35310738 -3.35307280 -3.35299723 -3.35290719 -3.35280868 -3.35271033 -3.35263816 -3.35259294 -3.35257360 -3.35256463 -3.35257480 -3.35257656 -3.35259044 -3.35260479 -3.35264181 -3.35268889 -3.35275603
-3.35326243 -3.35331379 -3.35333995 -3.35334735 -3.35334322 -3.35331424 -3.35328961 -3.35327272 -3.35326679 -3.35327789 -3.35330931 -3.35335776 -3.35341470 -3.35345395 -3.35349684 -3.35349014 -3.35344901 -3.35339130 -3.35331144 -3.35323083 -3.35316710 -3.35312896 -3.35310710 -3.35310757 -3.35311848 -3.35312521 -3.35311818 -3.35310382 -3.35310896 -3.35312367 -3.35314916 -3.35320566
-3.35397024 -3.35401577 -3.35404580 -3.35405010 -3.35405655 -3.35403065 -3.35400620 -3.35398904 -3.35397286 -3.35397558 -3.35398245 -3.35401506 -3.35405151 -3.35406780 -3.35408772 -3.35406933 -3.35403851 -3.35399663 -3.35393928 -3.35388194 -3.35384805 -3.35384488 -3.35385078 -3.35387475 -3.35389976 -3.35391527 -3.35390343 -3.35387317 -3.35384975 -3.35385384 -3.35387602 -3.35391844
-3.35486858 -3.35491568 -3.35493675 -3.35493408 -3.35494065 -3.35491509 -3.35487679 -3.35485358 -3.35482838 -3.35480767 -3.35480439 -3.35481120 -3.35481114 -3.35481232 -3.35480406 -3.35478277 -3.35476083 -3.35472734 -3.35469025 -3.35466172 -3.35466098 -3.35469238 -3.35473211 -3.35479012 -3.35482574 -3.35484397 -3.35483985 -3.35480633 -3.35477898 -3.35476930 -3.35478432 -3.35482330
-3.35587102 -3.35589901 -3.35590535 -3.35590519 -3.35587881 -3.35584827 -3.35580065 -3.35576035 -3.35572179 -3.35569320 -3.35565953 -3.35563605 -3.35560396 -3.35557820 -3.35555933 -3.35553766 -3.35552314 -3.35549555 -3.35547962 -3.35549516 -3.35553588 -3.35559714 -3.35567650 -3.35575184 -3.35580961 -3.35584870 -3.35584697 -3.35582914 -3.35580995 -3.35578892 -3.35580459 -3.35583382
-3.35688577 -3.35690139 -3.35688334 -3.35684516 -3.35679360 -3.35672938 -3.35666706 -3.35661151 -3.35655387 -3.35651260 -3.35645638 -3.35640173 -3.35635108 -3.35631610 -3.35627734 -3.35625719 -3.35623629 -3.35622749 -3.35625477 -3.35630159 -3.35637110 -3.35646934 -3.35657796 -3.35668521 -3.35677621 -3.35683069 -3.35685670 -3.35684446 -3.35683105 -3.35683386 -3.35685121 -3.35686119
-3.35784291 -3.35781924 -3.35777002 -3.35769396 -3.35760473 -3.35750362 -3.35741764 -3.35733629 -3.35726303 -3.35720431 -3.35713550 -3.35706033 -3.35700149 -3.35695083 -3.35690935 -3.35688117 -3.35687799 -3.35689342 -3.35693516 -3.35700985 -3.35711731 -3.35725385 -3.35739170 -3.35753150 -3.35765342 -3.35773447 -3.35777880 -3.35780299 -3.35781505 -3.35782123 -3.35783622 -3.35784571
-3.35867004 -3.35860665 -3.35851885 -3.35839375 -3.35826684 -3.35813238 -3.35800799 -3.35790301 -3.35781891 -3.35774517 -3.35766382 -3.35759342 -3.35752732 -3.35747331 -3.35742998 -3.35741077 -3.35741520 -3.35746354 -3.35751758 -3.35761469 -3.35775052 -3.35790466 -3.35807216 -3.35823765 -3.35838057 -3.35850728 -3.35858926 -3.35864159 -3.35868003 -3.35869648 -3.35870810 -3.35870019
-3.35934537 -3.35923873 -3.35909182 -3.35893428 -3.35876388 -3.35859778 -3.35845853 -3.35833092 -3.35823349 -3.35815376 -3.35807918 -3.35801438 -3.35795236 -3.35790681 -3.35786066 -3.35784364 -3.35786955 -3.35790859 -3.35800233 -3.35810567 -3.35825145 -3.35842664 -3.35860719 -3.35879971 -3.35896699 -3.35912562 -3.35924560 -3.35933456 -3.35939466 -3.35942005 -3.35943031 -3.35940224
-3.35984861 -3.35970793 -3.35952714 -3.35932526 -3.35912032 -3.35893246 -3.35877109 -3.35863374 -3.35854165 -3.35846916 -3.35840773 -3.35835089 -3.35831260 -3.35826203 -3.35822771 -3.35821872 -3.35824016 -3.35828035 -3.35836660 -3.35847958 -3.35862929 -3.35881284 -3.35900901 -3.35920709 -3.35940869 -3.35958072 -3.35974165 -3.35985387 -3.35993953 -3.35997613 -3.35997697 -3.35993464
-3.36019272 -3.36002765 -3.35982277 -3.35959042 -3.35936273 -3.35916525 -3.35900867 -3.35887834 -3.35878958 -3.35873179 -3.35868161 -3.35864840 -3.35862236 -3.35858724 -3.35856174 -3.35854207 -3.35855655 -3.35859528 -3.35865576 -3.35876475 -3.35890142 -3.35907007 -3.35927070 -3.35947473 -3.35969195 -3.35988902 -3.36006296 -3.36020537 -3.36030968 -3.36035511 -3.36035334 -3.36030358
-3.36038903 -3.36021506 -3.36000528 -3.35977202 -3.35954422 -3.35935300 -3.35919638 -3.35908794 -3.35901782 -3.35898084 -3.35896398 -3.35894581 -3.35893802 -3.35891512 -3.35887952 -3.35886397 -3.35885079 -3.35886221 -3.35889747 -3.35897252 -3.35908074 -3.35923043 -3.35941555 -3.35961297 -3.35983377 -3.36004830 -3.36024056 -3.36039671 -3.36051077 -3.36057679 -3.36056951 -3.36050905
-3.36049091 -3.36032210 -3.36011566 -3.35990425 -3.35969682 -3.35952017 -3.35939475 -3.35929909 -3.35925708 -3.35924581 -3.35925454 -3.35926361 -3.35927663 -3.35926227 -3.35922770 -3.35917934 -3.35914423 -3.35911275 -3.35910560 -3.35913525 -3.35920839 -3.35931941 -3.35947947 -3.35966626 -3.35988798 -3.36009740 -3.36029664 -3.36045645 -3.36057808 -3.36065531 -3.36065572 -3.36060162
-3.36051322 -3.36037506 -3.36020247 -3.36001929 -3.35984825 -3.35969648 -3.35959851 -3.35953841 -3.35952249 -3.35954221 -3.35957872 -3.35961259 -3.35963151 -3.35962577 -3.35958795 -3.35951406 -3.35942945 -3.35935781 -3.35929751 -3.35927417 -3.35929917 -3.35936504 -3.35948483 -3.35965666 -3.35984585 -3.36004525 -3.36024337 -3.36041388 -3.36054569 -3.36062609 -3.36065286 -3.36061637
