32 32 0 1
-3.36078483 -3.36074956 -3.36065768 -3.36054338 -3.36041008 -3.36028040 -3.36016982 -3.36010307 -3.36007607 -3.36007555 -3.36010150 -3.36013646 -3.36014437 -3.36012766 -3.36008566 -3.35999867 -3.35988598 -3.35976477 -3.35964194 -3.35954601 -3.35949094 -3.35947958 -3.35951922 -3.35960358 -3.35972966 -3.35989411 -3.36007280 -3.36024269 -3.36041245 -3.36056280 -3.36068458 -3.36076464
-3.36081288 -3.36081195 -3.36077761 -3.36069688 -3.36059830 -3.36049583 -3.36040594 -3.36036961 -3.36035006 -3.36037788 -3.36040989 -3.36045031 -3.36047253 -3.36044966 -3.36039041 -3.36027440 -3.36012423 -3.35995609 -3.35978096 -3.35963996 -3.35955171 -3.35949556 -3.35950560 -3.35955707 -3.35966733 -3.35980765 -3.35997714 -3.36016032 -3.36033976 -3.36050912 -3.36064427 -3.36075459
-3.36081693 -3.36086072 -3.36085683 -3.36082325 -3.36076506 -3.36068587 -3.36062444 -3.36058969 -3.36059352 -3.36063649 -3.36068493 -3.36072520 -3.36073948 -3.36071056 -3.36063345 -3.36049099 -3.36031446 -3.36011087 -3.35990532 -3.35972492 -3.35959173 -3.35950729 -3.35947309 -3.35950884 -3.35957037 -3.35970615 -3.35986017 -3.36005428 -3.36024143 -3.36043128 -3.36058612 -3.36071916
-3.36078244 -3.36085109 -3.36088207 -3.36088779 -3.36086146 -3.36081621 -3.36078182 -3.36077592 -3.36078318 -3.36082166 -3.36087487 -3.36090943 -3.36091980 -3.36087496 -3.36077983 -3.36062144 -3.36042538 -3.36019538 -3.35996988 -3.35976114 -3.35959498 -3.35947542 -3.35941336 -3.35941823 -3.35946423 -3.35957335 -3.35972464 -3.35990437 -3.36011004 -3.36030863 -3.36049307 -3.36065745
-3.36066818 -3.36077041 -3.36083591 -3.36086700 -3.36087567 -3.36086695 -3.36085050 -3.36085912 -3.36087676 -3.36092332 -3.36096031 -3.36099097 -3.36099184 -3.36093676 -3.36082615 -3.36066000 -3.36044989 -3.36020753 -3.35996467 -3.35973859 -3.35954793 -3.35940683 -3.35931755 -3.35928745 -3.35932146 -3.35940635 -3.35954842 -3.35973003 -3.35993606 -3.36014327 -3.36033962 -3.36052253
-3.36047745 -3.36060128 -3.36069584 -3.36076532 -3.36080077 -3.36081114 -3.36081411 -3.36082677 -3.36085611 -3.36089874 -3.36093558 -3.36095691 -3.36094644 -3.36088922 -3.36075761 -3.36058744 -3.36036474 -3.36012090 -3.35987311 -3.35963318 -3.35942856 -3.35927026 -3.35916138 -3.35911247 -3.35912650 -3.35919568 -3.35932738 -3.35950338 -3.35970801 -3.35992324 -3.36014096 -3.36032451
-3.36018720 -3.36032945 -3.36044275 -3.36053401 -3.36058434 -3.36062629 -3.36066226 -3.36068308 -3.36072012 -3.36076007 -3.36078751 -3.36079994 -3.36077154 -3.36070693 -3.36057219 -3.36039790 -3.36017985 -3.35993106 -3.35968277 -3.35944297 -3.35922750 -3.35906025 -3.35893759 -3.35886161 -3.35885177 -3.35892045 -3.35903957 -3.35921000 -3.35941275 -3.35962944 -3.35982894 -3.36001803
-3.35976378 -3.35990832 -3.36004913 -3.36016252 -3.36023181 -3.36030020 -3.36035326 -3.36039614 -3.36043961 -3.36047126 -3.36049053 -3.36048955 -3.36044906 -3.36037927 -3.36026089 -3.36007776 -3.35986925 -3.35963200 -3.35938428 -3.35914325 -3.35892446 -3.35874742 -3.35860437 -3.35851481 -3.35849839 -3.35854707 -3.35865182 -3.35881184 -3.35901537 -3.35921466 -3.35940609 -3.35958516
-3.35918509 -3.35933804 -3.35949022 -3.35961637 -3.35971947 -3.35981172 -3.35988714 -3.35994232 -3.35998676 -3.36001808 -3.36003817 -3.36003412 -3.35999885 -3.35991667 -3.35979218 -3.35962593 -3.35941970 -3.35919333 -3.35895515 -3.35870849 -3.35849423 -3.35830906 -3.35815398 -3.35805641 -3.35801789 -3.35805916 -3.35815179 -3.35830177 -3.35848746 -3.35866574 -3.35884632 -3.35901925
-3.35847078 -3.35862987 -3.35878363 -3.35892344 -3.35903839 -3.35914792 -3.35923822 -3.35931506 -3.35936662 -3.35940131 -3.35941886 -3.35941687 -3.35938104 -3.35930995 -3.35919196 -3.35902483 -3.35883284 -3.35861378 -3.35838995 -3.35815606 -3.35793290 -3.35773381 -3.35757549 -3.35746373 -3.35742184 -3.35744794 -3.35752987 -3.35765368 -3.35780705 -3.35797879 -3.35815006 -3.35831142
-3.35761582 -3.35777494 -3.35792999 -3.35807840 -3.35820188 -3.35832633 -3.35842266 -3.35850019 -3.35857393 -3.35860596 -3.35863673 -3.35863466 -3.35860536 -3.35853736 -3.35843457 -3.35828062 -3.35810527 -3.35790462 -3.35769174 -3.35746765 -3.35724482 -3.35705210 -3.35688868 -3.35677066 -3.35671841 -3.35671509 -3.35678161 -3.35688131 -3.35701085 -3.35716060 -3.35730960 -3.35745845
-3.35665352 -3.35680360 -3.35696207 -3.35710059 -3.35723588 -3.35736193 -3.35745343 -3.35753941 -3.35760754 -3.35765521 -3.35769086 -3.35770031 -3.35769152 -3.35762659 -3.35753798 -3.35740306 -3.35724571 -3.35706295 -3.35686540 -3.35665061 -3.35644550 -3.35625642 -3.35609572 -3.35597622 -3.35590134 -3.35589062 -3.35592785 -3.35600809 -3.35610651 -3.35623682 -3.35636656 -3.35650630
-3.35562948 -3.35576824 -3.35590938 -3.35604975 -3.35616931 -3.35628433 -3.35638238 -3.35646076 -3.35653073 -3.35659075 -3.35663295 -3.35665318 -3.35664731 -3.35660845 -3.35653447 -3.35642795 -3.35628997 -3.35613120 -3.35594750 -3.35575465 -3.35556291 -3.35539197 -3.35523464 -3.35510211 -3.35503113 -3.35500331 -3.35502291 -3.35506798 -3.35515002 -3.35525659 -3.35537282 -3.35550045
-3.35460615 -3.35473257 -3.35485383 -3.35496803 -3.35508197 -3.35519011 -3.35526961 -3.35535026 -3.35542036 -3.35549278 -3.35554474 -3.35556582 -3.35555686 -3.35554252 -3.35548665 -3.35539904 -3.35529063 -3.35515338 -3.35498925 -3.35482604 -3.35465683 -3.35449273 -3.35434408 -3.35422668 -3.35415522 -3.35411598 -3.35411627 -3.35414621 -3.35421381 -3.35429524 -3.35438531 -3.35449816
-3.35368020 -3.35377500 -3.35388532 -3.35398284 -3.35407092 -3.35415995 -3.35423534 -3.35430607 -3.35436467 -3.35443573 -3.35449863 -3.35453500 -3.35454902 -3.35454007 -3.35449964 -3.35442519 -3.35432947 -3.35421867 -3.35407795 -3.35393505 -3.35378239 -3.35364007 -3.35351483 -3.35341027 -3.35334291 -3.35330536 -3.35330195 -3.35332040 -3.35336320 -3.35342093 -3.35350059 -3.35358705
-3.35291630 -3.35299726 -3.35308977 -3.35316967 -3.35324514 -3.35331699 -3.35338454 -3.35343683 -3.35349477 -3.35356185 -3.35361327 -3.35366354 -3.35369175 -3.35369330 -3.35366222 -3.35360335 -3.35351542 -3.35341444 -3.35329592 -3.35315902 -3.35302900 -3.35290624 -3.35280668 -3.35273088 -3.35267811 -3.35265363 -3.35265301 -3.35265591 -3.35267877 -3.35271925 -3.35276580 -3.35284225
-3.35242052 -3.35248607 -3.35256204 -3.35263040 -3.35268659 -3.35274489 -3.35279973 -3.35285248 -3.35289969 -3.35295864 -3.35301979 -3.35305530 -3.35307627 -3.35308733 -3.35305981 -3.35300733 -3.35292206 -3.35283022 -3.35271545 -3.35259074 -3.35247279 -3.35237430 -3.35230993 -3.35226173 -3.35223286 -3.35222144 -3.35222527 -3.35223233 -3.35224839 -3.35225796 -3.35230310 -3.35235865
-3.35222978 -3.35230011 -3.35236893 -3.35243009 -3.35247411 -3.35252198 -3.35256415 -3.35260830 -3.35265814 -3.35270295 -3.35274392 -3.35277997 -3.35280732 -3.35280142 -3.35277757 -3.35271586 -3.35263229 -3.35251997 -3.35241068 -3.35229705 -3.35219570 -3.35212316 -3.35207205 -3.35205870 -3.35205946 -3.35207344 -3.35208643 -3.35209502 -3.35209932 -3.35211422 -3.35214095 -3.35218029
-3.35239406 -3.35245410 -3.35251582 -3.35257635 -3.35262520 -3.35266512 -3.35270307 -3.35274095 -3.35277924 -3.35280636 -3.35282960 -3.35284987 -3.35285914 -3.35284513 -3.35281450 -3.35274732 -3.35265536 -3.35254328 -3.35242522 -3.35231138 -3.35222413 -3.35216785 -3.35215478 -3.35216403 -3.35219148 -3.35222835 -3.35224637 -3.35225654 -3.35226375 -3.35228072 -3.35229770 -3.35233802
-3.35286829 -3.35293465 -3.35299250 -3.35305893 -3.35311062 -3.35314587 -3.35317875 -3.35320574 -3.35322853 -3.35324237 -3.35325270 -3.35324949 -3.35324208 -3.35320918 -3.35317419 -3.35309856 -3.35298444 -3.35286828 -3.35274190 -3.35262461 -3.35254846 -3.35251608 -3.35252084 -3.35256075 -3.35262152 -3.35267405 -3.35270318 -3.35271291 -3.35273499 -3.35275059 -3.35276909 -3.35281420
-3.35360781 -3.35368111 -3.35374809 -3.35380697 -3.35386264 -3.35389108 -3.35391589 -3.35392951 -3.35393226 -3.35393128 -3.35391418 -3.35390551 -3.35388359 -3.35383099 -3.35377625 -3.35367619 -3.35355925 -3.35344886 -3.35331732 -3.35320476 -3.35313935 -3.35312742 -3.35315546 -3.35321895 -3.35330071 -3.35337292 -3.35341628 -3.35342756 -3.35343791 -3.35346614 -3.35349597 -3.35354628
-3.35453000 -3.35461539 -3.35468224 -3.35473067 -3.35478514 -3.35480288 -3.35480243 -3.35480810 -3.35479070 -3.35476812 -3.35474369 -3.35471739 -3.35467386 -3.35461191 -3.35453675 -3.35443133 -3.35432056 -3.35420028 -3.35407732 -3.35397306 -3.35392375 -3.35392854 -3.35397838 -3.35407078 -3.35415675 -3.35423207 -3.35428825 -3.35431409 -3.35433877 -3.35436147 -3.35440257 -3.35446068
-3.35556049 -3.35563376 -3.35568929 -3.35574312 -3.35575951 -3.35576453 -3.35574709 -3.35572794 -3.35570085 -3.35566518 -3.35562091 -3.35557771 -3.35551247 -3.35543878 -3.35535908 -3.35526404 -3.35515552 -3.35503355 -3.35492646 -3.35484862 -3.35482252 -3.35484367 -3.35492108 -3.35501151 -3.35510979 -3.35520268 -3.35525838 -3.35530504 -3.35533951 -3.35536481 -3.35541379 -3.35548030
-3.35659386 -3.35666665 -3.35670156 -3.35671402 -3.35670891 -3.35667723 -3.35664170 -3.35659980 -3.35655352 -3.35651035 -3.35645254 -3.35638831 -3.35631673 -3.35624622 -3.35615689 -3.35607217 -3.35596692 -3.35585809 -3.35579272 -3.35574458 -3.35573188 -3.35578354 -3.35586864 -3.35597252 -3.35608430 -3.35617875 -3.35625377 -3.35629696 -3.35633908 -3.35639307 -3.35645531 -3.35651559
-3.35757661 -3.35762138 -3.35762803 -3.35760292 -3.35756275 -3.35749027 -3.35742546 -3.35735977 -3.35729065 -3.35723437 -3.35716977 -3.35709579 -3.35702373 -3.35695021 -3.35687372 -3.35679028 -3.35671166 -3.35663586 -3.35659088 -3.35656776 -3.35659636 -3.35666312 -3.35676063 -3.35687952 -3.35699906 -3.35710484 -3.35718786 -3.35724945 -3.35731107 -3.35736875 -3.35743504 -3.35750700
-3.35843820 -3.35844992 -3.35842380 -3.35835260 -3.35826689 -3.35816267 -3.35805410 -3.35796037 -3.35788072 -3.35781415 -3.35773956 -3.35767368 -3.35760584 -3.35753580 -3.35747189 -3.35740546 -3.35734847 -3.35732026 -3.35728806 -3.35730105 -3.35735108 -3.35742945 -3.35754134 -3.35767082 -3.35780041 -3.35792837 -3.35802190 -3.35810251 -3.35818125 -3.35824771 -3.35832318 -3.35838873
-3.35916291 -3.35913072 -3.35905548 -3.35895045 -3.35881613 -3.35867437 -3.35854928 -3.35842545 -3.35833335 -3.35826153 -3.35818743 -3.35812758 -3.35806715 -3.35801635 -3.35795697 -3.35791338 -3.35789051 -3.35786571 -3.35788013 -3.35790708 -3.35797105 -3.35807358 -3.35818995 -3.35833188 -3.35847060 -3.35860524 -3.35872356 -3.35882387 -3.35891744 -3.35899514 -3.35907133 -3.35912706
-3.35971984 -3.35966067 -3.35955685 -3.35940755 -3.35923165 -3.35906107 -3.35890832 -3.35877307 -3.35868182 -3.35860895 -3.35853819 -3.35848906 -3.35845250 -3.35840863 -3.35837058 -3.35833926 -3.35832945 -3.35832204 -3.35833666 -3.35837804 -3.35845583 -3.35856549 -3.35869412 -3.35883744 -3.35899321 -3.35913801 -3.35927376 -3.35939030 -3.35950180 -3.35958900 -3.35966582 -3.35971882
-3.36013202 -3.36005382 -3.35991663 -3.35973805 -3.35953957 -3.35934969 -3.35919186 -3.35905754 -3.35896301 -3.35889247 -3.35884078 -3.35880716 -3.35878540 -3.35874927 -3.35872562 -3.35870039 -3.35869218 -3.35869901 -3.35871143 -3.35875391 -3.35882411 -3.35892594 -3.35905438 -3.35920129 -3.35936072 -3.35951411 -3.35966801 -3.35980286 -3.35993137 -3.36003309 -3.36010797 -3.36014753
-3.36040706 -3.36031674 -3.36017372 -3.35998870 -3.35978244 -3.35959215 -3.35942910 -3.35930390 -3.35921504 -3.35916042 -3.35913291 -3.35911236 -3.35910519 -3.35908319 -3.35905497 -3.35904375 -3.35902176 -3.35901263 -3.35900904 -3.35903464 -3.35908301 -3.35916671 -3.35928586 -3.35941703 -3.35958978 -3.35975960 -3.35992322 -3.36007732 -3.36021743 -3.36033747 -3.36040689 -3.36043459
-3.36059672 -3.36051135 -3.36036798 -3.36018985 -3.36000001 -3.35981766 -3.35967283 -3.35955216 -3.35948181 -3.35944965 -3.35943769 -3.35943422 -3.35944428 -3.35942825 -3.35940304 -3.35936647 -3.35932777 -3.35928624 -3.35925689 -3.35924655 -3.35926793 -3.35932353 -3.35942385 -3.35955423 -3.35972754 -3.35989314 -3.36006704 -3.36022621 -3.36037712 -3.36050625 -3.36058098 -3.36061236
-3.36070889 -3.36064493 -3.36052737 -3.36037551 -3.36021226 -3.36004387 -3.35991745 -3.35982489 -3.35977164 -3.35975936 -3.35976402 -3.35978179 -3.35978690 -3.35978459 -3.35975463 -3.35969158 -3.35961265 -3.35954304 -3.35946713 -3.35941499 -3.35940541 -3.35942528 -3.35949267 -3.35961516 -3.35975975 -3.35992158 -3.36010142 -3.36027569 -3.36043478 -3.36056696 -3.36066999 -3.36072184
