32 32 0 1
-3.36028015 -3.36027058 -3.36023377 -3.36019248 -3.36015618 -3.36013123 -3.36012491 -3.36014916 -3.36019388 -3.36023933 -3.36027634 -3.36029115 -3.36025044 -3.36017187 -3.36005657 -3.35988898 -3.35969613 -3.35950223 -3.35932305 -3.35918134 -3.35908814 -3.35904926 -3.35907096 -3.35914454 -3.35926508 -3.35942788 -3.35960480 -3.35977428 -3.35994006 -3.36007961 -3.36018504 -3.36025779
-3.36030818 -3.36033287 -3.36034695 -3.36033735 -3.36032803 -3.36032757 -3.36034150 -3.36039556 -3.36044792 -3.36051825 -3.36056371 -3.36058334 -3.36055596 -3.36046017 -3.36031691 -3.36011287 -3.35987421 -3.35962454 -3.35938744 -3.35919447 -3.35906978 -3.35898595 -3.35897952 -3.35902099 -3.35913332 -3.35927820 -3.35945526 -3.35964235 -3.35982519 -3.35999519 -3.36012883 -3.36024109
-3.36031665 -3.36038753 -3.36043126 -3.36046633 -3.36049226 -3.36050852 -3.36054337 -3.36059694 -3.36066675 -3.36075002 -3.36080610 -3.36082462 -3.36078966 -3.36068729 -3.36052224 -3.36028178 -3.36001332 -3.35973116 -3.35945842 -3.35922331 -3.35904762 -3.35893674 -3.35889091 -3.35891990 -3.35898571 -3.35912773 -3.35929524 -3.35949857 -3.35969722 -3.35989557 -3.36005761 -3.36020461
-3.36029477 -3.36040025 -3.36047767 -3.36054351 -3.36059151 -3.36062711 -3.36068198 -3.36075533 -3.36082325 -3.36090303 -3.36097113 -3.36098379 -3.36094304 -3.36082480 -3.36064082 -3.36038868 -3.36010206 -3.35979102 -3.35949743 -3.35923007 -3.35902340 -3.35888035 -3.35880525 -3.35880479 -3.35885496 -3.35897537 -3.35914291 -3.35933600 -3.35955803 -3.35976737 -3.35996557 -3.36014724
-3.36020196 -3.36033875 -3.36044259 -3.36052994 -3.36060146 -3.36066626 -3.36072763 -3.36080627 -3.36088538 -3.36096894 -3.36101924 -3.36103288 -3.36099318 -3.36086913 -3.36067497 -3.36041732 -3.36011322 -3.35979536 -3.35948773 -3.35921085 -3.35897888 -3.35881355 -3.35871013 -3.35867846 -3.35871427 -3.35880614 -3.35895523 -3.35915367 -3.35937679 -3.35960654 -3.35982488 -3.36003198
-3.36002498 -3.36018093 -3.36031026 -3.36042709 -3.36051951 -3.36058889 -3.36066621 -3.36074294 -3.36082783 -3.36090262 -3.36095428 -3.36096612 -3.36092564 -3.36081540 -3.36061073 -3.36036258 -3.36005589 -3.35973348 -3.35942101 -3.35913270 -3.35889354 -3.35871394 -3.35859018 -3.35852819 -3.35853881 -3.35860907 -3.35875073 -3.35893971 -3.35915897 -3.35939378 -3.35962813 -3.35984241
-3.35974451 -3.35991953 -3.36006585 -3.36019314 -3.36029179 -3.36038696 -3.36048551 -3.36056556 -3.36065617 -3.36073784 -3.36078239 -3.36079964 -3.36075246 -3.36064647 -3.36045531 -3.36020302 -3.35990843 -3.35959126 -3.35928497 -3.35900274 -3.35875459 -3.35856762 -3.35842524 -3.35834040 -3.35831640 -3.35837881 -3.35849484 -3.35867229 -3.35888447 -3.35911186 -3.35933522 -3.35954478
-3.35932538 -3.35950078 -3.35967578 -3.35981856 -3.35993074 -3.36004636 -3.36015542 -3.36025868 -3.36035703 -3.36043396 -3.36049194 -3.36051202 -3.36045892 -3.36035820 -3.36018613 -3.35994489 -3.35966480 -3.35936235 -3.35906353 -3.35877467 -3.35852878 -3.35833010 -3.35817353 -3.35807000 -3.35803889 -3.35807632 -3.35817222 -3.35832305 -3.35853003 -3.35873281 -3.35893446 -3.35912707
-3.35877439 -3.35895376 -3.35912828 -3.35928301 -3.35942159 -3.35956280 -3.35968518 -3.35979877 -3.35990799 -3.36000014 -3.36006859 -3.36009554 -3.36005851 -3.35995963 -3.35979770 -3.35957406 -3.35931055 -3.35902819 -3.35873046 -3.35844473 -3.35820296 -3.35800193 -3.35783084 -3.35772377 -3.35767231 -3.35769013 -3.35777039 -3.35789928 -3.35806520 -3.35823767 -3.35842200 -3.35859706
-3.35811542 -3.35827708 -3.35844451 -3.35860935 -3.35875888 -3.35891655 -3.35906450 -3.35919311 -3.35931731 -3.35942033 -3.35949800 -3.35954794 -3.35952983 -3.35945454 -3.35930756 -3.35909539 -3.35884929 -3.35857195 -3.35829563 -3.35801914 -3.35776133 -3.35754927 -3.35737629 -3.35726657 -3.35720959 -3.35722152 -3.35728150 -3.35738116 -3.35750555 -3.35765179 -3.35779889 -3.35795493
-3.35732857 -3.35747785 -3.35763459 -3.35780304 -3.35795274 -3.35811932 -3.35826430 -3.35841624 -3.35856410 -3.35868748 -3.35879613 -3.35885527 -3.35887140 -3.35881127 -3.35869283 -3.35850106 -3.35827054 -3.35800416 -3.35773442 -3.35746482 -3.35721184 -3.35700011 -3.35682837 -3.35670868 -3.35666095 -3.35665081 -3.35669601 -3.35676345 -3.35686021 -3.35696696 -3.35707648 -3.35719771
-3.35646651 -3.35658647 -3.35672331 -3.35687329 -3.35702547 -3.35718467 -3.35733565 -3.35749703 -3.35765685 -3.35780891 -3.35794403 -3.35804177 -3.35808999 -3.35805844 -3.35796508 -3.35778986 -3.35757360 -3.35732288 -3.35705663 -3.35679016 -3.35654950 -3.35633816 -3.35617534 -3.35606605 -3.35601219 -3.35600057 -3.35602764 -3.35607760 -3.35613777 -3.35620663 -3.35627714 -3.35636346
-3.35555185 -3.35563492 -3.35574936 -3.35587708 -3.35601176 -3.35615464 -3.35631463 -3.35648100 -3.35665255 -3.35683154 -3.35699215 -3.35712020 -3.35720041 -3.35721053 -3.35713561 -3.35699861 -3.35680245 -3.35656093 -3.35629082 -3.35603778 -3.35580635 -3.35560949 -3.35545355 -3.35535489 -3.35531147 -3.35529945 -3.35532293 -3.35534782 -3.35537212 -3.35540928 -3.35544485 -3.35548391
-3.35464573 -3.35469754 -3.35477323 -3.35486565 -3.35498880 -3.35512688 -3.35526719 -3.35543700 -3.35563058 -3.35583066 -3.35601846 -3.35617241 -3.35627124 -3.35631590 -3.35627326 -3.35615778 -3.35597963 -3.35574894 -3.35549594 -3.35524845 -3.35502908 -3.35484683 -3.35470801 -3.35463295 -3.35460984 -3.35459855 -3.35461293 -3.35462147 -3.35463193 -3.35462777 -3.35461818 -3.35462686
-3.35383438 -3.35384196 -3.35389528 -3.35396722 -3.35405865 -3.35417745 -3.35431494 -3.35448131 -3.35467651 -3.35488450 -3.35509716 -3.35528272 -3.35541681 -3.35547772 -3.35545948 -3.35536161 -3.35519269 -3.35497943 -3.35473594 -3.35450358 -3.35429350 -3.35413667 -3.35402541 -3.35396797 -3.35395768 -3.35396268 -3.35398317 -3.35398012 -3.35395583 -3.35391898 -3.35387941 -3.35384733
-3.35318053 -3.35316851 -3.35319819 -3.35325041 -3.35332716 -3.35343611 -3.35356727 -3.35372148 -3.35392065 -3.35413013 -3.35434665 -3.35455031 -3.35470386 -3.35478284 -3.35478022 -3.35469634 -3.35453875 -3.35433582 -3.35410588 -3.35387537 -3.35367981 -3.35354011 -3.35345954 -3.35343586 -3.35344678 -3.35347520 -3.35349740 -3.35347021 -3.35342779 -3.35335721 -3.35327597 -3.35322412
-3.35278667 -3.35276014 -3.35278116 -3.35282249 -3.35289258 -3.35299129 -3.35311422 -3.35327170 -3.35345328 -3.35365728 -3.35387878 -3.35407017 -3.35421648 -3.35430912 -3.35431114 -3.35423217 -3.35408000 -3.35389041 -3.35366742 -3.35345151 -3.35327177 -3.35315776 -3.35311298 -3.35311519 -3.35315380 -3.35318620 -3.35320501 -3.35317925 -3.35312193 -3.35301434 -3.35291794 -3.35284075
-3.35269113 -3.35267930 -3.35270269 -3.35275011 -3.35281646 -3.35291034 -3.35302970 -3.35317740 -3.35334920 -3.35353245 -3.35372406 -3.35390020 -3.35404474 -3.35411618 -3.35412199 -3.35403632 -3.35389093 -3.35369146 -3.35348790 -3.35329092 -3.35313746 -3.35305163 -3.35302043 -3.35305049 -3.35310946 -3.35315515 -3.35317156 -3.35313860 -3.35305792 -3.35295122 -3.35284002 -3.35274914
-3.35293304 -3.35293129 -3.35296051 -3.35302373 -3.35310814 -3.35320389 -3.35331854 -3.35345649 -3.35360121 -3.35375001 -3.35390663 -3.35404524 -3.35415527 -3.35421040 -3.35420130 -3.35411913 -3.35398054 -3.35379363 -3.35360042 -3.35342081 -3.35328950 -3.35322766 -3.35322676 -3.35327501 -3.35334216 -3.35339820 -3.35340594 -3.35336420 -3.35327712 -3.35317460 -3.35305813 -3.35297454
-3.35347302 -3.35348743 -3.35353715 -3.35362134 -3.35371837 -3.35381802 -3.35392934 -3.35404498 -3.35415488 -3.35427174 -3.35438521 -3.35447844 -3.35455010 -3.35456876 -3.35455322 -3.35446317 -3.35431812 -3.35414866 -3.35397136 -3.35380854 -3.35370378 -3.35366700 -3.35368502 -3.35375154 -3.35383464 -3.35389060 -3.35389534 -3.35384283 -3.35376521 -3.35366761 -3.35355849 -3.35349724
-3.35424322 -3.35428732 -3.35435987 -3.35444810 -3.35456070 -3.35465461 -3.35475171 -3.35484379 -3.35491609 -3.35499783 -3.35505521 -3.35511224 -3.35514459 -3.35513342 -3.35508574 -3.35498622 -3.35485305 -3.35470434 -3.35454666 -3.35440974 -3.35433175 -3.35431908 -3.35435717 -3.35443475 -3.35452168 -3.35458127 -3.35458928 -3.35453400 -3.35444939 -3.35436797 -3.35428216 -3.35424273
-3.35515853 -3.35522573 -3.35530824 -3.35539728 -3.35551118 -3.35559677 -3.35566964 -3.35573612 -3.35577677 -3.35581215 -3.35583500 -3.35585270 -3.35583881 -3.35579832 -3.35573135 -3.35562910 -3.35551212 -3.35537671 -3.35524423 -3.35513349 -3.35508626 -3.35509778 -3.35515189 -3.35524263 -3.35532182 -3.35538009 -3.35539129 -3.35535092 -3.35528278 -3.35521286 -3.35515155 -3.35513336
-3.35612641 -3.35619595 -3.35627526 -3.35637680 -3.35645389 -3.35652694 -3.35657397 -3.35661012 -3.35662536 -3.35663058 -3.35661500 -3.35658873 -3.35653963 -3.35647307 -3.35640281 -3.35630740 -3.35620137 -3.35608622 -3.35598168 -3.35590964 -3.35588993 -3.35592124 -3.35599278 -3.35608323 -3.35616100 -3.35622913 -3.35624369 -3.35622373 -3.35617433 -3.35611532 -3.35608243 -3.35608516
-3.35706491 -3.35713211 -3.35719984 -3.35726236 -3.35731574 -3.35734862 -3.35737339 -3.35738537 -3.35737087 -3.35735085 -3.35731187 -3.35725158 -3.35717778 -3.35710443 -3.35702274 -3.35693841 -3.35684365 -3.35675763 -3.35669282 -3.35666007 -3.35666471 -3.35671731 -3.35679187 -3.35688464 -3.35697700 -3.35704138 -3.35707644 -3.35705829 -3.35703245 -3.35701440 -3.35700507 -3.35701541
-3.35790921 -3.35795291 -3.35799507 -3.35801965 -3.35803944 -3.35803997 -3.35802967 -3.35800408 -3.35797434 -3.35793219 -3.35787410 -3.35779702 -3.35771435 -3.35763993 -3.35755901 -3.35748177 -3.35741344 -3.35735504 -3.35732079 -3.35731420 -3.35734498 -3.35741477 -3.35750151 -3.35760423 -3.35770415 -3.35777797 -3.35781687 -3.35782845 -3.35783813 -3.35783100 -3.35784760 -3.35787490
-3.35861749 -3.35863109 -3.35863632 -3.35861704 -3.35859474 -3.35856331 -3.35851357 -3.35846376 -3.35841917 -3.35836749 -3.35828836 -3.35821808 -3.35814121 -3.35806111 -3.35798932 -3.35792878 -3.35787645 -3.35786448 -3.35784700 -3.35786185 -3.35791267 -3.35798763 -3.35809119 -3.35819493 -3.35829846 -3.35839296 -3.35845239 -3.35849593 -3.35852292 -3.35854321 -3.35857014 -3.35859333
-3.35918094 -3.35916195 -3.35911248 -3.35905844 -3.35899770 -3.35892597 -3.35886460 -3.35880052 -3.35873819 -3.35868516 -3.35861330 -3.35854585 -3.35847276 -3.35840715 -3.35833661 -3.35828968 -3.35826406 -3.35824264 -3.35827140 -3.35829999 -3.35835451 -3.35844332 -3.35854279 -3.35866271 -3.35876971 -3.35888113 -3.35896840 -3.35902955 -3.35908185 -3.35912063 -3.35914918 -3.35917039
-3.35960146 -3.35954961 -3.35947260 -3.35938021 -3.35928555 -3.35919470 -3.35911795 -3.35904273 -3.35898719 -3.35893492 -3.35887779 -3.35881834 -3.35876288 -3.35870140 -3.35864184 -3.35859489 -3.35857424 -3.35856633 -3.35858320 -3.35861773 -3.35868153 -3.35877423 -3.35887855 -3.35899237 -3.35912453 -3.35923958 -3.35935532 -3.35943784 -3.35950926 -3.35955793 -3.35959310 -3.35960924
-3.35988069 -3.35981547 -3.35971864 -3.35960551 -3.35948892 -3.35938829 -3.35931598 -3.35924826 -3.35920479 -3.35916158 -3.35911286 -3.35907533 -3.35903113 -3.35896755 -3.35891347 -3.35886304 -3.35883666 -3.35881973 -3.35881762 -3.35884921 -3.35890277 -3.35898416 -3.35909099 -3.35920595 -3.35934358 -3.35947498 -3.35959955 -3.35971275 -3.35981032 -3.35986689 -3.35990172 -3.35991417
-3.36005468 -3.35998148 -3.35988495 -3.35976814 -3.35965626 -3.35955819 -3.35948608 -3.35943871 -3.35941141 -3.35939317 -3.35937659 -3.35934712 -3.35930594 -3.35924763 -3.35917807 -3.35912057 -3.35906496 -3.35902268 -3.35899780 -3.35899788 -3.35902781 -3.35908521 -3.35918445 -3.35929210 -3.35944152 -3.35959055 -3.35973496 -3.35986235 -3.35997336 -3.36005958 -3.36009489 -3.36009234
-3.36016957 -3.36010223 -3.36000807 -3.35990908 -3.35981478 -3.35973434 -3.35968605 -3.35964999 -3.35964413 -3.35964642 -3.35965036 -3.35963723 -3.35961432 -3.35955207 -3.35947067 -3.35937630 -3.35928944 -3.35920463 -3.35913948 -3.35909776 -3.35909368 -3.35912490 -3.35919789 -3.35930835 -3.35945744 -3.35960679 -3.35977158 -3.35991127 -3.36003474 -3.36013474 -3.36018493 -3.36019351
-3.36023177 -3.36019412 -3.36012736 -3.36004911 -3.35998177 -3.35991892 -3.35989467 -3.35989368 -3.35991023 -3.35993879 -3.35996042 -3.35996329 -3.35993076 -3.35986865 -3.35977276 -3.35964086 -3.35949600 -3.35936800 -3.35924344 -3.35915527 -3.35911251 -3.35910726 -3.35915259 -3.35925969 -3.35939129 -3.35954159 -3.35971419 -3.35987390 -3.36002090 -3.36013209 -3.36021086 -3.36024807
