32 32 0 1
-3.36060506 -3.36051328 -3.36039574 -3.36027263 -3.36014693 -3.36003115 -3.35993241 -3.35986889 -3.35984043 -3.35983454 -3.35985561 -3.35988764 -3.35990500 -3.35991032 -3.35989539 -3.35984272 -3.35976707 -3.35969156 -3.35962124 -3.35957732 -3.35957496 -3.35961818 -3.35970864 -3.35983766 -3.35999586 -3.36017255 -3.36034016 -3.36047424 -3.36058170 -3.36064957 -3.36067651 -3.36066357
-3.36058483 -3.36053223 -3.36047511 -3.36039367 -3.36031051 -3.36022685 -3.36015435 -3.36012594 -3.36010572 -3.36012542 -3.36015167 -3.36019201 -3.36022675 -3.36022410 -3.36019449 -3.36011888 -3.36001428 -3.35989530 -3.35977649 -3.35969209 -3.35966060 -3.35965669 -3.35971328 -3.35980149 -3.35993441 -3.36007575 -3.36022445 -3.36035951 -3.36046497 -3.36054552 -3.36058379 -3.36060150
-3.36055072 -3.36054626 -3.36052635 -3.36049719 -3.36046076 -3.36040567 -3.36036187 -3.36033790 -3.36034063 -3.36037171 -3.36041217 -3.36045328 -3.36048084 -3.36047527 -3.36043261 -3.36033522 -3.36021094 -3.36006995 -3.35992634 -3.35980973 -3.35973369 -3.35970186 -3.35971348 -3.35977699 -3.35985291 -3.35997730 -3.36010055 -3.36023144 -3.36033728 -3.36043263 -3.36048432 -3.36052896
-3.36049074 -3.36052401 -3.36054269 -3.36055864 -3.36055278 -3.36052818 -3.36051354 -3.36051389 -3.36051353 -3.36054225 -3.36058694 -3.36062404 -3.36064405 -3.36062198 -3.36056377 -3.36045807 -3.36032609 -3.36016782 -3.36001477 -3.35987416 -3.35977422 -3.35971458 -3.35969493 -3.35972374 -3.35977891 -3.35986920 -3.35997537 -3.36008343 -3.36019593 -3.36028578 -3.36036573 -3.36043590
-3.36037722 -3.36044425 -3.36049890 -3.36054427 -3.36057388 -3.36058417 -3.36057909 -3.36059130 -3.36060060 -3.36063292 -3.36065649 -3.36068519 -3.36069590 -3.36066541 -3.36059430 -3.36048279 -3.36033935 -3.36017948 -3.36002333 -3.35987733 -3.35976279 -3.35968540 -3.35964255 -3.35964247 -3.35967315 -3.35972549 -3.35981110 -3.35991052 -3.36001324 -3.36011146 -3.36020748 -3.36029806
-3.36019582 -3.36028890 -3.36037137 -3.36044842 -3.36050608 -3.36053062 -3.36054725 -3.36055146 -3.36056632 -3.36058764 -3.36060978 -3.36061899 -3.36062194 -3.36058674 -3.36050265 -3.36039894 -3.36025231 -3.36009809 -3.35994182 -3.35979379 -3.35967205 -3.35958375 -3.35952512 -3.35949931 -3.35950509 -3.35953465 -3.35959929 -3.35968536 -3.35978631 -3.35989479 -3.36000494 -3.36010552
-3.35992849 -3.36003773 -3.36014222 -3.36023933 -3.36030196 -3.36035435 -3.36038797 -3.36039215 -3.36040897 -3.36042371 -3.36042539 -3.36043438 -3.36041491 -3.36037772 -3.36029525 -3.36017869 -3.36004331 -3.35988904 -3.35974728 -3.35961174 -3.35948422 -3.35939108 -3.35931800 -3.35926624 -3.35925164 -3.35927719 -3.35932676 -3.35940204 -3.35949662 -3.35960383 -3.35970675 -3.35981498
-3.35953220 -3.35965320 -3.35978913 -3.35989596 -3.35996887 -3.36003742 -3.36007298 -3.36009592 -3.36010216 -3.36010337 -3.36010255 -3.36009672 -3.36006556 -3.36002483 -3.35994496 -3.35982958 -3.35969631 -3.35955710 -3.35941888 -3.35928220 -3.35916827 -3.35907164 -3.35898960 -3.35892723 -3.35890634 -3.35891551 -3.35894993 -3.35901475 -3.35911143 -3.35920554 -3.35930373 -3.35941002
-3.35899694 -3.35913445 -3.35927193 -3.35939160 -3.35948683 -3.35956317 -3.35960460 -3.35961786 -3.35962182 -3.35962347 -3.35961938 -3.35960912 -3.35957912 -3.35952122 -3.35944274 -3.35932793 -3.35920535 -3.35907455 -3.35893474 -3.35880759 -3.35870224 -3.35861076 -3.35852320 -3.35846416 -3.35842780 -3.35842462 -3.35846031 -3.35851628 -3.35859536 -3.35867169 -3.35876879 -3.35887280
-3.35834292 -3.35847748 -3.35862152 -3.35874810 -3.35884464 -3.35891907 -3.35895908 -3.35897884 -3.35898546 -3.35897435 -3.35897136 -3.35896902 -3.35893576 -3.35889008 -3.35880919 -3.35869432 -3.35857564 -3.35844177 -3.35831787 -3.35819248 -3.35808770 -3.35799690 -3.35791111 -3.35784977 -3.35782095 -3.35782755 -3.35785037 -3.35789093 -3.35794636 -3.35802234 -3.35811171 -3.35821492
-3.35754440 -3.35768129 -3.35782539 -3.35795617 -3.35804358 -3.35811193 -3.35813976 -3.35815378 -3.35816881 -3.35816576 -3.35817241 -3.35816278 -3.35815263 -3.35810746 -3.35803257 -3.35792872 -3.35780963 -3.35768104 -3.35755882 -3.35744030 -3.35733488 -3.35725230 -3.35718214 -3.35712565 -3.35710349 -3.35708899 -3.35710724 -3.35713641 -3.35718202 -3.35724339 -3.35732267 -3.35742079
-3.35663113 -3.35676934 -3.35690673 -3.35701939 -3.35710600 -3.35716132 -3.35717449 -3.35718472 -3.35719268 -3.35720934 -3.35722381 -3.35723450 -3.35724268 -3.35720774 -3.35714513 -3.35704415 -3.35693058 -3.35680505 -3.35668306 -3.35656829 -3.35646762 -3.35639394 -3.35633797 -3.35629030 -3.35626470 -3.35625142 -3.35625774 -3.35627946 -3.35630940 -3.35635735 -3.35642372 -3.35652098
-3.35564748 -3.35576758 -3.35589290 -3.35599548 -3.35605829 -3.35609708 -3.35611353 -3.35611245 -3.35611980 -3.35614848 -3.35617945 -3.35621348 -3.35623386 -3.35622466 -3.35617823 -3.35609519 -3.35598912 -3.35587289 -3.35574234 -3.35563503 -3.35554374 -3.35548207 -3.35542819 -3.35538266 -3.35536746 -3.35534965 -3.35534889 -3.35535005 -3.35536171 -3.35540656 -3.35546433 -3.35554080
-3.35463010 -3.35474070 -3.35483968 -3.35491777 -3.35497454 -3.35500425 -3.35500467 -3.35501028 -3.35503144 -3.35507227 -3.35512802 -3.35517617 -3.35520899 -3.35523242 -3.35520045 -3.35513379 -3.35504651 -3.35493078 -3.35480796 -3.35470555 -3.35462221 -3.35455931 -3.35450661 -3.35447469 -3.35446033 -3.35444259 -3.35442895 -3.35441867 -3.35442286 -3.35444337 -3.35447849 -3.35454584
-3.35367178 -3.35375705 -3.35384917 -3.35391395 -3.35395288 -3.35397635 -3.35398065 -3.35398811 -3.35401245 -3.35406697 -3.35414318 -3.35422189 -3.35428559 -3.35432243 -3.35431472 -3.35426357 -3.35418114 -3.35407713 -3.35396152 -3.35386017 -3.35377417 -3.35371226 -3.35367108 -3.35364003 -3.35362150 -3.35360647 -3.35359019 -3.35356478 -3.35354343 -3.35353953 -3.35356174 -3.35360378
-3.35284897 -3.35291889 -3.35299716 -3.35306514 -3.35310271 -3.35313274 -3.35314902 -3.35315388 -3.35319302 -3.35325594 -3.35333989 -3.35344812 -3.35352909 -3.35358710 -3.35359728 -3.35356557 -3.35349136 -3.35339422 -3.35328336 -3.35317074 -3.35308406 -3.35302191 -3.35298127 -3.35296239 -3.35294456 -3.35292855 -3.35290726 -3.35285811 -3.35281679 -3.35278489 -3.35276924 -3.35279812
-3.35227218 -3.35233183 -3.35240787 -3.35247742 -3.35252304 -3.35256149 -3.35258640 -3.35261469 -3.35266085 -3.35273124 -3.35283504 -3.35293393 -3.35302051 -3.35309648 -3.35312201 -3.35310370 -3.35303882 -3.35295135 -3.35283856 -3.35272517 -3.35263077 -3.35256575 -3.35253580 -3.35252074 -3.35250442 -3.35248238 -3.35245144 -3.35239518 -3.35232990 -3.35225690 -3.35223097 -3.35223257
-3.35199982 -3.35207397 -3.35215459 -3.35223218 -3.35228789 -3.35233834 -3.35237607 -3.35242252 -3.35248572 -3.35255584 -3.35264310 -3.35274722 -3.35284443 -3.35290780 -3.35295005 -3.35293121 -3.35288074 -3.35277729 -3.35267425 -3.35256425 -3.35247704 -3.35241495 -3.35237798 -3.35236945 -3.35235691 -3.35233777 -3.35229437 -3.35222665 -3.35213078 -3.35205000 -3.35199589 -3.35197615
-3.35210090 -3.35216805 -3.35224740 -3.35234438 -3.35242925 -3.35249259 -3.35254988 -3.35260472 -3.35266359 -3.35272437 -3.35279499 -3.35287833 -3.35295881 -3.35302251 -3.35306176 -3.35305417 -3.35300957 -3.35292048 -3.35282050 -3.35271270 -3.35262671 -3.35257109 -3.35254938 -3.35254037 -3.35253137 -3.35251314 -3.35245886 -3.35237471 -3.35226748 -3.35217608 -3.35210356 -3.35207527
-3.35254313 -3.35261404 -3.35270407 -3.35281412 -3.35291697 -3.35299336 -3.35305976 -3.35311220 -3.35315511 -3.35320306 -3.35325045 -3.35330335 -3.35336496 -3.35341273 -3.35345617 -3.35344916 -3.35340109 -3.35332875 -3.35323015 -3.35312893 -3.35305682 -3.35301580 -3.35300120 -3.35300743 -3.35301865 -3.35300059 -3.35293917 -3.35283729 -3.35273412 -3.35262954 -3.35255198 -3.35252340
-3.35328565 -3.35336036 -3.35345867 -3.35356788 -3.35368000 -3.35375810 -3.35381706 -3.35385676 -3.35387687 -3.35390326 -3.35391721 -3.35394960 -3.35398721 -3.35401470 -3.35404000 -3.35402886 -3.35399387 -3.35393745 -3.35385856 -3.35376931 -3.35371514 -3.35369989 -3.35370618 -3.35373027 -3.35375436 -3.35374747 -3.35368889 -3.35358403 -3.35346518 -3.35336594 -3.35329288 -3.35326568
-3.35424493 -3.35432009 -3.35441388 -3.35450788 -3.35461254 -3.35468117 -3.35471716 -3.35474079 -3.35473469 -3.35472493 -3.35471812 -3.35472404 -3.35472986 -3.35474013 -3.35474974 -3.35473520 -3.35471671 -3.35466959 -3.35461431 -3.35455422 -3.35452315 -3.35453758 -3.35456799 -3.35462490 -3.35465377 -3.35465689 -3.35461476 -3.35452073 -3.35441038 -3.35431111 -3.35423980 -3.35422028
-3.35532433 -3.35538067 -3.35545051 -3.35554069 -3.35559962 -3.35564838 -3.35565798 -3.35565219 -3.35562411 -3.35559166 -3.35555411 -3.35552476 -3.35550202 -3.35548651 -3.35549157 -3.35548813 -3.35547576 -3.35544295 -3.35541283 -3.35539476 -3.35540045 -3.35544525 -3.35551426 -3.35558280 -3.35563810 -3.35566871 -3.35563331 -3.35557091 -3.35547700 -3.35537691 -3.35531459 -3.35529898
-3.35642190 -3.35646383 -3.35650325 -3.35653751 -3.35656410 -3.35655781 -3.35654109 -3.35650365 -3.35644712 -3.35639196 -3.35632949 -3.35627337 -3.35623018 -3.35620946 -3.35619987 -3.35620291 -3.35619610 -3.35618851 -3.35620178 -3.35622092 -3.35626105 -3.35634089 -3.35643752 -3.35653345 -3.35661989 -3.35666940 -3.35667212 -3.35661249 -3.35654534 -3.35647942 -3.35642902 -3.35640466
-3.35746613 -3.35746728 -3.35746486 -3.35745137 -3.35741986 -3.35736388 -3.35730311 -3.35723235 -3.35715063 -3.35707225 -3.35699163 -3.35691742 -3.35687140 -3.35684657 -3.35683581 -3.35683460 -3.35685145 -3.35687053 -3.35690311 -3.35695963 -3.35704351 -3.35715230 -3.35728002 -3.35741284 -3.35753031 -3.35760351 -3.35762715 -3.35761693 -3.35757767 -3.35752597 -3.35749034 -3.35746890
-3.35837748 -3.35834310 -3.35829226 -3.35821477 -3.35812455 -3.35802454 -3.35791612 -3.35781210 -3.35771028 -3.35761724 -3.35751841 -3.35745090 -3.35739945 -3.35737099 -3.35736605 -3.35738079 -3.35740363 -3.35745901 -3.35751003 -3.35759559 -3.35770930 -3.35784534 -3.35799925 -3.35816094 -3.35830211 -3.35841638 -3.35847767 -3.35850108 -3.35849061 -3.35846290 -3.35843697 -3.35840626
-3.35914073 -3.35905460 -3.35894512 -3.35882252 -3.35867849 -3.35852569 -3.35839033 -3.35825161 -3.35813610 -3.35803750 -3.35794942 -3.35788437 -3.35783448 -3.35782235 -3.35780958 -3.35782902 -3.35787758 -3.35792840 -3.35802178 -3.35811575 -3.35824836 -3.35841181 -3.35858477 -3.35877182 -3.35893476 -3.35907703 -3.35917740 -3.35923085 -3.35925787 -3.35924765 -3.35922477 -3.35918520
-3.35972433 -3.35960268 -3.35944834 -3.35927251 -3.35908773 -3.35890673 -3.35874142 -3.35858435 -3.35846895 -3.35837565 -3.35829595 -3.35823935 -3.35821249 -3.35819310 -3.35819493 -3.35821611 -3.35826975 -3.35833170 -3.35841914 -3.35852523 -3.35866493 -3.35884776 -3.35903262 -3.35922643 -3.35941779 -3.35958072 -3.35971411 -3.35979690 -3.35985328 -3.35986225 -3.35984489 -3.35980554
-3.36013610 -3.35998854 -3.35980048 -3.35959115 -3.35937858 -3.35918556 -3.35901801 -3.35886640 -3.35875172 -3.35866378 -3.35859645 -3.35855747 -3.35854025 -3.35852801 -3.35853960 -3.35855934 -3.35860513 -3.35866415 -3.35873644 -3.35884497 -3.35897903 -3.35914794 -3.35934122 -3.35953956 -3.35974715 -3.35993021 -3.36008361 -3.36020038 -3.36028092 -3.36030326 -3.36028731 -3.36023507
-3.36038435 -3.36022346 -3.36003727 -3.35982455 -3.35960895 -3.35941084 -3.35924051 -3.35910694 -3.35900462 -3.35893919 -3.35889661 -3.35887150 -3.35886962 -3.35886527 -3.35886593 -3.35888793 -3.35890778 -3.35894667 -3.35899898 -3.35908531 -3.35919778 -3.35934061 -3.35952593 -3.35972255 -3.35993893 -3.36013995 -3.36031137 -3.36044325 -3.36053248 -3.36057745 -3.36055587 -3.36049324
-3.36052901 -3.36037639 -3.36019055 -3.35999501 -3.35979740 -3.35962071 -3.35947535 -3.35934865 -3.35926816 -3.35921990 -3.35919988 -3.35919517 -3.35921371 -3.35921701 -3.35921418 -3.35920684 -3.35921038 -3.35921124 -3.35923322 -3.35927751 -3.35936140 -3.35947726 -3.35963498 -3.35982278 -3.36003877 -3.36023214 -3.36041221 -3.36054891 -3.36064403 -3.36069502 -3.36068561 -3.36062772
-3.36058403 -3.36046378 -3.36031105 -3.36014413 -3.35998185 -3.35982051 -3.35969920 -3.35960499 -3.35954603 -3.35952572 -3.35952822 -3.35954173 -3.35955711 -3.35957053 -3.35956419 -3.35953660 -3.35949368 -3.35946556 -3.35943587 -3.35944267 -3.35948761 -3.35956532 -3.35969005 -3.35986387 -3.36004559 -3.36022764 -3.36040437 -3.36054916 -3.36065484 -3.36070931 -3.36072034 -3.36068305
