32 32 0 1
-3.36038785 -3.36032878 -3.36022696 -3.36011785 -3.36000490 -3.35989965 -3.35981786 -3.35977902 -3.35978371 -3.35981560 -3.35987366 -3.35993190 -3.35996271 -3.35996355 -3.35992230 -3.35982398 -3.35969304 -3.35955084 -3.35940638 -3.35928812 -3.35921549 -3.35920022 -3.35924855 -3.35934767 -3.35949958 -3.35968711 -3.35987896 -3.36004843 -3.36019810 -3.36031128 -3.36038249 -3.36041046
-3.36040106 -3.36037530 -3.36033257 -3.36026128 -3.36018357 -3.36010447 -3.36004623 -3.36003856 -3.36004893 -3.36010288 -3.36016379 -3.36022751 -3.36026823 -3.36025869 -3.36020380 -3.36008361 -3.35992533 -3.35974471 -3.35955765 -3.35940610 -3.35931039 -3.35925132 -3.35926315 -3.35932213 -3.35944706 -3.35959911 -3.35977141 -3.35994220 -3.36009544 -3.36022933 -3.36031766 -3.36037999
-3.36041017 -3.36042699 -3.36041590 -3.36039077 -3.36034970 -3.36029355 -3.36025721 -3.36024799 -3.36027810 -3.36034407 -3.36041403 -3.36047531 -3.36050840 -3.36049446 -3.36042592 -3.36028478 -3.36011154 -3.35991267 -3.35970814 -3.35953255 -3.35939828 -3.35931327 -3.35928435 -3.35932316 -3.35938983 -3.35952606 -3.35967190 -3.35984547 -3.36000065 -3.36015059 -3.36025874 -3.36034707
-3.36039953 -3.36044724 -3.36046838 -3.36047404 -3.36045403 -3.36042033 -3.36040260 -3.36041544 -3.36044108 -3.36050132 -3.36057369 -3.36062998 -3.36065706 -3.36062554 -3.36054205 -3.36040334 -3.36022334 -3.36001130 -3.35980531 -3.35961064 -3.35946005 -3.35935212 -3.35929747 -3.35930675 -3.35935476 -3.35945682 -3.35959340 -3.35974518 -3.35991334 -3.36006093 -3.36019480 -3.36031129
-3.36033515 -3.36040607 -3.36045137 -3.36047529 -3.36048165 -3.36047523 -3.36046175 -3.36048440 -3.36051630 -3.36057770 -3.36062577 -3.36067418 -3.36069363 -3.36065669 -3.36056800 -3.36042693 -3.36024348 -3.36003933 -3.35983328 -3.35963755 -3.35947544 -3.35935774 -3.35928845 -3.35926941 -3.35930231 -3.35937660 -3.35949331 -3.35964125 -3.35980117 -3.35995785 -3.36010432 -3.36023335
-3.36020905 -3.36029442 -3.36035568 -3.36040216 -3.36042015 -3.36042128 -3.36042688 -3.36043632 -3.36047012 -3.36052052 -3.36057009 -3.36060180 -3.36061355 -3.36057754 -3.36047778 -3.36034975 -3.36016818 -3.35997035 -3.35977326 -3.35958252 -3.35941810 -3.35930022 -3.35921811 -3.35918306 -3.35919871 -3.35925574 -3.35935920 -3.35949674 -3.35965398 -3.35981718 -3.35997336 -3.36010495
-3.35999619 -3.36008765 -3.36015683 -3.36021367 -3.36023517 -3.36025425 -3.36026878 -3.36027750 -3.36030894 -3.36035054 -3.36038599 -3.36041542 -3.36040715 -3.36036866 -3.36027771 -3.36014033 -3.35997977 -3.35979181 -3.35960926 -3.35943175 -3.35927234 -3.35915336 -3.35906562 -3.35901571 -3.35901945 -3.35907806 -3.35916859 -3.35930119 -3.35944975 -3.35960626 -3.35974889 -3.35987786
-3.35964730 -3.35974238 -3.35983517 -3.35989665 -3.35992573 -3.35995732 -3.35997409 -3.35998851 -3.36001055 -3.36003601 -3.36006481 -3.36008434 -3.36006567 -3.36003143 -3.35994567 -3.35981450 -3.35966156 -3.35949116 -3.35931434 -3.35914373 -3.35899961 -3.35888572 -3.35879575 -3.35873895 -3.35874405 -3.35879416 -3.35887978 -3.35899871 -3.35914904 -3.35928480 -3.35941606 -3.35953213
-3.35915841 -3.35926361 -3.35935287 -3.35942414 -3.35947102 -3.35951059 -3.35953062 -3.35953526 -3.35954940 -3.35957117 -3.35959160 -3.35960558 -3.35959212 -3.35954502 -3.35946279 -3.35933800 -3.35919433 -3.35903893 -3.35886739 -3.35870439 -3.35857322 -3.35846941 -3.35837891 -3.35833629 -3.35833645 -3.35838158 -3.35847045 -3.35858431 -3.35871490 -3.35882936 -3.35894656 -3.35905491
-3.35855173 -3.35864830 -3.35874298 -3.35881638 -3.35886349 -3.35889927 -3.35891631 -3.35893032 -3.35893892 -3.35894870 -3.35896617 -3.35898213 -3.35896562 -3.35892791 -3.35885038 -3.35872515 -3.35858573 -3.35842871 -3.35827455 -3.35811807 -3.35799199 -3.35788937 -3.35780858 -3.35777384 -3.35778895 -3.35785284 -3.35794131 -3.35803766 -3.35813947 -3.35824694 -3.35835067 -3.35844844
-3.35779745 -3.35789522 -3.35798684 -3.35806534 -3.35810558 -3.35813654 -3.35814117 -3.35814931 -3.35816460 -3.35817556 -3.35819691 -3.35820391 -3.35820036 -3.35816006 -3.35808793 -3.35796992 -3.35783275 -3.35768022 -3.35752618 -3.35738045 -3.35725273 -3.35716239 -3.35710609 -3.35708718 -3.35711820 -3.35717351 -3.35726140 -3.35735046 -3.35744251 -3.35753220 -3.35761458 -3.35770293
-3.35693088 -3.35702408 -3.35711200 -3.35717433 -3.35721762 -3.35723543 -3.35722794 -3.35722845 -3.35723965 -3.35726026 -3.35728631 -3.35730400 -3.35731331 -3.35727739 -3.35720940 -3.35709018 -3.35695450 -3.35679904 -3.35664456 -3.35649786 -3.35637908 -3.35630056 -3.35626967 -3.35626824 -3.35630766 -3.35637703 -3.35645975 -3.35654887 -3.35662801 -3.35670244 -3.35677109 -3.35684987
-3.35598588 -3.35606441 -3.35614075 -3.35619625 -3.35621831 -3.35622117 -3.35622315 -3.35621152 -3.35622182 -3.35625302 -3.35628791 -3.35632189 -3.35634058 -3.35631729 -3.35625221 -3.35614325 -3.35600345 -3.35584514 -3.35568011 -3.35553415 -3.35542306 -3.35536256 -3.35534036 -3.35535593 -3.35542175 -3.35549519 -3.35558189 -3.35565808 -3.35572495 -3.35579499 -3.35585363 -3.35591222
-3.35501091 -3.35508040 -3.35513572 -3.35516764 -3.35518620 -3.35518707 -3.35517299 -3.35517014 -3.35519290 -3.35523838 -3.35529617 -3.35534083 -3.35535407 -3.35535166 -3.35528676 -3.35517665 -3.35503706 -3.35486816 -3.35469735 -3.35455419 -3.35444954 -3.35439106 -3.35438397 -3.35442573 -3.35450684 -3.35459042 -3.35467812 -3.35475031 -3.35481424 -3.35486713 -3.35490803 -3.35495747
-3.35408713 -3.35413433 -3.35418629 -3.35420942 -3.35421335 -3.35421354 -3.35420451 -3.35420810 -3.35424037 -3.35430021 -3.35437885 -3.35444682 -3.35448847 -3.35448010 -3.35441612 -3.35430163 -3.35414621 -3.35397137 -3.35379107 -3.35364335 -3.35353144 -3.35348464 -3.35349102 -3.35354592 -3.35363816 -3.35373944 -3.35383675 -3.35390650 -3.35394935 -3.35398481 -3.35401828 -3.35404938
-3.35328944 -3.35332662 -3.35336701 -3.35339267 -3.35340142 -3.35341241 -3.35342137 -3.35343325 -3.35348803 -3.35356431 -3.35365209 -3.35374516 -3.35379456 -3.35379323 -3.35372502 -3.35360681 -3.35343676 -3.35324332 -3.35305773 -3.35288426 -3.35276744 -3.35271879 -3.35273596 -3.35281419 -3.35291609 -3.35302925 -3.35313219 -3.35318465 -3.35321919 -3.35323591 -3.35323863 -3.35326305
-3.35272450 -3.35275342 -3.35279457 -3.35282652 -3.35284675 -3.35287041 -3.35289763 -3.35294419 -3.35301367 -3.35310591 -3.35321843 -3.35330542 -3.35335149 -3.35335729 -3.35328544 -3.35315547 -3.35296767 -3.35276904 -3.35256096 -3.35237607 -3.35224444 -3.35219629 -3.35222521 -3.35230975 -3.35242117 -3.35253305 -3.35263671 -3.35268968 -3.35271296 -3.35269754 -3.35269573 -3.35269911
-3.35244260 -3.35248992 -3.35253850 -3.35258512 -3.35261885 -3.35266275 -3.35271137 -3.35278471 -3.35288526 -3.35298587 -3.35309274 -3.35318632 -3.35323925 -3.35322432 -3.35315545 -3.35300410 -3.35281258 -3.35257700 -3.35236171 -3.35216762 -3.35203589 -3.35198617 -3.35200704 -3.35209733 -3.35221492 -3.35233555 -3.35242646 -3.35247376 -3.35247366 -3.35245610 -3.35243744 -3.35242676
-3.35251182 -3.35255647 -3.35261016 -3.35267700 -3.35274535 -3.35280935 -3.35288591 -3.35297906 -3.35308671 -3.35318926 -3.35329119 -3.35337210 -3.35340915 -3.35338768 -3.35330965 -3.35315521 -3.35295771 -3.35271770 -3.35249178 -3.35228813 -3.35215174 -3.35209976 -3.35212829 -3.35221500 -3.35233101 -3.35245070 -3.35252854 -3.35256158 -3.35255488 -3.35252884 -3.35249671 -3.35248597
-3.35290015 -3.35295299 -3.35301714 -3.35310257 -3.35319609 -3.35327926 -3.35337133 -3.35347313 -3.35358053 -3.35368287 -3.35377401 -3.35383421 -3.35385470 -3.35381544 -3.35373707 -3.35358221 -3.35336891 -3.35313666 -3.35290031 -3.35269598 -3.35256531 -3.35252046 -3.35254798 -3.35263967 -3.35276409 -3.35287509 -3.35294190 -3.35296162 -3.35295088 -3.35291781 -3.35288403 -3.35287751
-3.35357249 -3.35362993 -3.35370695 -3.35379652 -3.35390134 -3.35399409 -3.35408841 -3.35419075 -3.35427913 -3.35437303 -3.35443904 -3.35448608 -3.35449168 -3.35444111 -3.35434525 -3.35418385 -3.35398446 -3.35376428 -3.35354499 -3.35334746 -3.35322929 -3.35319637 -3.35323321 -3.35332798 -3.35345415 -3.35356431 -3.35362853 -3.35363475 -3.35360881 -3.35358112 -3.35355283 -3.35354738
-3.35445290 -3.35451150 -3.35458493 -3.35466541 -3.35476674 -3.35485270 -3.35493128 -3.35502063 -3.35509468 -3.35516449 -3.35521621 -3.35524343 -3.35522568 -3.35516739 -3.35506114 -3.35490692 -3.35472344 -3.35452076 -3.35432042 -3.35414722 -3.35404944 -3.35403751 -3.35408523 -3.35420026 -3.35432109 -3.35442502 -3.35449237 -3.35450261 -3.35448190 -3.35445104 -3.35442194 -3.35442443
-3.35545131 -3.35549345 -3.35554359 -3.35562159 -3.35568098 -3.35575144 -3.35580888 -3.35587199 -3.35593059 -3.35597544 -3.35600371 -3.35600663 -3.35596816 -3.35589531 -3.35579755 -3.35566475 -3.35549907 -3.35531401 -3.35514484 -3.35501328 -3.35494743 -3.35495654 -3.35503379 -3.35514669 -3.35527473 -3.35539546 -3.35545798 -3.35548571 -3.35547520 -3.35544220 -3.35542224 -3.35542449
-3.35647384 -3.35650308 -3.35652367 -3.35654534 -3.35657244 -3.35659493 -3.35662507 -3.35665551 -3.35668280 -3.35671251 -3.35671602 -3.35669651 -3.35665021 -3.35658135 -3.35648402 -3.35636765 -3.35622310 -3.35607332 -3.35595797 -3.35586830 -3.35582916 -3.35586700 -3.35596073 -3.35608960 -3.35623985 -3.35636536 -3.35645349 -3.35647753 -3.35648122 -3.35647690 -3.35646634 -3.35645367
-3.35745192 -3.35743952 -3.35742160 -3.35739533 -3.35736986 -3.35733958 -3.35732601 -3.35732242 -3.35732009 -3.35732368 -3.35730681 -3.35727390 -3.35723147 -3.35717138 -3.35708857 -3.35698193 -3.35687391 -3.35676337 -3.35667503 -3.35662573 -3.35663032 -3.35669418 -3.35681052 -3.35696609 -3.35713416 -3.35727470 -3.35737357 -3.35743611 -3.35746243 -3.35746238 -3.35746274 -3.35745626
-3.35830343 -3.35826100 -3.35819527 -3.35810529 -3.35802323 -3.35794944 -3.35788416 -3.35784061 -3.35781648 -3.35779612 -3.35776638 -3.35774125 -3.35770203 -3.35764718 -3.35758321 -3.35750494 -3.35741764 -3.35735621 -3.35729136 -3.35727782 -3.35731487 -3.35740238 -3.35753664 -3.35771092 -3.35789146 -3.35806322 -3.35819139 -3.35828307 -3.35833317 -3.35834986 -3.35835469 -3.35833473
-3.35901681 -3.35892393 -3.35880299 -3.35867540 -3.35854004 -3.35841302 -3.35831871 -3.35823513 -3.35818612 -3.35815942 -3.35812888 -3.35810851 -3.35807926 -3.35804863 -3.35798931 -3.35793219 -3.35788036 -3.35782767 -3.35781508 -3.35781297 -3.35786911 -3.35797921 -3.35812817 -3.35831779 -3.35850972 -3.35870643 -3.35886574 -3.35897941 -3.35905788 -3.35908737 -3.35909031 -3.35906386
-3.35955723 -3.35943142 -3.35927514 -3.35910084 -3.35892864 -3.35876868 -3.35863681 -3.35852865 -3.35847409 -3.35844343 -3.35842149 -3.35840780 -3.35840267 -3.35837515 -3.35833709 -3.35829426 -3.35826070 -3.35822839 -3.35821758 -3.35823159 -3.35829397 -3.35841953 -3.35857659 -3.35876538 -3.35898203 -3.35918287 -3.35937244 -3.35950923 -3.35961308 -3.35965785 -3.35966526 -3.35963627
-3.35993542 -3.35979196 -3.35961063 -3.35940700 -3.35920590 -3.35903212 -3.35889393 -3.35878506 -3.35872151 -3.35869072 -3.35867706 -3.35868082 -3.35868623 -3.35866824 -3.35865166 -3.35861555 -3.35858421 -3.35855650 -3.35853764 -3.35855732 -3.35861379 -3.35872827 -3.35888925 -3.35907598 -3.35929596 -3.35951110 -3.35970736 -3.35987150 -3.35999348 -3.36005264 -3.36006244 -3.36002825
-3.36016362 -3.36001245 -3.35983774 -3.35963404 -3.35943024 -3.35925477 -3.35910960 -3.35900930 -3.35895336 -3.35893972 -3.35894768 -3.35896164 -3.35898105 -3.35897438 -3.35895056 -3.35892341 -3.35887996 -3.35884004 -3.35880442 -3.35880076 -3.35883590 -3.35892200 -3.35906833 -3.35924799 -3.35947084 -3.35969534 -3.35990422 -3.36007648 -3.36020660 -3.36028616 -3.36029777 -3.36025429
-3.36029559 -3.36016540 -3.35999524 -3.35981093 -3.35962548 -3.35946381 -3.35934254 -3.35924921 -3.35921061 -3.35920628 -3.35923084 -3.35926253 -3.35930214 -3.35930261 -3.35927663 -3.35922536 -3.35916573 -3.35909573 -3.35903366 -3.35899444 -3.35900050 -3.35905641 -3.35917279 -3.35933888 -3.35955696 -3.35976993 -3.35997817 -3.36014992 -3.36028401 -3.36037791 -3.36040114 -3.36037009
-3.36035257 -3.36025708 -3.36012252 -3.35996788 -3.35981903 -3.35967617 -3.35957506 -3.35950821 -3.35948797 -3.35950805 -3.35955041 -3.35959545 -3.35962912 -3.35963907 -3.35961244 -3.35953852 -3.35943529 -3.35933657 -3.35923143 -3.35915760 -3.35912709 -3.35914425 -3.35922704 -3.35937492 -3.35955403 -3.35974817 -3.35995066 -3.36012877 -3.36027351 -3.36037249 -3.36042286 -3.36041900
