32 32 0 1
-3.36027354 -3.36018914 -3.36007029 -3.35994953 -3.35983566 -3.35974436 -3.35968992 -3.35968895 -3.35972831 -3.35979886 -3.35988775 -3.35997243 -3.36002009 -3.36002520 -3.35998807 -3.35988651 -3.35974698 -3.35959651 -3.35944347 -3.35931536 -3.35923335 -3.35920527 -3.35923908 -3.35932880 -3.35946477 -3.35963943 -3.35982363 -3.35998578 -3.36013495 -3.36024261 -3.36030438 -3.36031951
-3.36028766 -3.36023920 -3.36017691 -3.36008897 -3.36000864 -3.35994471 -3.35990943 -3.35993938 -3.35999034 -3.36008961 -3.36018989 -3.36028674 -3.36035146 -3.36035225 -3.36029807 -3.36017237 -3.35999567 -3.35979442 -3.35958198 -3.35940521 -3.35928096 -3.35920031 -3.35919796 -3.35924157 -3.35935522 -3.35950013 -3.35967428 -3.35985023 -3.36001155 -3.36014754 -3.36023545 -3.36028605
-3.36029317 -3.36029381 -3.36026251 -3.36022053 -3.36017507 -3.36013025 -3.36011934 -3.36014786 -3.36022104 -3.36033536 -3.36045296 -3.36055677 -3.36061738 -3.36061851 -3.36055020 -3.36039907 -3.36019939 -3.35996394 -3.35972078 -3.35950221 -3.35933108 -3.35921404 -3.35916028 -3.35918175 -3.35924075 -3.35937480 -3.35952939 -3.35971686 -3.35988992 -3.36004896 -3.36016166 -3.36024877
-3.36027644 -3.36030865 -3.36031248 -3.36031085 -3.36029142 -3.36026775 -3.36027588 -3.36032605 -3.36039703 -3.36050831 -3.36063500 -3.36073263 -3.36079166 -3.36077989 -3.36069949 -3.36054246 -3.36032992 -3.36007029 -3.35980939 -3.35956091 -3.35935677 -3.35920639 -3.35911660 -3.35910281 -3.35914014 -3.35924722 -3.35939786 -3.35956748 -3.35975970 -3.35992916 -3.36007512 -3.36019469
-3.36021159 -3.36027550 -3.36030758 -3.36032624 -3.36033457 -3.36033597 -3.36035171 -3.36040998 -3.36048827 -3.36060191 -3.36070752 -3.36080008 -3.36085581 -3.36083735 -3.36074823 -3.36058500 -3.36036380 -3.36010050 -3.35983275 -3.35957342 -3.35934691 -3.35917319 -3.35905538 -3.35900784 -3.35902728 -3.35910707 -3.35924098 -3.35941444 -3.35960877 -3.35979668 -3.35996054 -3.36010689
-3.36007413 -3.36016050 -3.36021733 -3.36026223 -3.36028789 -3.36030074 -3.36033084 -3.36037972 -3.36045967 -3.36056166 -3.36066465 -3.36074589 -3.36079381 -3.36077915 -3.36067596 -3.36051820 -3.36029301 -3.36003476 -3.35976704 -3.35950377 -3.35927122 -3.35908860 -3.35895342 -3.35888475 -3.35888672 -3.35893804 -3.35906697 -3.35923792 -3.35942457 -3.35962283 -3.35980846 -3.35996187
-3.35984944 -3.35994702 -3.36002085 -3.36007963 -3.36010757 -3.36014359 -3.36018640 -3.36023239 -3.36030433 -3.36039900 -3.36049213 -3.36056971 -3.36060086 -3.36057658 -3.36047570 -3.36031349 -3.36010009 -3.35984892 -3.35959259 -3.35934218 -3.35911270 -3.35893036 -3.35879024 -3.35870178 -3.35867629 -3.35873442 -3.35884318 -3.35900644 -3.35919594 -3.35939357 -3.35956736 -3.35971804
-3.35948750 -3.35959671 -3.35969448 -3.35976580 -3.35980294 -3.35984724 -3.35989159 -3.35994224 -3.36001141 -3.36008657 -3.36017033 -3.36023181 -3.36024605 -3.36022200 -3.36012560 -3.35996604 -3.35976431 -3.35953464 -3.35929329 -3.35904998 -3.35883561 -3.35865686 -3.35851579 -3.35842009 -3.35839577 -3.35844065 -3.35854076 -3.35868764 -3.35887582 -3.35905122 -3.35921913 -3.35935854
-3.35899386 -3.35910183 -3.35920675 -3.35928875 -3.35934476 -3.35939199 -3.35943602 -3.35947862 -3.35954104 -3.35960969 -3.35967765 -3.35973140 -3.35974068 -3.35970148 -3.35960526 -3.35945492 -3.35926678 -3.35905271 -3.35882907 -3.35860426 -3.35840836 -3.35824822 -3.35810502 -3.35802475 -3.35800032 -3.35804300 -3.35814081 -3.35828216 -3.35844614 -3.35859485 -3.35874128 -3.35887674
-3.35837783 -3.35847388 -3.35857227 -3.35866561 -3.35872250 -3.35877605 -3.35881291 -3.35886041 -3.35890662 -3.35895511 -3.35901061 -3.35905539 -3.35906020 -3.35902229 -3.35892383 -3.35877593 -3.35860268 -3.35840551 -3.35820703 -3.35801032 -3.35783260 -3.35767937 -3.35756194 -3.35749559 -3.35748186 -3.35754023 -3.35763716 -3.35776010 -3.35789239 -3.35802597 -3.35815403 -3.35826813
-3.35761810 -3.35771098 -3.35780487 -3.35788642 -3.35794253 -3.35799134 -3.35802313 -3.35805150 -3.35809516 -3.35813208 -3.35817761 -3.35819887 -3.35819828 -3.35815603 -3.35806849 -3.35793040 -3.35777137 -3.35759083 -3.35742068 -3.35725151 -3.35709401 -3.35698013 -3.35689317 -3.35685069 -3.35686381 -3.35691400 -3.35700713 -3.35711803 -3.35723178 -3.35734161 -3.35743856 -3.35752830
-3.35675467 -3.35683694 -3.35691437 -3.35697762 -3.35702922 -3.35706578 -3.35707720 -3.35709383 -3.35711422 -3.35714181 -3.35717035 -3.35718903 -3.35718680 -3.35713801 -3.35705862 -3.35693076 -3.35678411 -3.35662960 -3.35647940 -3.35634018 -3.35622782 -3.35614572 -3.35610055 -3.35609681 -3.35612652 -3.35619055 -3.35627651 -3.35637789 -3.35646873 -3.35655100 -3.35661655 -3.35668703
-3.35582177 -3.35587164 -3.35593735 -3.35598600 -3.35601108 -3.35602569 -3.35602936 -3.35602170 -3.35602183 -3.35603395 -3.35604759 -3.35605532 -3.35604530 -3.35600724 -3.35592948 -3.35582552 -3.35569963 -3.35557385 -3.35544364 -3.35534325 -3.35527444 -3.35523951 -3.35523571 -3.35525750 -3.35532826 -3.35540029 -3.35548714 -3.35556576 -3.35563461 -3.35569297 -3.35573626 -3.35577518
-3.35486329 -3.35489613 -3.35492730 -3.35494634 -3.35495919 -3.35495498 -3.35492693 -3.35490585 -3.35489034 -3.35488960 -3.35489113 -3.35488572 -3.35486385 -3.35483678 -3.35476752 -3.35467966 -3.35458246 -3.35448075 -3.35438561 -3.35432714 -3.35430196 -3.35430631 -3.35434767 -3.35441850 -3.35451668 -3.35460214 -3.35468497 -3.35475038 -3.35480076 -3.35483051 -3.35483336 -3.35485046
-3.35396819 -3.35396412 -3.35397834 -3.35397814 -3.35396132 -3.35393386 -3.35389554 -3.35385333 -3.35381457 -3.35379555 -3.35379165 -3.35378839 -3.35377752 -3.35374388 -3.35368695 -3.35361537 -3.35353687 -3.35346384 -3.35340686 -3.35338426 -3.35339365 -3.35345064 -3.35353844 -3.35364241 -3.35376127 -3.35386463 -3.35395287 -3.35400360 -3.35401628 -3.35401190 -3.35399355 -3.35397816
-3.35320339 -3.35318065 -3.35317293 -3.35315681 -3.35312213 -3.35308449 -3.35303347 -3.35296994 -3.35292099 -3.35289015 -3.35286639 -3.35286794 -3.35286069 -3.35283745 -3.35279092 -3.35273906 -3.35267743 -3.35262872 -3.35260445 -3.35260529 -3.35264800 -3.35274197 -3.35287093 -3.35301606 -3.35315291 -3.35327352 -3.35336001 -3.35338410 -3.35337070 -3.35333092 -3.35327116 -3.35323492
-3.35267642 -3.35263595 -3.35261464 -3.35258622 -3.35254179 -3.35249253 -3.35242985 -3.35236599 -3.35230573 -3.35226499 -3.35225071 -3.35222872 -3.35221844 -3.35220761 -3.35217409 -3.35213712 -3.35208993 -3.35206609 -3.35205562 -3.35208665 -3.35215307 -3.35227684 -3.35244130 -3.35261405 -3.35277075 -3.35288820 -3.35296812 -3.35297733 -3.35293982 -3.35285538 -3.35278523 -3.35272104
-3.35243629 -3.35240380 -3.35237893 -3.35234739 -3.35229444 -3.35223761 -3.35217302 -3.35211055 -3.35205245 -3.35200918 -3.35197471 -3.35195825 -3.35195376 -3.35193155 -3.35191615 -3.35187938 -3.35185276 -3.35182185 -3.35183297 -3.35188425 -3.35197804 -3.35212393 -3.35229855 -3.35249037 -3.35265601 -3.35277985 -3.35284037 -3.35283312 -3.35276414 -3.35266995 -3.35257383 -3.35249323
-3.35253916 -3.35250492 -3.35247642 -3.35244999 -3.35241164 -3.35235401 -3.35229644 -3.35223656 -3.35217511 -3.35212253 -3.35207578 -3.35205220 -3.35204073 -3.35202092 -3.35200724 -3.35198052 -3.35196351 -3.35194786 -3.35196831 -3.35202552 -3.35213127 -3.35228698 -3.35247950 -3.35267780 -3.35283947 -3.35295710 -3.35299710 -3.35296936 -3.35288737 -3.35278369 -3.35267616 -3.35259301
-3.35296413 -3.35293550 -3.35291033 -3.35289361 -3.35286765 -3.35281966 -3.35276468 -3.35270348 -3.35264024 -3.35258560 -3.35253597 -3.35249584 -3.35247703 -3.35244984 -3.35244744 -3.35242479 -3.35239896 -3.35239305 -3.35240933 -3.35246864 -3.35258542 -3.35275171 -3.35294207 -3.35313908 -3.35330771 -3.35341285 -3.35343837 -3.35339144 -3.35330834 -3.35319856 -3.35309014 -3.35301732
-3.35366378 -3.35364740 -3.35363356 -3.35361622 -3.35360170 -3.35355798 -3.35350209 -3.35344406 -3.35337355 -3.35331512 -3.35325313 -3.35321385 -3.35318450 -3.35315158 -3.35313545 -3.35310507 -3.35308227 -3.35308519 -3.35310802 -3.35316611 -3.35328318 -3.35345523 -3.35364475 -3.35384047 -3.35400211 -3.35410446 -3.35412568 -3.35406267 -3.35396585 -3.35386589 -3.35377106 -3.35370392
-3.35455950 -3.35455620 -3.35454246 -3.35452239 -3.35451193 -3.35446797 -3.35440321 -3.35434245 -3.35427600 -3.35420367 -3.35414556 -3.35409940 -3.35404920 -3.35401236 -3.35398030 -3.35395042 -3.35393281 -3.35393115 -3.35395248 -3.35401521 -3.35413398 -3.35430757 -3.35449837 -3.35469394 -3.35484422 -3.35493677 -3.35495678 -3.35490128 -3.35481413 -3.35471818 -3.35463550 -3.35458659
-3.35556189 -3.35554959 -3.35553072 -3.35551445 -3.35547827 -3.35543212 -3.35536228 -3.35529615 -3.35522794 -3.35516286 -3.35509155 -3.35503383 -3.35496676 -3.35491618 -3.35488387 -3.35485201 -3.35483704 -3.35482806 -3.35485418 -3.35493185 -3.35506121 -3.35522931 -3.35542237 -3.35560675 -3.35575668 -3.35585656 -3.35587198 -3.35583808 -3.35576745 -3.35567936 -3.35561969 -3.35558047
-3.35657353 -3.35655772 -3.35652512 -3.35647651 -3.35641928 -3.35634459 -3.35627214 -3.35620229 -3.35613081 -3.35606425 -3.35599269 -3.35591784 -3.35584878 -3.35579294 -3.35574666 -3.35571811 -3.35569491 -3.35569525 -3.35574604 -3.35583035 -3.35596113 -3.35613109 -3.35632072 -3.35650870 -3.35666665 -3.35676246 -3.35679895 -3.35677227 -3.35671759 -3.35667017 -3.35662696 -3.35658670
-3.35751845 -3.35748079 -3.35742263 -3.35734348 -3.35725945 -3.35715614 -3.35706938 -3.35698955 -3.35691067 -3.35684196 -3.35676916 -3.35669055 -3.35662187 -3.35656427 -3.35651617 -3.35648226 -3.35647365 -3.35648681 -3.35653668 -3.35663077 -3.35677159 -3.35694974 -3.35714339 -3.35733417 -3.35749749 -3.35760229 -3.35765477 -3.35765865 -3.35764081 -3.35760009 -3.35757459 -3.35754706
-3.35833415 -3.35826876 -3.35818024 -3.35806617 -3.35794471 -3.35782195 -3.35771020 -3.35761788 -3.35753966 -3.35747149 -3.35739316 -3.35732650 -3.35726190 -3.35720818 -3.35715838 -3.35713055 -3.35712585 -3.35716734 -3.35721871 -3.35732140 -3.35746522 -3.35763971 -3.35783593 -3.35802701 -3.35819140 -3.35832623 -3.35840631 -3.35843959 -3.35844631 -3.35843044 -3.35840694 -3.35837415
-3.35899952 -3.35889904 -3.35876692 -3.35862159 -3.35846849 -3.35831984 -3.35819964 -3.35809544 -3.35801728 -3.35795411 -3.35788846 -3.35783623 -3.35777937 -3.35773582 -3.35769208 -3.35766447 -3.35767870 -3.35770488 -3.35778953 -3.35788319 -3.35802450 -3.35820021 -3.35838763 -3.35858376 -3.35875345 -3.35891117 -3.35901732 -3.35908009 -3.35911339 -3.35911356 -3.35909844 -3.35905597
-3.35949873 -3.35936681 -3.35920440 -3.35902738 -3.35884700 -3.35868335 -3.35855179 -3.35844301 -3.35837904 -3.35833083 -3.35828291 -3.35824616 -3.35821599 -3.35816995 -3.35813564 -3.35812062 -3.35812916 -3.35815826 -3.35822123 -3.35831969 -3.35845153 -3.35861653 -3.35879611 -3.35898741 -3.35918100 -3.35934028 -3.35947568 -3.35956683 -3.35962629 -3.35963907 -3.35962261 -3.35958047
-3.35984379 -3.35969740 -3.35951163 -3.35931035 -3.35911637 -3.35894582 -3.35882102 -3.35872088 -3.35866472 -3.35863123 -3.35861083 -3.35860078 -3.35858539 -3.35855450 -3.35853058 -3.35851074 -3.35851426 -3.35853436 -3.35857032 -3.35864654 -3.35875611 -3.35889869 -3.35907364 -3.35925351 -3.35944502 -3.35961973 -3.35976775 -3.35988843 -3.35997475 -3.36000354 -3.35999137 -3.35994176
-3.36005480 -3.35990181 -3.35972108 -3.35951624 -3.35931635 -3.35915464 -3.35902956 -3.35895330 -3.35891213 -3.35890909 -3.35891936 -3.35892930 -3.35893954 -3.35892740 -3.35889784 -3.35887778 -3.35885186 -3.35884105 -3.35884583 -3.35888580 -3.35895632 -3.35906739 -3.35921435 -3.35937886 -3.35957320 -3.35976290 -3.35992990 -3.36006729 -3.36016687 -3.36022452 -3.36021764 -3.36016039
-3.36018435 -3.36003519 -3.35985489 -3.35966867 -3.35949167 -3.35934208 -3.35924081 -3.35917901 -3.35916889 -3.35918513 -3.35922506 -3.35926398 -3.35929931 -3.35930101 -3.35927399 -3.35922443 -3.35917694 -3.35911922 -3.35907879 -3.35906281 -3.35908851 -3.35915851 -3.35927635 -3.35942936 -3.35962163 -3.35980426 -3.35998439 -3.36012910 -3.36024068 -3.36031314 -3.36031912 -3.36027732
-3.36024052 -3.36012312 -3.35997167 -3.35981090 -3.35966429 -3.35953248 -3.35946049 -3.35942796 -3.35943932 -3.35949179 -3.35955680 -3.35961854 -3.35965780 -3.35967259 -3.35964476 -3.35957152 -3.35947202 -3.35937672 -3.35927937 -3.35920706 -3.35918125 -3.35919630 -3.35927176 -3.35940914 -3.35957019 -3.35974745 -3.35993031 -3.36009189 -3.36022167 -3.36030584 -3.36034481 -3.36032629
