32 32 0 1
-3.36056935 -3.36052710 -3.36044750 -3.36035956 -3.36026261 -3.36017194 -3.36010246 -3.36007165 -3.36008333 -3.36012188 -3.36018492 -3.36025388 -3.36029671 -3.36031382 -3.36028966 -3.36020927 -3.36008957 -3.35995309 -3.35981638 -3.35969813 -3.35961778 -3.35958553 -3.35959993 -3.35966584 -3.35977016 -3.35991517 -3.36006620 -3.36020537 -3.36034183 -3.36045230 -3.36053027 -3.36057307
-3.36063529 -3.36062477 -3.36059304 -3.36052966 -3.36045612 -3.36037971 -3.36032049 -3.36031322 -3.36032330 -3.36038183 -3.36044866 -3.36052777 -3.36058479 -3.36059511 -3.36055351 -3.36044924 -3.36029623 -3.36011079 -3.35991701 -3.35975264 -3.35963921 -3.35955861 -3.35954493 -3.35958036 -3.35967541 -3.35980149 -3.35995572 -3.36011585 -3.36026983 -3.36040907 -3.36051324 -3.36059557
-3.36067210 -3.36070370 -3.36069720 -3.36066975 -3.36062270 -3.36055606 -3.36050997 -3.36049149 -3.36051247 -3.36058229 -3.36066202 -3.36074008 -3.36079414 -3.36080282 -3.36074865 -3.36061459 -3.36043660 -3.36022189 -3.35999551 -3.35979390 -3.35963345 -3.35952804 -3.35947853 -3.35950151 -3.35955390 -3.35967928 -3.35982690 -3.36000666 -3.36017822 -3.36034638 -3.36048008 -3.36059420
-3.36067128 -3.36072786 -3.36074900 -3.36074893 -3.36071343 -3.36065695 -3.36062414 -3.36061997 -3.36063282 -3.36069776 -3.36078822 -3.36086099 -3.36091277 -3.36090688 -3.36083608 -3.36069339 -3.36050083 -3.36026064 -3.36002201 -3.35978895 -3.35960148 -3.35946750 -3.35939666 -3.35939390 -3.35943564 -3.35954807 -3.35969959 -3.35987555 -3.36007241 -3.36025134 -3.36041793 -3.36056235
-3.36058903 -3.36067193 -3.36071143 -3.36072041 -3.36069953 -3.36066615 -3.36063121 -3.36063349 -3.36065844 -3.36072591 -3.36079765 -3.36087537 -3.36092092 -3.36090609 -3.36082706 -3.36067826 -3.36047227 -3.36022518 -3.35996918 -3.35972702 -3.35952162 -3.35937209 -3.35927815 -3.35925351 -3.35929030 -3.35938053 -3.35952464 -3.35970602 -3.35991091 -3.36011112 -3.36029742 -3.36046516
-3.36041104 -3.36050537 -3.36055879 -3.36059039 -3.36058815 -3.36055679 -3.36053509 -3.36053031 -3.36056026 -3.36062280 -3.36069921 -3.36076698 -3.36081507 -3.36080834 -3.36071425 -3.36056916 -3.36035100 -3.36009763 -3.35983706 -3.35958735 -3.35937439 -3.35922243 -3.35911472 -3.35907048 -3.35909124 -3.35916587 -3.35930714 -3.35948791 -3.35969213 -3.35990831 -3.36010789 -3.36027832
-3.36011135 -3.36021626 -3.36028462 -3.36031934 -3.36032025 -3.36031393 -3.36031667 -3.36031490 -3.36035627 -3.36042194 -3.36049396 -3.36056793 -3.36060121 -3.36059380 -3.36050361 -3.36034423 -3.36012915 -3.35987467 -3.35961623 -3.35937112 -3.35915643 -3.35899910 -3.35888106 -3.35881976 -3.35882433 -3.35890097 -3.35902775 -3.35920727 -3.35941044 -3.35961918 -3.35980926 -3.35997094
-3.35966863 -3.35976928 -3.35985761 -3.35990264 -3.35991315 -3.35993007 -3.35994464 -3.35997072 -3.36002308 -3.36008800 -3.36017134 -3.36024556 -3.36027331 -3.36026275 -3.36018163 -3.36001878 -3.35980657 -3.35955784 -3.35929929 -3.35904704 -3.35883443 -3.35866899 -3.35854581 -3.35847260 -3.35847972 -3.35854558 -3.35866071 -3.35882300 -3.35902945 -3.35921550 -3.35938372 -3.35952936
-3.35907455 -3.35918019 -3.35926797 -3.35932646 -3.35935835 -3.35939218 -3.35942554 -3.35947222 -3.35954276 -3.35962897 -3.35972761 -3.35980563 -3.35984356 -3.35982455 -3.35974277 -3.35958877 -3.35937764 -3.35913370 -3.35887036 -3.35861381 -3.35840158 -3.35823218 -3.35809851 -3.35803731 -3.35802869 -3.35808725 -3.35819555 -3.35834613 -3.35851676 -3.35867294 -3.35883301 -3.35896107
-3.35836027 -3.35844862 -3.35853066 -3.35859657 -3.35864183 -3.35869813 -3.35875673 -3.35882676 -3.35891675 -3.35902449 -3.35913554 -3.35923839 -3.35929167 -3.35928696 -3.35920481 -3.35904921 -3.35884112 -3.35859428 -3.35833720 -3.35808156 -3.35784841 -3.35766994 -3.35754093 -3.35747822 -3.35746961 -3.35753180 -3.35763237 -3.35775818 -3.35789072 -3.35802903 -3.35814830 -3.35825990
-3.35750837 -3.35758351 -3.35765287 -3.35772670 -3.35777466 -3.35784743 -3.35791627 -3.35800743 -3.35813375 -3.35826407 -3.35841035 -3.35852945 -3.35860828 -3.35861792 -3.35855242 -3.35840169 -3.35819885 -3.35794584 -3.35768157 -3.35742241 -3.35718570 -3.35700759 -3.35687899 -3.35681368 -3.35682379 -3.35686843 -3.35696178 -3.35706240 -3.35717397 -3.35727231 -3.35735751 -3.35743442
-3.35656628 -3.35661572 -3.35667214 -3.35673038 -3.35679156 -3.35685957 -3.35694320 -3.35705589 -3.35719616 -3.35736327 -3.35754026 -3.35769574 -3.35780339 -3.35783293 -3.35778789 -3.35763924 -3.35743877 -3.35718783 -3.35691999 -3.35665149 -3.35641935 -3.35624296 -3.35612193 -3.35606668 -3.35607754 -3.35612549 -3.35620583 -3.35629311 -3.35637050 -3.35643313 -3.35647724 -3.35651892
-3.35557331 -3.35558911 -3.35562430 -3.35567052 -3.35571926 -3.35578511 -3.35588121 -3.35600597 -3.35616661 -3.35636265 -3.35656986 -3.35675203 -3.35689082 -3.35695145 -3.35692035 -3.35679928 -3.35660463 -3.35635729 -3.35607979 -3.35581512 -3.35558919 -3.35541696 -3.35530715 -3.35526494 -3.35528994 -3.35534479 -3.35541892 -3.35548299 -3.35552613 -3.35555823 -3.35556397 -3.35556389
-3.35459563 -3.35458067 -3.35458134 -3.35459609 -3.35464454 -3.35471098 -3.35479739 -3.35493582 -3.35512425 -3.35534473 -3.35557028 -3.35577777 -3.35592791 -3.35601816 -3.35601080 -3.35590793 -3.35572489 -3.35548188 -3.35521369 -3.35495424 -3.35473887 -3.35457736 -3.35448436 -3.35446672 -3.35451605 -3.35457583 -3.35464566 -3.35469450 -3.35471987 -3.35470853 -3.35467099 -3.35463542
-3.35372637 -3.35366612 -3.35364407 -3.35364598 -3.35366869 -3.35373010 -3.35382412 -3.35396189 -3.35415413 -3.35438028 -3.35462746 -3.35485690 -3.35503686 -3.35513789 -3.35514698 -3.35505926 -3.35488274 -3.35465562 -3.35439396 -3.35414669 -3.35394155 -3.35380341 -3.35373925 -3.35374571 -3.35381273 -3.35389359 -3.35397078 -3.35400898 -3.35400239 -3.35395213 -3.35387970 -3.35379998
-3.35303248 -3.35295300 -3.35291125 -3.35289470 -3.35291310 -3.35296899 -3.35306578 -3.35319849 -3.35338846 -3.35360940 -3.35385307 -3.35409217 -3.35428144 -3.35439339 -3.35441495 -3.35433668 -3.35417134 -3.35395571 -3.35370942 -3.35346610 -3.35327659 -3.35316049 -3.35312975 -3.35317455 -3.35326743 -3.35337454 -3.35345853 -3.35347854 -3.35344862 -3.35336477 -3.35324557 -3.35313926
-3.35262079 -3.35252174 -3.35247045 -3.35245165 -3.35246600 -3.35252109 -3.35261078 -3.35274623 -3.35291874 -3.35312803 -3.35336410 -3.35358040 -3.35374828 -3.35386446 -3.35388685 -3.35381317 -3.35365725 -3.35345849 -3.35322348 -3.35300069 -3.35282908 -3.35274187 -3.35274993 -3.35282822 -3.35295273 -3.35307052 -3.35316123 -3.35318129 -3.35313696 -3.35301382 -3.35287976 -3.35274186
-3.35252709 -3.35243811 -3.35238939 -3.35237857 -3.35239305 -3.35244406 -3.35252988 -3.35265927 -3.35281898 -3.35299814 -3.35319432 -3.35338089 -3.35353653 -3.35362120 -3.35364371 -3.35356154 -3.35341838 -3.35321196 -3.35300223 -3.35280435 -3.35266972 -3.35261564 -3.35264641 -3.35275646 -3.35290689 -3.35304478 -3.35313748 -3.35315556 -3.35308798 -3.35296391 -3.35281093 -3.35265638
-3.35278293 -3.35270468 -3.35265886 -3.35266556 -3.35269960 -3.35275300 -3.35283819 -3.35295282 -3.35307893 -3.35321621 -3.35336469 -3.35350381 -3.35361874 -3.35368215 -3.35368043 -3.35360287 -3.35346737 -3.35327970 -3.35308737 -3.35291592 -3.35280955 -3.35278580 -3.35285375 -3.35298614 -3.35315013 -3.35330136 -3.35338531 -3.35339977 -3.35332941 -3.35320553 -3.35304821 -3.35289862
-3.35334086 -3.35328218 -3.35326047 -3.35328615 -3.35333444 -3.35339389 -3.35347220 -3.35355986 -3.35364933 -3.35374902 -3.35384370 -3.35393040 -3.35399823 -3.35401774 -3.35400864 -3.35392701 -3.35378811 -3.35362349 -3.35344960 -3.35330170 -3.35322798 -3.35323416 -3.35332895 -3.35348168 -3.35366228 -3.35381340 -3.35389532 -3.35389634 -3.35383728 -3.35372124 -3.35357188 -3.35344417
-3.35413785 -3.35410826 -3.35411190 -3.35414399 -3.35420944 -3.35426403 -3.35432596 -3.35438831 -3.35443747 -3.35449696 -3.35453395 -3.35457396 -3.35459891 -3.35458563 -3.35454526 -3.35445357 -3.35432848 -3.35418955 -3.35404258 -3.35392256 -3.35387773 -3.35391630 -3.35402718 -3.35419565 -3.35437599 -3.35453073 -3.35461148 -3.35460946 -3.35454081 -3.35444332 -3.35431757 -3.35421356
-3.35507909 -3.35507816 -3.35509537 -3.35512664 -3.35519465 -3.35524190 -3.35527890 -3.35531698 -3.35533368 -3.35534340 -3.35534361 -3.35534339 -3.35532259 -3.35527949 -3.35521617 -3.35512242 -3.35501929 -3.35489647 -3.35477835 -3.35469176 -3.35467968 -3.35474478 -3.35487098 -3.35505094 -3.35521668 -3.35536122 -3.35544221 -3.35544413 -3.35539018 -3.35530322 -3.35520109 -3.35512703
-3.35607245 -3.35607654 -3.35609664 -3.35614078 -3.35617851 -3.35621339 -3.35622641 -3.35623453 -3.35622561 -3.35620586 -3.35616719 -3.35612899 -3.35607139 -3.35600475 -3.35594056 -3.35585572 -3.35576289 -3.35565936 -3.35557603 -3.35553309 -3.35555193 -3.35563645 -3.35577881 -3.35595222 -3.35610935 -3.35624930 -3.35632216 -3.35633669 -3.35629620 -3.35621583 -3.35614567 -3.35609381
-3.35703012 -3.35703871 -3.35705078 -3.35706521 -3.35707774 -3.35707640 -3.35707129 -3.35705188 -3.35701504 -3.35697647 -3.35691548 -3.35684966 -3.35677172 -3.35670050 -3.35662924 -3.35655747 -3.35647520 -3.35640798 -3.35636820 -3.35636459 -3.35640972 -3.35651690 -3.35666064 -3.35682507 -3.35698694 -3.35710938 -3.35718381 -3.35719070 -3.35716487 -3.35712135 -3.35707390 -3.35703416
-3.35789332 -3.35788365 -3.35787881 -3.35785912 -3.35784034 -3.35780518 -3.35776722 -3.35771537 -3.35766415 -3.35760810 -3.35753710 -3.35745598 -3.35737917 -3.35731119 -3.35724526 -3.35718342 -3.35713405 -3.35709922 -3.35708663 -3.35711243 -3.35718699 -3.35731273 -3.35746010 -3.35762493 -3.35777979 -3.35789887 -3.35796462 -3.35798603 -3.35798146 -3.35794941 -3.35792536 -3.35790608
-3.35861813 -3.35859196 -3.35855210 -3.35849340 -3.35843536 -3.35836691 -3.35829127 -3.35821713 -3.35815322 -3.35809115 -3.35800937 -3.35794337 -3.35787688 -3.35781595 -3.35776393 -3.35772218 -3.35769601 -3.35770191 -3.35771469 -3.35776455 -3.35785922 -3.35798680 -3.35814408 -3.35830234 -3.35844515 -3.35856906 -3.35864273 -3.35867844 -3.35868796 -3.35867443 -3.35866195 -3.35864120
-3.35920675 -3.35914606 -3.35906058 -3.35897272 -3.35887287 -3.35876662 -3.35867711 -3.35859154 -3.35851536 -3.35845585 -3.35838732 -3.35833279 -3.35828250 -3.35824222 -3.35819901 -3.35817600 -3.35817414 -3.35818461 -3.35824114 -3.35830821 -3.35840716 -3.35853839 -3.35868652 -3.35884825 -3.35898318 -3.35911006 -3.35919388 -3.35924517 -3.35926773 -3.35927146 -3.35925879 -3.35923648
-3.35965508 -3.35956869 -3.35945661 -3.35932601 -3.35919600 -3.35906785 -3.35896249 -3.35886676 -3.35880078 -3.35874571 -3.35870322 -3.35866603 -3.35863552 -3.35860901 -3.35858540 -3.35857455 -3.35858630 -3.35860617 -3.35865817 -3.35873059 -3.35883218 -3.35896333 -3.35910601 -3.35925144 -3.35940153 -3.35952116 -3.35962143 -3.35968109 -3.35971748 -3.35972913 -3.35972722 -3.35970363
-3.35997953 -3.35987557 -3.35974317 -3.35959429 -3.35943801 -3.35930229 -3.35919791 -3.35910559 -3.35905012 -3.35900578 -3.35897742 -3.35896613 -3.35896373 -3.35894463 -3.35893897 -3.35893082 -3.35894253 -3.35896302 -3.35899581 -3.35906082 -3.35914496 -3.35925974 -3.35939511 -3.35953087 -3.35967658 -3.35980174 -3.35990864 -3.35999028 -3.36005496 -3.36007127 -3.36006842 -3.36004486
-3.36019651 -3.36009113 -3.35995781 -3.35980165 -3.35964484 -3.35951113 -3.35940103 -3.35932538 -3.35928017 -3.35926224 -3.35926628 -3.35927691 -3.35928862 -3.35928821 -3.35927558 -3.35927497 -3.35926428 -3.35926330 -3.35926963 -3.35930061 -3.35935520 -3.35943651 -3.35955263 -3.35967059 -3.35982027 -3.35995682 -3.36007905 -3.36017683 -3.36025261 -3.36029867 -3.36029646 -3.36026252
-3.36035784 -3.36025954 -3.36012933 -3.35999127 -3.35984678 -3.35972492 -3.35962897 -3.35955437 -3.35952905 -3.35953466 -3.35956057 -3.35959317 -3.35963342 -3.35964501 -3.35963170 -3.35960116 -3.35957082 -3.35952881 -3.35949758 -3.35948299 -3.35950077 -3.35954527 -3.35962584 -3.35973608 -3.35988013 -3.36001582 -3.36015139 -3.36026225 -3.36035109 -3.36041676 -3.36043347 -3.36041255
-3.36047064 -3.36040195 -3.36029576 -3.36017451 -3.36005476 -3.35993806 -3.35986245 -3.35981571 -3.35980239 -3.35982974 -3.35987507 -3.35993113 -3.35997246 -3.35999155 -3.35997778 -3.35992177 -3.35984183 -3.35976366 -3.35967715 -3.35961369 -3.35958879 -3.35958885 -3.35963443 -3.35973660 -3.35985635 -3.35998878 -3.36013060 -3.36026185 -3.36037688 -3.36045832 -3.36050508 -3.36051599
