32 32 0 1
-3.36089112 -3.36077784 -3.36064058 -3.36050345 -3.36037718 -3.36028283 -3.36021328 -3.36018243 -3.36018148 -3.36019720 -3.36021875 -3.36022737 -3.36020602 -3.36016294 -3.36010503 -3.36001478 -3.35992331 -3.35984066 -3.35977467 -3.35973462 -3.35973246 -3.35977075 -3.35985340 -3.35997242 -3.36012712 -3.36031276 -3.36050409 -3.36067353 -3.36081908 -3.36091683 -3.36096610 -3.36095744
-3.36088120 -3.36080866 -3.36072525 -3.36062170 -3.36052796 -3.36045038 -3.36038792 -3.36037461 -3.36036441 -3.36038954 -3.36039948 -3.36041001 -3.36039063 -3.36033538 -3.36025565 -3.36014079 -3.36001412 -3.35988924 -3.35977008 -3.35969143 -3.35966094 -3.35965942 -3.35971925 -3.35981225 -3.35995766 -3.36012873 -3.36032187 -3.36050569 -3.36066751 -3.36079702 -3.36087371 -3.36090343
-3.36083417 -3.36081283 -3.36076702 -3.36071159 -3.36065277 -3.36058856 -3.36053880 -3.36051438 -3.36051158 -3.36052780 -3.36054241 -3.36053918 -3.36051269 -3.36045028 -3.36035853 -3.36021890 -3.36007227 -3.35991703 -3.35977011 -3.35965258 -3.35958109 -3.35956041 -3.35958038 -3.35966103 -3.35977204 -3.35994278 -3.36012142 -3.36032276 -3.36049453 -3.36064636 -3.36074728 -3.36081283
-3.36075796 -3.36077427 -3.36076547 -3.36075677 -3.36072253 -3.36067286 -3.36063873 -3.36062381 -3.36060851 -3.36061039 -3.36061920 -3.36060676 -3.36057168 -3.36049748 -3.36039108 -3.36024713 -3.36008742 -3.35990403 -3.35974331 -3.35960338 -3.35950119 -3.35945091 -3.35945364 -3.35950837 -3.35960216 -3.35975209 -3.35992941 -3.36011656 -3.36030831 -3.36046929 -3.36060230 -3.36070003
-3.36064334 -3.36069660 -3.36072438 -3.36073335 -3.36073002 -3.36071100 -3.36067896 -3.36066416 -3.36064436 -3.36064143 -3.36062271 -3.36060557 -3.36056425 -3.36047883 -3.36036776 -3.36021942 -3.36005367 -3.35986880 -3.35969822 -3.35954565 -3.35943030 -3.35936158 -3.35934148 -3.35936793 -3.35945316 -3.35957432 -3.35973743 -3.35992410 -3.36011076 -3.36028742 -3.36043349 -3.36055324
-3.36050749 -3.36058858 -3.36064138 -3.36068566 -3.36070344 -3.36069411 -3.36067815 -3.36065023 -3.36063104 -3.36060694 -3.36058434 -3.36054246 -3.36049161 -3.36041941 -3.36029715 -3.36016155 -3.35999143 -3.35981816 -3.35964773 -3.35949141 -3.35936460 -3.35928800 -3.35925046 -3.35926094 -3.35932506 -3.35942655 -3.35957647 -3.35974857 -3.35992574 -3.36010555 -3.36027253 -3.36040165
-3.36035441 -3.36045651 -3.36054042 -3.36060893 -3.36063550 -3.36064821 -3.36064520 -3.36061252 -3.36058801 -3.36055588 -3.36051319 -3.36046839 -3.36039949 -3.36032519 -3.36021363 -3.36007833 -3.35992008 -3.35974980 -3.35959123 -3.35944337 -3.35931978 -3.35924309 -3.35919519 -3.35918309 -3.35922250 -3.35932004 -3.35944308 -3.35959684 -3.35976963 -3.35994000 -3.36009212 -3.36022689
-3.36018269 -3.36030838 -3.36042545 -3.36050605 -3.36054812 -3.36058021 -3.36058117 -3.36055499 -3.36052276 -3.36047736 -3.36042499 -3.36036955 -3.36029435 -3.36021655 -3.36011361 -3.35998253 -3.35983711 -3.35968958 -3.35954955 -3.35940950 -3.35930146 -3.35921998 -3.35917012 -3.35914581 -3.35917109 -3.35924148 -3.35934671 -3.35948103 -3.35964506 -3.35979051 -3.35992770 -3.36004799
-3.36002901 -3.36016345 -3.36029306 -3.36039351 -3.36046378 -3.36050318 -3.36050951 -3.36048661 -3.36044905 -3.36039954 -3.36034414 -3.36028356 -3.36020823 -3.36012066 -3.36001825 -3.35989911 -3.35977166 -3.35964412 -3.35951884 -3.35940230 -3.35930700 -3.35923900 -3.35917928 -3.35916102 -3.35916591 -3.35921804 -3.35930522 -3.35941795 -3.35954586 -3.35966349 -3.35978321 -3.35990428
-3.35992129 -3.36005214 -3.36017753 -3.36029437 -3.36036861 -3.36042158 -3.36043423 -3.36041441 -3.36038047 -3.36032239 -3.36026549 -3.36020896 -3.36013354 -3.36004855 -3.35994888 -3.35983636 -3.35973010 -3.35962168 -3.35952434 -3.35943628 -3.35935333 -3.35928870 -3.35923690 -3.35921377 -3.35922077 -3.35926146 -3.35932610 -3.35940485 -3.35949059 -3.35958715 -3.35968618 -3.35979547
-3.35983054 -3.35995847 -3.36008951 -3.36021049 -3.36028255 -3.36033832 -3.36034930 -3.36032430 -3.36029938 -3.36024568 -3.36019672 -3.36013971 -3.36006769 -3.35998646 -3.35989982 -3.35979777 -3.35971702 -3.35963338 -3.35956166 -3.35949573 -3.35943389 -3.35939073 -3.35935374 -3.35933199 -3.35933926 -3.35935737 -3.35939476 -3.35943768 -3.35949833 -3.35955961 -3.35962703 -3.35971985
-3.35978909 -3.35990451 -3.36002597 -3.36012822 -3.36020773 -3.36024805 -3.36025047 -3.36023384 -3.36020060 -3.36016063 -3.36011700 -3.36007091 -3.36001595 -3.35994154 -3.35986787 -3.35978106 -3.35971868 -3.35966036 -3.35961563 -3.35957223 -3.35954234 -3.35951993 -3.35951012 -3.35949584 -3.35949552 -3.35949954 -3.35951065 -3.35952833 -3.35954605 -3.35957552 -3.35961859 -3.35969033
-3.35976767 -3.35985991 -3.35996712 -3.36005719 -3.36012013 -3.36014672 -3.36014337 -3.36011954 -3.36009016 -3.36006329 -3.36002908 -3.35999125 -3.35995260 -3.35989853 -3.35983387 -3.35977210 -3.35973469 -3.35970182 -3.35967694 -3.35966906 -3.35967245 -3.35967959 -3.35968383 -3.35968468 -3.35968601 -3.35967405 -3.35966595 -3.35964302 -3.35962693 -3.35962924 -3.35964554 -3.35969333
-3.35975241 -3.35982850 -3.35990889 -3.35997335 -3.36002513 -3.36004135 -3.36001826 -3.35999563 -3.35997525 -3.35995950 -3.35993855 -3.35990778 -3.35986557 -3.35983818 -3.35979226 -3.35975565 -3.35973909 -3.35973051 -3.35973920 -3.35976547 -3.35980076 -3.35983613 -3.35986262 -3.35988001 -3.35988906 -3.35986496 -3.35983001 -3.35978117 -3.35973241 -3.35970191 -3.35968371 -3.35970996
-3.35974418 -3.35978583 -3.35985295 -3.35990278 -3.35992809 -3.35993141 -3.35991076 -3.35987292 -3.35985013 -3.35983905 -3.35983152 -3.35981817 -3.35980195 -3.35977662 -3.35975214 -3.35972963 -3.35973013 -3.35975285 -3.35978703 -3.35984801 -3.35990793 -3.35997676 -3.36002605 -3.36005781 -3.36006665 -3.36004243 -3.35999650 -3.35992105 -3.35983630 -3.35976399 -3.35972559 -3.35972161
-3.35970908 -3.35973975 -3.35979168 -3.35982558 -3.35984092 -3.35983568 -3.35981078 -3.35976717 -3.35974495 -3.35973522 -3.35972941 -3.35972913 -3.35972303 -3.35971715 -3.35970844 -3.35970330 -3.35972048 -3.35976484 -3.35982204 -3.35989574 -3.35997940 -3.36006545 -3.36013666 -3.36018922 -3.36021196 -3.36018626 -3.36012536 -3.36002059 -3.35991034 -3.35980888 -3.35973380 -3.35970852
-3.35967966 -3.35969330 -3.35973814 -3.35976861 -3.35977692 -3.35976329 -3.35973574 -3.35969929 -3.35966978 -3.35965926 -3.35966129 -3.35965804 -3.35965005 -3.35965811 -3.35965715 -3.35966494 -3.35969295 -3.35975244 -3.35982240 -3.35991540 -3.36001036 -3.36011161 -3.36020773 -3.36027759 -3.36030620 -3.36027405 -3.36020374 -3.36008823 -3.35996356 -3.35982420 -3.35973624 -3.35968838
-3.35963757 -3.35966186 -3.35970199 -3.35973501 -3.35973840 -3.35972454 -3.35969943 -3.35966502 -3.35964113 -3.35962439 -3.35961025 -3.35960793 -3.35960960 -3.35960557 -3.35961679 -3.35962708 -3.35966651 -3.35971261 -3.35979718 -3.35989653 -3.36000852 -3.36012442 -3.36022778 -3.36031219 -3.36035064 -3.36032016 -3.36024236 -3.36011968 -3.35996941 -3.35982872 -3.35971986 -3.35965566
-3.35962013 -3.35964315 -3.35967778 -3.35971084 -3.35973065 -3.35971948 -3.35970178 -3.35967325 -3.35964264 -3.35961315 -3.35959195 -3.35957742 -3.35956681 -3.35956377 -3.35957448 -3.35958829 -3.35963024 -3.35968196 -3.35976247 -3.35986253 -3.35997804 -3.36010406 -3.36021988 -3.36030837 -3.36035162 -3.36032676 -3.36024224 -3.36011664 -3.35996111 -3.35982047 -3.35970358 -3.35963549
-3.35962197 -3.35964219 -3.35968031 -3.35972000 -3.35974883 -3.35974672 -3.35973031 -3.35970271 -3.35966864 -3.35963497 -3.35960163 -3.35957230 -3.35955158 -3.35953559 -3.35954680 -3.35955807 -3.35958834 -3.35964227 -3.35971138 -3.35980557 -3.35992819 -3.36005651 -3.36017829 -3.36027350 -3.36032956 -3.36031502 -3.36023065 -3.36010368 -3.35996102 -3.35982053 -3.35970177 -3.35964290
-3.35964600 -3.35966640 -3.35970618 -3.35974343 -3.35977710 -3.35978269 -3.35976639 -3.35973955 -3.35969566 -3.35965989 -3.35960508 -3.35957182 -3.35954479 -3.35952101 -3.35951711 -3.35951813 -3.35954541 -3.35959583 -3.35966487 -3.35974813 -3.35987178 -3.36000553 -3.36013376 -3.36023553 -3.36029952 -3.36030102 -3.36022796 -3.36010761 -3.35996462 -3.35983699 -3.35972680 -3.35966521
-3.35969850 -3.35971744 -3.35974463 -3.35977133 -3.35980455 -3.35981020 -3.35978893 -3.35976537 -3.35972287 -3.35966763 -3.35961784 -3.35957568 -3.35953685 -3.35950070 -3.35948059 -3.35947426 -3.35949933 -3.35954541 -3.35961406 -3.35969954 -3.35982143 -3.35996064 -3.36009719 -3.36020989 -3.36027114 -3.36028241 -3.36023732 -3.36013161 -3.36000521 -3.35988163 -3.35978150 -3.35971910
-3.35978125 -3.35977814 -3.35978294 -3.35980850 -3.35981159 -3.35980433 -3.35978921 -3.35976480 -3.35972301 -3.35967142 -3.35961617 -3.35956350 -3.35950444 -3.35945811 -3.35943833 -3.35943553 -3.35945748 -3.35949384 -3.35957016 -3.35966943 -3.35979546 -3.35993507 -3.36008053 -3.36019433 -3.36026556 -3.36029979 -3.36026899 -3.36019259 -3.36008498 -3.35996359 -3.35986918 -3.35980933
-3.35989506 -3.35986744 -3.35984383 -3.35982441 -3.35980803 -3.35977420 -3.35974832 -3.35972458 -3.35968699 -3.35964285 -3.35958852 -3.35952801 -3.35946273 -3.35941886 -3.35939203 -3.35939284 -3.35940360 -3.35945757 -3.35954379 -3.35965409 -3.35978464 -3.35993766 -3.36007601 -3.36020523 -3.36029266 -3.36033058 -3.36032681 -3.36026507 -3.36018259 -3.36008631 -3.36000424 -3.35993155
-3.36002859 -3.35996133 -3.35990141 -3.35983654 -3.35978769 -3.35973601 -3.35969653 -3.35966427 -3.35962866 -3.35958684 -3.35953619 -3.35947457 -3.35941463 -3.35937625 -3.35934940 -3.35934921 -3.35937615 -3.35943260 -3.35952426 -3.35964171 -3.35978560 -3.35994570 -3.36009467 -3.36023062 -3.36033209 -3.36039591 -3.36040728 -3.36037842 -3.36031995 -3.36024165 -3.36016393 -3.36009478
-3.36016911 -3.36007147 -3.35996445 -3.35985682 -3.35976705 -3.35969302 -3.35962862 -3.35958092 -3.35954852 -3.35951769 -3.35946255 -3.35941999 -3.35937358 -3.35933394 -3.35931552 -3.35932190 -3.35935177 -3.35943470 -3.35952724 -3.35965912 -3.35980604 -3.35996015 -3.36011797 -3.36026286 -3.36037846 -3.36046705 -3.36050388 -3.36050275 -3.36047657 -3.36041637 -3.36034636 -3.36026273
-3.36032730 -3.36018364 -3.36002741 -3.35988330 -3.35975312 -3.35964434 -3.35957398 -3.35951576 -3.35948236 -3.35945397 -3.35942375 -3.35939021 -3.35935316 -3.35932797 -3.35930152 -3.35931742 -3.35936300 -3.35943676 -3.35955549 -3.35968688 -3.35983819 -3.35999615 -3.36014854 -3.36030029 -3.36042453 -3.36053417 -3.36060351 -3.36063019 -3.36063290 -3.36059809 -3.36052982 -3.36043609
-3.36047254 -3.36030200 -3.36011398 -3.35993712 -3.35977639 -3.35964208 -3.35955120 -3.35948588 -3.35945711 -3.35943839 -3.35942151 -3.35940232 -3.35938357 -3.35935577 -3.35934250 -3.35935640 -3.35940527 -3.35947671 -3.35958595 -3.35971742 -3.35986215 -3.36002461 -3.36017140 -3.36032334 -3.36047094 -3.36058642 -3.36068947 -3.36075187 -3.36077569 -3.36076021 -3.36070650 -3.36061236
-3.36060557 -3.36042054 -3.36021189 -3.36001034 -3.35982315 -3.35968167 -3.35958963 -3.35952508 -3.35949963 -3.35949100 -3.35947942 -3.35947221 -3.35946240 -3.35943627 -3.35943076 -3.35943497 -3.35947644 -3.35954121 -3.35963047 -3.35974452 -3.35987949 -3.36002236 -3.36017638 -3.36032627 -3.36047977 -3.36062478 -3.36074453 -3.36083674 -3.36089875 -3.36089620 -3.36085023 -3.36075641
-3.36071197 -3.36052641 -3.36032073 -3.36010947 -3.35991860 -3.35977469 -3.35967309 -3.35961643 -3.35959084 -3.35959401 -3.35960383 -3.35960438 -3.35960092 -3.35958044 -3.35955585 -3.35955499 -3.35957114 -3.35961085 -3.35967307 -3.35976498 -3.35986602 -3.35999534 -3.36014128 -3.36029047 -3.36045798 -3.36061677 -3.36076301 -3.36088176 -3.36096114 -3.36099358 -3.36095340 -3.36085942
-3.36080326 -3.36062731 -3.36042984 -3.36023035 -3.36005397 -3.35991645 -3.35982890 -3.35977264 -3.35975617 -3.35976320 -3.35978129 -3.35978768 -3.35979099 -3.35976567 -3.35972973 -3.35969477 -3.35968834 -3.35969299 -3.35972255 -3.35977528 -3.35984976 -3.35994721 -3.36007758 -3.36022663 -3.36040394 -3.36057173 -3.36073840 -3.36087101 -3.36096808 -3.36102324 -3.36100906 -3.36093135
-3.36085812 -3.36071284 -3.36054486 -3.36037064 -3.36021609 -3.36008859 -3.36001378 -3.35996825 -3.35995885 -3.35997509 -3.35999524 -3.36000762 -3.35999453 -3.35996573 -3.35992336 -3.35986638 -3.35980766 -3.35977616 -3.35975631 -3.35976351 -3.35980932 -3.35987147 -3.35997525 -3.36012213 -3.36028553 -3.36045926 -3.36063925 -3.36079814 -3.36092609 -3.36099656 -3.36101225 -3.36096773
