32 32 0 1
-3.36068787 -3.36062030 -3.36050717 -3.36037753 -3.36024042 -3.36011852 -3.36001932 -3.35997028 -3.35996328 -3.35998559 -3.36003751 -3.36009836 -3.36013756 -3.36015347 -3.36014043 -3.36007783 -3.35998159 -3.35987022 -3.35975051 -3.35964987 -3.35958488 -3.35956233 -3.35959212 -3.35967070 -3.35979101 -3.35995359 -3.36013056 -3.36028872 -3.36044583 -3.36057565 -3.36066282 -3.36070596
-3.36075568 -3.36072459 -3.36066803 -3.36057081 -3.36046482 -3.36036160 -3.36028112 -3.36025962 -3.36025491 -3.36030296 -3.36035962 -3.36042799 -3.36048191 -3.36048660 -3.36045701 -3.36036420 -3.36022686 -3.36006281 -3.35988451 -3.35973445 -3.35963017 -3.35955906 -3.35955635 -3.35959806 -3.35970512 -3.35984499 -3.36001545 -3.36019624 -3.36036944 -3.36053002 -3.36064430 -3.36072615
-3.36079063 -3.36080882 -3.36078129 -3.36072942 -3.36066031 -3.36057326 -3.36051491 -3.36049110 -3.36050597 -3.36056733 -3.36063818 -3.36070507 -3.36074807 -3.36074919 -3.36069874 -3.36057428 -3.36041069 -3.36021104 -3.35999753 -3.35980572 -3.35965635 -3.35955588 -3.35950975 -3.35953696 -3.35959683 -3.35973149 -3.35989371 -3.36009338 -3.36027910 -3.36046249 -3.36060647 -3.36071959
-3.36077972 -3.36082760 -3.36083280 -3.36081916 -3.36077830 -3.36071935 -3.36067790 -3.36067286 -3.36068523 -3.36074163 -3.36081487 -3.36087562 -3.36091213 -3.36089545 -3.36082359 -3.36068400 -3.36050313 -3.36028071 -3.36004621 -3.35982702 -3.35964449 -3.35951292 -3.35943887 -3.35943777 -3.35948639 -3.35960318 -3.35976718 -3.35995330 -3.36016224 -3.36035679 -3.36053254 -3.36067811
-3.36068935 -3.36076678 -3.36080799 -3.36081435 -3.36080176 -3.36077076 -3.36073949 -3.36074324 -3.36076013 -3.36081535 -3.36086794 -3.36092102 -3.36095015 -3.36091916 -3.36083606 -3.36069202 -3.36049447 -3.36026421 -3.36002346 -3.35979435 -3.35959077 -3.35943989 -3.35934405 -3.35931220 -3.35935106 -3.35944463 -3.35959700 -3.35979134 -3.36000226 -3.36021137 -3.36039811 -3.36056376
-3.36051228 -3.36061278 -3.36068167 -3.36071837 -3.36072737 -3.36071073 -3.36069441 -3.36068649 -3.36070717 -3.36074822 -3.36079358 -3.36083002 -3.36084486 -3.36081454 -3.36071660 -3.36057400 -3.36037906 -3.36014933 -3.35990791 -3.35967354 -3.35946843 -3.35931167 -3.35920332 -3.35915290 -3.35916968 -3.35924520 -3.35939068 -3.35957583 -3.35978504 -3.36000138 -3.36020826 -3.36037671
-3.36022190 -3.36034486 -3.36043433 -3.36049187 -3.36051047 -3.36051413 -3.36051611 -3.36050973 -3.36052307 -3.36055588 -3.36058347 -3.36061219 -3.36060424 -3.36057055 -3.36047255 -3.36032936 -3.36014428 -3.35992228 -3.35969734 -3.35947234 -3.35926872 -3.35911392 -3.35899543 -3.35892094 -3.35891435 -3.35899199 -3.35911426 -3.35928898 -3.35949777 -3.35970542 -3.35990004 -3.36007103
-3.35979810 -3.35992903 -3.36004334 -3.36012042 -3.36014969 -3.36017554 -3.36018143 -3.36018337 -3.36019519 -3.36020918 -3.36022191 -3.36022895 -3.36020480 -3.36016869 -3.36007959 -3.35993906 -3.35977178 -3.35957670 -3.35937042 -3.35915557 -3.35895907 -3.35880036 -3.35867481 -3.35859273 -3.35857983 -3.35863373 -3.35874106 -3.35889415 -3.35909443 -3.35928950 -3.35947001 -3.35963037
-3.35922141 -3.35936214 -3.35949027 -3.35958266 -3.35963675 -3.35966916 -3.35968410 -3.35968298 -3.35968606 -3.35968907 -3.35968878 -3.35968628 -3.35966147 -3.35961383 -3.35952708 -3.35940466 -3.35925498 -3.35908453 -3.35890023 -3.35870153 -3.35852605 -3.35837520 -3.35823758 -3.35815577 -3.35812717 -3.35816427 -3.35825526 -3.35839587 -3.35857259 -3.35873421 -3.35890575 -3.35906863
-3.35851468 -3.35865941 -3.35879037 -3.35888666 -3.35894980 -3.35899432 -3.35901199 -3.35901624 -3.35900482 -3.35899591 -3.35898761 -3.35898009 -3.35895148 -3.35891010 -3.35883614 -3.35872915 -3.35860004 -3.35844996 -3.35829577 -3.35812537 -3.35795566 -3.35779852 -3.35767274 -3.35758762 -3.35755608 -3.35758829 -3.35766261 -3.35777551 -3.35791009 -3.35806167 -3.35821376 -3.35836431
-3.35767226 -3.35781455 -3.35794621 -3.35804748 -3.35810993 -3.35815494 -3.35816451 -3.35815943 -3.35815344 -3.35813081 -3.35812571 -3.35810663 -3.35808305 -3.35804776 -3.35799409 -3.35790699 -3.35781388 -3.35768817 -3.35755549 -3.35741166 -3.35725743 -3.35711856 -3.35700124 -3.35691961 -3.35688853 -3.35689648 -3.35695419 -3.35704182 -3.35715032 -3.35727600 -3.35740322 -3.35753599
-3.35673835 -3.35686535 -3.35698723 -3.35707415 -3.35713594 -3.35716966 -3.35715998 -3.35715192 -3.35713601 -3.35711516 -3.35710325 -3.35709258 -3.35709050 -3.35706375 -3.35702738 -3.35696648 -3.35690013 -3.35681022 -3.35669900 -3.35657747 -3.35644866 -3.35632864 -3.35622704 -3.35615712 -3.35611599 -3.35612178 -3.35615778 -3.35622495 -3.35630036 -3.35639758 -3.35650081 -3.35661906
-3.35574398 -3.35584587 -3.35594149 -3.35602061 -3.35605409 -3.35606486 -3.35605359 -3.35602750 -3.35600897 -3.35599078 -3.35598111 -3.35598315 -3.35598831 -3.35598549 -3.35597347 -3.35594968 -3.35591061 -3.35585803 -3.35577132 -3.35567510 -3.35557246 -3.35548207 -3.35538953 -3.35531932 -3.35529712 -3.35529100 -3.35531586 -3.35535290 -3.35540368 -3.35547872 -3.35555620 -3.35564912
-3.35474885 -3.35481953 -3.35488196 -3.35492127 -3.35494266 -3.35493690 -3.35490632 -3.35487458 -3.35485074 -3.35484574 -3.35484627 -3.35485349 -3.35486392 -3.35489003 -3.35490529 -3.35491111 -3.35490828 -3.35488226 -3.35482509 -3.35475728 -3.35468914 -3.35461121 -3.35453474 -3.35448578 -3.35447150 -3.35446079 -3.35447428 -3.35449485 -3.35453089 -3.35457333 -3.35461743 -3.35468179
-3.35382605 -3.35385310 -3.35388615 -3.35389727 -3.35388747 -3.35386325 -3.35382769 -3.35378621 -3.35375905 -3.35375915 -3.35377541 -3.35380078 -3.35384394 -3.35388169 -3.35392182 -3.35395687 -3.35397199 -3.35397375 -3.35394686 -3.35390759 -3.35385434 -3.35379759 -3.35374980 -3.35371435 -3.35370448 -3.35370148 -3.35371205 -3.35372044 -3.35372694 -3.35373903 -3.35376207 -3.35379135
-3.35303953 -3.35303715 -3.35304553 -3.35302839 -3.35300312 -3.35296734 -3.35292983 -3.35288059 -3.35285496 -3.35286314 -3.35288601 -3.35293391 -3.35299567 -3.35305805 -3.35311860 -3.35317006 -3.35320561 -3.35322598 -3.35322029 -3.35319147 -3.35315638 -3.35311549 -3.35308980 -3.35307736 -3.35307563 -3.35308152 -3.35309343 -3.35307957 -3.35306403 -3.35304872 -3.35303377 -3.35303790
-3.35249677 -3.35246805 -3.35245215 -3.35241680 -3.35237892 -3.35233340 -3.35229082 -3.35225892 -3.35223713 -3.35225292 -3.35230057 -3.35234900 -3.35241583 -3.35249559 -3.35256848 -3.35263337 -3.35267630 -3.35271077 -3.35270844 -3.35269664 -3.35266654 -3.35264327 -3.35263715 -3.35264508 -3.35265284 -3.35266263 -3.35266917 -3.35265547 -3.35262249 -3.35256938 -3.35254250 -3.35251425
-3.35223170 -3.35220158 -3.35217485 -3.35213041 -3.35208444 -3.35203965 -3.35200509 -3.35198354 -3.35198431 -3.35200455 -3.35205203 -3.35211145 -3.35219232 -3.35226455 -3.35234479 -3.35240275 -3.35245458 -3.35247389 -3.35248017 -3.35247448 -3.35246028 -3.35244827 -3.35244564 -3.35246775 -3.35248893 -3.35250968 -3.35250818 -3.35248722 -3.35243266 -3.35237474 -3.35232067 -3.35227159
-3.35230313 -3.35226181 -3.35222287 -3.35218722 -3.35215776 -3.35212212 -3.35210045 -3.35209403 -3.35210742 -3.35212632 -3.35217212 -3.35222748 -3.35229999 -3.35237007 -3.35244632 -3.35250123 -3.35254612 -3.35256458 -3.35256582 -3.35256011 -3.35254651 -3.35254176 -3.35256035 -3.35258996 -3.35261452 -3.35263746 -3.35262564 -3.35259201 -3.35253327 -3.35246916 -3.35240093 -3.35234220
-3.35268289 -3.35264568 -3.35261307 -3.35259038 -3.35257479 -3.35255452 -3.35255080 -3.35255015 -3.35256983 -3.35259223 -3.35263557 -3.35267983 -3.35274083 -3.35279436 -3.35286444 -3.35291036 -3.35293320 -3.35294667 -3.35293372 -3.35292004 -3.35291497 -3.35292160 -3.35294691 -3.35298553 -3.35302573 -3.35304694 -3.35303381 -3.35298473 -3.35293144 -3.35285877 -3.35278741 -3.35272984
-3.35333806 -3.35331374 -3.35329309 -3.35327854 -3.35327741 -3.35327373 -3.35327597 -3.35328454 -3.35329837 -3.35332327 -3.35334934 -3.35338950 -3.35343700 -3.35347226 -3.35351636 -3.35353902 -3.35355413 -3.35356183 -3.35354506 -3.35352612 -3.35352505 -3.35354553 -3.35358153 -3.35363234 -3.35367965 -3.35370508 -3.35369725 -3.35364058 -3.35356862 -3.35350543 -3.35343892 -3.35338188
-3.35420077 -3.35419305 -3.35417842 -3.35416416 -3.35417667 -3.35417560 -3.35417567 -3.35418692 -3.35419809 -3.35421198 -3.35423067 -3.35426194 -3.35428663 -3.35430100 -3.35432154 -3.35432614 -3.35433286 -3.35432947 -3.35431451 -3.35429727 -3.35430673 -3.35434049 -3.35439007 -3.35445890 -3.35450725 -3.35453348 -3.35453232 -3.35448311 -3.35441518 -3.35435258 -3.35428743 -3.35423741
-3.35519142 -3.35517552 -3.35515942 -3.35516414 -3.35515035 -3.35514998 -3.35514828 -3.35515073 -3.35515581 -3.35516956 -3.35516584 -3.35517365 -3.35517761 -3.35517248 -3.35517629 -3.35518115 -3.35517395 -3.35516229 -3.35515071 -3.35515190 -3.35518303 -3.35523444 -3.35530545 -3.35537748 -3.35543492 -3.35547691 -3.35547521 -3.35544896 -3.35539132 -3.35532324 -3.35526765 -3.35522137
-3.35621840 -3.35620266 -3.35617725 -3.35614792 -3.35612357 -3.35609799 -3.35608810 -3.35607634 -3.35606797 -3.35606876 -3.35605251 -3.35604009 -3.35602313 -3.35601241 -3.35599971 -3.35599486 -3.35598526 -3.35597610 -3.35599624 -3.35601901 -3.35605546 -3.35613508 -3.35622017 -3.35630955 -3.35638873 -3.35643995 -3.35646044 -3.35643331 -3.35639118 -3.35634317 -3.35629913 -3.35624943
-3.35721052 -3.35717175 -3.35712018 -3.35706368 -3.35701366 -3.35695949 -3.35692640 -3.35689404 -3.35686490 -3.35684418 -3.35682237 -3.35678885 -3.35676096 -3.35674560 -3.35673344 -3.35671976 -3.35672207 -3.35672872 -3.35676036 -3.35680065 -3.35687202 -3.35696640 -3.35707539 -3.35718621 -3.35728604 -3.35735911 -3.35739307 -3.35739464 -3.35737067 -3.35733289 -3.35729470 -3.35725268
-3.35810079 -3.35802999 -3.35794953 -3.35785396 -3.35776426 -3.35768443 -3.35761076 -3.35755593 -3.35750903 -3.35747687 -3.35743213 -3.35740442 -3.35737370 -3.35735374 -3.35734541 -3.35734003 -3.35735012 -3.35738967 -3.35742631 -3.35749735 -3.35758973 -3.35769212 -3.35782370 -3.35795073 -3.35807025 -3.35817149 -3.35823058 -3.35825798 -3.35825918 -3.35823007 -3.35820059 -3.35815198
-3.35885307 -3.35875159 -3.35862413 -3.35849572 -3.35837025 -3.35824735 -3.35815537 -3.35807071 -3.35800911 -3.35796537 -3.35792323 -3.35789317 -3.35786793 -3.35785486 -3.35784678 -3.35785492 -3.35788861 -3.35792221 -3.35799814 -3.35807220 -3.35817617 -3.35830175 -3.35843587 -3.35858908 -3.35872332 -3.35884735 -3.35893561 -3.35898581 -3.35901357 -3.35900023 -3.35897120 -3.35891305
-3.35944615 -3.35931930 -3.35916608 -3.35900030 -3.35883467 -3.35868625 -3.35856409 -3.35846233 -3.35840141 -3.35835397 -3.35831243 -3.35828647 -3.35828169 -3.35826743 -3.35827265 -3.35829258 -3.35833197 -3.35837840 -3.35844320 -3.35852435 -3.35863494 -3.35877117 -3.35891608 -3.35906579 -3.35922828 -3.35936051 -3.35947672 -3.35955352 -3.35960024 -3.35960703 -3.35958145 -3.35953583
-3.35989034 -3.35974925 -3.35957202 -3.35938078 -3.35918780 -3.35902246 -3.35889540 -3.35879008 -3.35872229 -3.35867928 -3.35864404 -3.35863462 -3.35864040 -3.35863918 -3.35865512 -3.35867010 -3.35871015 -3.35875645 -3.35880829 -3.35888126 -3.35897902 -3.35910472 -3.35924953 -3.35940299 -3.35956855 -3.35971493 -3.35985139 -3.35995110 -3.36002332 -3.36005058 -3.36004195 -3.35999331
-3.36020640 -3.36005577 -3.35987837 -3.35968391 -3.35948304 -3.35931103 -3.35917147 -3.35907355 -3.35901128 -3.35898183 -3.35897347 -3.35897466 -3.35899861 -3.35900812 -3.35901801 -3.35903778 -3.35905418 -3.35907932 -3.35910335 -3.35915465 -3.35922027 -3.35931968 -3.35945361 -3.35959114 -3.35976127 -3.35993135 -3.36007853 -3.36020233 -3.36029966 -3.36035347 -3.36034843 -3.36030281
-3.36042954 -3.36029599 -3.36012196 -3.35993473 -3.35974141 -3.35957460 -3.35945395 -3.35935715 -3.35931073 -3.35930070 -3.35931337 -3.35933695 -3.35937218 -3.35938879 -3.35939733 -3.35939306 -3.35938523 -3.35937076 -3.35936105 -3.35936882 -3.35940031 -3.35946042 -3.35956030 -3.35969275 -3.35986541 -3.36002624 -3.36018605 -3.36032283 -3.36043592 -3.36051694 -3.36053505 -3.36050609
-3.36057733 -3.36047495 -3.36033219 -3.36016601 -3.36000281 -3.35984587 -3.35973663 -3.35966291 -3.35962956 -3.35964263 -3.35967386 -3.35971904 -3.35975656 -3.35978208 -3.35978341 -3.35974944 -3.35969597 -3.35964234 -3.35957584 -3.35953108 -3.35952080 -3.35953765 -3.35960165 -3.35971956 -3.35985716 -3.36001493 -3.36018814 -3.36034306 -3.36047881 -3.36057570 -3.36063265 -3.36063670
