4e+06	100	-1.4912e+06	-64.373	5.2875e+06	-1.495e+06	-64.373
4.002e+06	100.03	-1.4912e+06	-349.15	5.2875e+06	-1.495e+06	-349.15
4.004e+06	99.916	-1.4912e+06	-549.21	5.2875e+06	-1.495e+06	-549.21
4.006e+06	100.06	-1.4912e+06	-797.34	5.2875e+06	-1.495e+06	-797.34
4.008e+06	100.01	-1.4912e+06	-1049.5	5.2875e+06	-1.495e+06	-1049.5
4.01e+06	99.96	-1.4912e+06	-1250	5.2875e+06	-1.495e+06	-1250
4.012e+06	100.02	-1.4911e+06	-1502.8	5.2875e+06	-1.495e+06	-1502.8
4.014e+06	99.835	-1.4911e+06	-1733.7	5.2875e+06	-1.495e+06	-1733.7
4.016e+06	100.08	-1.4911e+06	-1930.2	5.2875e+06	-1.495e+06	-1930.2
4.018e+06	99.881	-1.4911e+06	-2205	5.2875e+06	-1.495e+06	-2205
4.02e+06	100.09	-1.4911e+06	-2472.8	5.2875e+06	-1.495e+06	-2472.8
4.022e+06	99.939	-1.4911e+06	-2647.1	5.2875e+06	-1.495e+06	-2647.1
4.024e+06	100.06	-1.4911e+06	-2880.2	5.2875e+06	-1.495e+06	-2880.2
4.026e+06	99.878	-1.4911e+06	-3106.3	5.2875e+06	-1.4949e+06	-3106.3
4.028e+06	99.982	-1.4911e+06	-3355.1	5.2875e+06	-1.4949e+06	-3355.1
4.03e+06	100.11	-1.4911e+06	-3569.7	5.2875e+06	-1.4949e+06	-3569.7
4.032e+06	99.957	-1.4911e+06	-3793.3	5.2875e+06	-1.4949e+06	-3793.3
4.034e+06	100.11	-1.491e+06	-4006.3	5.2875e+06	-1.4949e+06	-4006.3
4.036e+06	99.942	-1.491e+06	-4256.7	5.2875e+06	-1.4949e+06	-4256.7
4.038e+06	100.02	-1.491e+06	-4458.5	5.2875e+06	-1.4949e+06	-4458.5
4.04e+06	100.01	-1.491e+06	-4683.7	5.2875e+06	-1.4948e+06	-4683.7
4.042e+06	99.992	-1.491e+06	-4912.6	5.2875e+06	-1.4948e+06	-4912.6
4.044e+06	99.964	-1.491e+06	-5142.6	5.2875e+06	-1.4948e+06	-5142.6
4.046e+06	99.925	-1.491e+06	-5400.2	5.2875e+06	-1.4948e+06	-5400.2
4.048e+06	99.778	-1.4909e+06	-5611.9	5.2875e+06	-1.4948e+06	-5611.9
4.05e+06	99.824	-1.4909e+06	-5813.1	5.2875e+06	-1.4948e+06	-5813.1
4.052e+06	99.942	-1.4909e+06	-6031.4	5.2875e+06	-1.4947e+06	-6031.4
4.054e+06	99.982	-1.4909e+06	-6284.9	5.2875e+06	-1.4947e+06	-6284.9
4.056e+06	99.961	-1.4909e+06	-6480	5.2875e+06	-1.4947e+06	-6480
4.058e+06	99.889	-1.4908e+06	-6717.3	5.2875e+06	-1.4947e+06	-6717.3
4.06e+06	100.16	-1.4908e+06	-6948.2	5.2875e+06	-1.4947e+06	-6948.2
4.062e+06	100.08	-1.4908e+06	-7109.2	5.2875e+06	-1.4946e+06	-7109.2
4.064e+06	99.896	-1.4908e+06	-7316.6	5.2875e+06	-1.4946e+06	-7316.6
4.066e+06	100.04	-1.4907e+06	-7549.7	5.2875e+06	-1.4946e+06	-7549.7
4.068e+06	100.13	-1.4907e+06	-7736.3	5.2875e+06	-1.4946e+06	-7736.3
4.07e+06	100.03	-1.4907e+06	-7887.9	5.2875e+06	-1.4945e+06	-7887.9
4.072e+06	99.954	-1.4907e+06	-8129	5.2875e+06	-1.4945e+06	-8129
4.074e+06	100.19	-1.4906e+06	-8397.8	5.2875e+06	-1.4945e+06	-8397.8
4.076e+06	99.867	-1.4906e+06	-8516.5	5.2875e+06	-1.4945e+06	-8516.5
4.078e+06	100.13	-1.4906e+06	-8765	5.2875e+06	-1.4944e+06	-8765
4.08e+06	99.861	-1.4906e+06	-8945.5	5.2875e+06	-1.4944e+06	-8945.5
4.082e+06	99.963	-1.4905e+06	-9171.9	5.2875e+06	-1.4944e+06	-9171.9
4.084e+06	99.997	-1.4905e+06	-9360.6	5.2875e+06	-1.4943e+06	-9360.6
4.086e+06	99.832	-1.4905e+06	-9590.6	5.2875e+06	-1.4943e+06	-9590.6
4.088e+06	99.918	-1.4904e+06	-9674.2	5.2875e+06	-1.4943e+06	-9674.2
4.09e+06	100.06	-1.4904e+06	-9875.4	5.2875e+06	-1.4942e+06	-9875.4
4.092e+06	100.06	-1.4904e+06	-10052	5.2875e+06	-1.4942e+06	-10052
4.094e+06	99.886	-1.4903e+06	-10277	5.2875e+06	-1.4942e+06	-10277
4.096e+06	99.897	-1.4903e+06	-10395	5.2875e+06	-1.4941e+06	-10395
4.098e+06	100.09	-1.4903e+06	-10675	5.2875e+06	-1.4941e+06	-10675
4.1e+06	99.88	-1.4902e+06	-10804	5.2875e+06	-1.4941e+06	-10804
4.102e+06	99.967	-1.4902e+06	-10983	5.2875e+06	-1.494e+06	-10983
4.104e+06	99.898	-1.4902e+06	-11179	5.2875e+06	-1.494e+06	-11179
4.106e+06	99.923	-1.4901e+06	-11381	5.2875e+06	-1.494e+06	-11381
4.108e+06	99.967	-1.4901e+06	-11491	5.2875e+06	-1.4939e+06	-11491
4.11e+06	99.826	-1.4901e+06	-11679	5.2875e+06	-1.4939e+06	-11679
4.112e+06	99.945	-1.49e+06	-11916	5.2875e+06	-1.4939e+06	-11916
4.114e+06	99.988	-1.49e+06	-12075	5.2875e+06	-1.4938e+06	-12075
4.116e+06	100.02	-1.4899e+06	-12188	5.2875e+06	-1.4938e+06	-12188
4.118e+06	99.927	-1.4899e+06	-12343	5.2875e+06	-1.4937e+06	-12343
4.12e+06	99.882	-1.4899e+06	-12574	5.2875e+06	-1.4937e+06	-12574
4.122e+06	100.12	-1.4898e+06	-12634	5.2875e+06	-1.4937e+06	-12634
4.124e+06	100	-1.4898e+06	-12816	5.2875e+06	-1.4936e+06	-12816
4.126e+06	100.2	-1.4897e+06	-12926	5.2875e+06	-1.4936e+06	-12926
4.128e+06	100.03	-1.4897e+06	-13086	5.2875e+06	-1.4935e+06	-13086
4.13e+06	99.931	-1.4897e+06	-13269	5.2875e+06	-1.4935e+06	-13269
4.132e+06	100	-1.4896e+06	-13363	5.2875e+06	-1.4935e+06	-13363
4.134e+06	99.918	-1.4896e+06	-13486	5.2875e+06	-1.4934e+06	-13486
4.136e+06	100.07	-1.4895e+06	-13589	5.2875e+06	-1.4934e+06	-13589
4.138e+06	100.09	-1.4895e+06	-13732	5.2875e+06	-1.4933e+06	-13732
4.14e+06	100.11	-1.4894e+06	-13900	5.2875e+06	-1.4933e+06	-13900
4.142e+06	100.06	-1.4894e+06	-13998	5.2875e+06	-1.4933e+06	-13998
4.144e+06	99.953	-1.4894e+06	-14084	5.2875e+06	-1.4932e+06	-14084
4.146e+06	99.994	-1.4893e+06	-14218	5.2875e+06	-1.4932e+06	-14218
4.148e+06	99.997	-1.4893e+06	-14332	5.2875e+06	-1.4931e+06	-14332
4.15e+06	99.918	-1.4892e+06	-14459	5.2875e+06	-1.4931e+06	-14459
4.152e+06	100.01	-1.4892e+06	-14529	5.2875e+06	-1.493e+06	-14529
4.154e+06	99.929	-1.4891e+06	-14635	5.2875e+06	-1.493e+06	-14635
4.156e+06	100.05	-1.4891e+06	-14771	5.2875e+06	-1.4929e+06	-14771
4.158e+06	100.05	-1.489e+06	-14818	5.2875e+06	-1.4929e+06	-14818
4.16e+06	99.897	-1.489e+06	-14847	5.2875e+06	-1.4929e+06	-14847
4.162e+06	99.952	-1.489e+06	-14909	5.2875e+06	-1.4928e+06	-14909
4.164e+06	99.791	-1.4889e+06	-15004	5.2875e+06	-1.4928e+06	-15004
4.166e+06	99.832	-1.4889e+06	-15120	5.2875e+06	-1.4927e+06	-15120
4.168e+06	100.06	-1.4888e+06	-15183	5.2875e+06	-1.4927e+06	-15183
4.17e+06	99.86	-1.4888e+06	-15244	5.2875e+06	-1.4926e+06	-15244
4.172e+06	100.1	-1.4887e+06	-15297	5.2875e+06	-1.4926e+06	-15297
4.174e+06	100.03	-1.4887e+06	-15321	5.2875e+06	-1.4926e+06	-15321
4.176e+06	100.05	-1.4887e+06	-15411	5.2875e+06	-1.4925e+06	-15411
4.178e+06	100.03	-1.4886e+06	-15389	5.2875e+06	-1.4925e+06	-15389
4.18e+06	99.818	-1.4886e+06	-15377	5.2875e+06	-1.4924e+06	-15377
4.182e+06	100.1	-1.4885e+06	-15380	5.2875e+06	-1.4924e+06	-15380
4.184e+06	99.974	-1.4885e+06	-15345	5.2875e+06	-1.4924e+06	-15345
4.186e+06	100.17	-1.4885e+06	-15380	5.2875e+06	-1.4923e+06	-15380
4.188e+06	99.993	-1.4884e+06	-15372	5.2875e+06	-1.4923e+06	-15372
4.19e+06	100.05	-1.4884e+06	-15311	5.2875e+06	-1.4922e+06	-15311
4.192e+06	99.898	-1.4884e+06	-15275	5.2875e+06	-1.4922e+06	-15275
4.194e+06	100.22	-1.4883e+06	-15242	5.2875e+06	-1.4922e+06	-15242
4.196e+06	99.92	-1.4883e+06	-15051	5.2875e+06	-1.4922e+06	-15051
4.198e+06	100.1	-1.4883e+06	-14799	5.2875e+06	-1.4922e+06	-14799
4.2e+06	100.16	-1.4883e+06	-14589	5.2875e+06	-1.4922e+06	-14589
4.202e+06	100.09	-1.4884e+06	-14042	5.2875e+06	-1.4922e+06	-14042
4.204e+06	99.724	-1.4886e+06	-12920	5.2875e+06	-1.4924e+06	-12920
4.206e+06	100.2	-1.4889e+06	-11340	5.2875e+06	-1.4927e+06	-11340
4.208e+06	99.472	-1.4892e+06	-10190	5.2875e+06	-1.493e+06	-10190
4.21e+06	100.56	-1.4893e+06	-9489.6	5.2875e+06	-1.4931e+06	-9489.6
4.212e+06	99.605	-1.4894e+06	-9042.1	5.2875e+06	-1.4933e+06	-9042.1
4.214e+06	99.998	-1.4895e+06	-8862.6	5.2875e+06	-1.4933e+06	-8862.6
4.216e+06	100.18	-1.4895e+06	-8849.5	5.2875e+06	-1.4933e+06	-8849.5
4.218e+06	99.764	-1.4895e+06	-8865	5.2875e+06	-1.4934e+06	-8865
4.22e+06	100.45	-1.4895e+06	-8887.9	5.2875e+06	-1.4933e+06	-8887.9
4.222e+06	99.438	-1.4895e+06	-9010.6	5.2875e+06	-1.4934e+06	-9010.6
4.224e+06	100.3	-1.4895e+06	-9020.2	5.2875e+06	-1.4933e+06	-9020.2
4.226e+06	99.944	-1.4895e+06	-9172	5.2875e+06	-1.4933e+06	-9172
4.228e+06	99.911	-1.4895e+06	-9181.6	5.2875e+06	-1.4933e+06	-9181.6
4.23e+06	100.32	-1.4894e+06	-9273.9	5.2875e+06	-1.4933e+06	-9273.9
4.232e+06	99.415	-1.4895e+06	-9385.2	5.2875e+06	-1.4933e+06	-9385.2
4.234e+06	100.39	-1.4894e+06	-9448	5.2875e+06	-1.4933e+06	-9448
4.236e+06	99.539	-1.4895e+06	-9490	5.2875e+06	-1.4933e+06	-9490
4.238e+06	100.08	-1.4894e+06	-9588.1	5.2875e+06	-1.4933e+06	-9588.1
4.24e+06	100.27	-1.4894e+06	-9719.7	5.2875e+06	-1.4933e+06	-9719.7
4.242e+06	99.602	-1.4894e+06	-9804.8	5.2875e+06	-1.4933e+06	-9804.8
4.244e+06	100.51	-1.4893e+06	-9910.7	5.2875e+06	-1.4932e+06	-9910.7
4.246e+06	99.5	-1.4894e+06	-9946.5	5.2875e+06	-1.4932e+06	-9946.5
4.248e+06	100.44	-1.4893e+06	-9972.5	5.2875e+06	-1.4932e+06	-9972.5
4.25e+06	99.972	-1.4894e+06	-9963.3	5.2875e+06	-1.4932e+06	-9963.3
4.252e+06	99.823	-1.4894e+06	-9787.1	5.2875e+06	-1.4932e+06	-9787.1
4.254e+06	100.37	-1.4893e+06	-9836.1	5.2875e+06	-1.4932e+06	-9836.1
4.256e+06	99.483	-1.4894e+06	-9790.2	5.2875e+06	-1.4932e+06	-9790.2
4.258e+06	100.48	-1.4894e+06	-9688.2	5.2875e+06	-1.4932e+06	-9688.2
4.26e+06	99.64	-1.4894e+06	-9656.7	5.2875e+06	-1.4933e+06	-9656.7
4.262e+06	99.956	-1.4894e+06	-9632	5.2875e+06	-1.4933e+06	-9632
4.264e+06	100.48	-1.4894e+06	-9568.7	5.2875e+06	-1.4933e+06	-9568.7
4.266e+06	99.416	-1.4895e+06	-9609.6	5.2875e+06	-1.4933e+06	-9609.6
4.268e+06	100.65	-1.4894e+06	-9608.2	5.2875e+06	-1.4932e+06	-9608.2
4.27e+06	99.349	-1.4895e+06	-9635.2	5.2875e+06	-1.4933e+06	-9635.2
4.272e+06	100.41	-1.4894e+06	-9634.5	5.2875e+06	-1.4933e+06	-9634.5
4.274e+06	100.07	-1.4894e+06	-9701.6	5.2875e+06	-1.4932e+06	-9701.6
4.276e+06	99.369	-1.4894e+06	-9687.7	5.2875e+06	-1.4933e+06	-9687.7
4.278e+06	100.65	-1.4893e+06	-9747.5	5.2875e+06	-1.4932e+06	-9747.5
4.28e+06	99.516	-1.4894e+06	-9826.2	5.2875e+06	-1.4933e+06	-9826.2
4.282e+06	100.43	-1.4893e+06	-9867.9	5.2875e+06	-1.4932e+06	-9867.9
4.284e+06	99.71	-1.4894e+06	-9921.3	5.2875e+06	-1.4932e+06	-9921.3
4.286e+06	99.678	-1.4894e+06	-9906.8	5.2875e+06	-1.4932e+06	-9906.8
4.288e+06	100.22	-1.4893e+06	-9963.1	5.2875e+06	-1.4932e+06	-9963.1
4.29e+06	99.467	-1.4894e+06	-9981.5	5.2875e+06	-1.4932e+06	-9981.5
4.292e+06	100.63	-1.4893e+06	-9947.9	5.2875e+06	-1.4932e+06	-9947.9
4.294e+06	99.542	-1.4894e+06	-9860.1	5.2875e+06	-1.4932e+06	-9860.1
4.296e+06	100.35	-1.4893e+06	-9726.8	5.2875e+06	-1.4932e+06	-9726.8
4.298e+06	100.05	-1.4894e+06	-9622.9	5.2875e+06	-1.4932e+06	-9622.9
4.3e+06	99.632	-1.4894e+06	-9591.5	5.2875e+06	-1.4932e+06	-9591.5
4.302e+06	100.68	-1.4893e+06	-9568.5	5.2875e+06	-1.4932e+06	-9568.5
4.304e+06	99.122	-1.4894e+06	-9589.1	5.2875e+06	-1.4932e+06	-9589.1
4.306e+06	100.56	-1.4893e+06	-9475.3	5.2875e+06	-1.4932e+06	-9475.3
4.308e+06	99.676	-1.4894e+06	-9402.1	5.2875e+06	-1.4932e+06	-9402.1
4.31e+06	100.05	-1.4894e+06	-9441.7	5.2875e+06	-1.4932e+06	-9441.7
4.312e+06	100.5	-1.4893e+06	-9458	5.2875e+06	-1.4932e+06	-9458
4.314e+06	99.234	-1.4894e+06	-9397.3	5.2875e+06	-1.4933e+06	-9397.3
4.316e+06	100.72	-1.4893e+06	-9359.1	5.2875e+06	-1.4932e+06	-9359.1
4.318e+06	99.615	-1.4894e+06	-9404.5	5.2875e+06	-1.4933e+06	-9404.5
4.32e+06	99.997	-1.4894e+06	-9447.3	5.2875e+06	-1.4932e+06	-9447.3
4.322e+06	100.39	-1.4894e+06	-9524.2	5.2875e+06	-1.4932e+06	-9524.2
4.324e+06	99.316	-1.4894e+06	-9625.1	5.2875e+06	-1.4932e+06	-9625.1
4.326e+06	100.8	-1.4893e+06	-9573.7	5.2875e+06	-1.4932e+06	-9573.7
4.328e+06	99.3	-1.4894e+06	-9522.3	5.2875e+06	-1.4932e+06	-9522.3
4.33e+06	100.6	-1.4893e+06	-9449.4	5.2875e+06	-1.4932e+06	-9449.4
4.332e+06	99.955	-1.4894e+06	-9395.5	5.2875e+06	-1.4932e+06	-9395.5
4.334e+06	100.04	-1.4894e+06	-9412.9	5.2875e+06	-1.4933e+06	-9412.9
4.336e+06	100.62	-1.4894e+06	-9383.7	5.2875e+06	-1.4932e+06	-9383.7
4.338e+06	99.207	-1.4895e+06	-9307.3	5.2875e+06	-1.4933e+06	-9307.3
4.34e+06	100.59	-1.4893e+06	-9361.5	5.2875e+06	-1.4932e+06	-9361.5
4.342e+06	99.339	-1.4894e+06	-9439.6	5.2875e+06	-1.4933e+06	-9439.6
4.344e+06	100.2	-1.4894e+06	-9471.8	5.2875e+06	-1.4932e+06	-9471.8
4.346e+06	100.14	-1.4894e+06	-9518.3	5.2875e+06	-1.4932e+06	-9518.3
4.348e+06	99.625	-1.4894e+06	-9552.9	5.2875e+06	-1.4932e+06	-9552.9
4.35e+06	100.63	-1.4893e+06	-9608.5	5.2875e+06	-1.4932e+06	-9608.5
4.352e+06	99.384	-1.4894e+06	-9663.8	5.2875e+06	-1.4932e+06	-9663.8
4.354e+06	100.25	-1.4893e+06	-9623.4	5.2875e+06	-1.4932e+06	-9623.4
4.356e+06	99.816	-1.4894e+06	-9560.8	5.2875e+06	-1.4932e+06	-9560.8
4.358e+06	100.05	-1.4894e+06	-9525	5.2875e+06	-1.4932e+06	-9525
4.36e+06	100.32	-1.4893e+06	-9543.4	5.2875e+06	-1.4932e+06	-9543.4
4.362e+06	99.481	-1.4894e+06	-9455.9	5.2875e+06	-1.4932e+06	-9455.9
4.364e+06	100.56	-1.4893e+06	-9496.3	5.2875e+06	-1.4932e+06	-9496.3
4.366e+06	99.63	-1.4894e+06	-9626.6	5.2875e+06	-1.4932e+06	-9626.6
4.368e+06	100.15	-1.4893e+06	-9603.1	5.2875e+06	-1.4932e+06	-9603.1
4.37e+06	100.17	-1.4893e+06	-9688.3	5.2875e+06	-1.4932e+06	-9688.3
4.372e+06	99.591	-1.4894e+06	-9686	5.2875e+06	-1.4932e+06	-9686
4.374e+06	100.55	-1.4893e+06	-9694.8	5.2875e+06	-1.4932e+06	-9694.8
4.376e+06	99.339	-1.4894e+06	-9744.3	5.2875e+06	-1.4932e+06	-9744.3
4.378e+06	100.41	-1.4893e+06	-9655.8	5.2875e+06	-1.4932e+06	-9655.8
4.38e+06	100.1	-1.4893e+06	-9624.2	5.2875e+06	-1.4932e+06	-9624.2
4.382e+06	99.882	-1.4893e+06	-9563.6	5.2875e+06	-1.4932e+06	-9563.6
4.384e+06	100.41	-1.4893e+06	-9591.2	5.2875e+06	-1.4932e+06	-9591.2
4.386e+06	99.505	-1.4894e+06	-9606.7	5.2875e+06	-1.4932e+06	-9606.7
4.388e+06	100.48	-1.4893e+06	-9634.3	5.2875e+06	-1.4932e+06	-9634.3
4.39e+06	99.651	-1.4893e+06	-9606.5	5.2875e+06	-1.4932e+06	-9606.5
4.392e+06	100.16	-1.4893e+06	-9616.1	5.2875e+06	-1.4932e+06	-9616.1
4.394e+06	100.21	-1.4893e+06	-9417.3	5.2875e+06	-1.4932e+06	-9417.3
4.396e+06	99.795	-1.4894e+06	-9395	5.2875e+06	-1.4932e+06	-9395
4.398e+06	100.29	-1.4893e+06	-9405.2	5.2875e+06	-1.4932e+06	-9405.2
4.4e+06	99.515	-1.4894e+06	-9331.2	5.2875e+06	-1.4932e+06	-9331.2
4.402e+06	100.15	-1.4893e+06	-9389.7	5.2875e+06	-1.4932e+06	-9389.7
4.404e+06	99.982	-1.4893e+06	-9421.1	5.2875e+06	-1.4932e+06	-9421.1
4.406e+06	99.817	-1.4893e+06	-9488.4	5.2875e+06	-1.4932e+06	-9488.4
4.408e+06	100.28	-1.4893e+06	-9565	5.2875e+06	-1.4931e+06	-9565
4.41e+06	99.553	-1.4893e+06	-9679.2	5.2875e+06	-1.4931e+06	-9679.2
4.412e+06	100.28	-1.4893e+06	-9745.7	5.2875e+06	-1.4931e+06	-9745.7
4.414e+06	99.716	-1.4893e+06	-9729	5.2875e+06	-1.4931e+06	-9729
4.416e+06	100.04	-1.4893e+06	-9784.1	5.2875e+06	-1.4931e+06	-9784.1
4.418e+06	99.998	-1.4893e+06	-9810.3	5.2875e+06	-1.4931e+06	-9810.3
4.42e+06	99.66	-1.4893e+06	-9757.6	5.2875e+06	-1.4931e+06	-9757.6
4.422e+06	100.31	-1.4892e+06	-9727.2	5.2875e+06	-1.4931e+06	-9727.2
4.424e+06	99.554	-1.4893e+06	-9669	5.2875e+06	-1.4931e+06	-9669
4.426e+06	100.03	-1.4893e+06	-9609.5	5.2875e+06	-1.4931e+06	-9609.5
4.428e+06	100.11	-1.4893e+06	-9593.9	5.2875e+06	-1.4931e+06	-9593.9
4.43e+06	99.837	-1.4893e+06	-9545.1	5.2875e+06	-1.4931e+06	-9545.1
4.432e+06	100.2	-1.4893e+06	-9634.4	5.2875e+06	-1.4931e+06	-9634.4
4.434e+06	99.671	-1.4893e+06	-9617.5	5.2875e+06	-1.4931e+06	-9617.5
4.436e+06	100.1	-1.4893e+06	-9569	5.2875e+06	-1.4931e+06	-9569
4.438e+06	100.07	-1.4893e+06	-9577.6	5.2875e+06	-1.4931e+06	-9577.6
4.44e+06	99.861	-1.4893e+06	-9459.8	5.2875e+06	-1.4932e+06	-9459.8
4.442e+06	100.17	-1.4893e+06	-9369.1	5.2875e+06	-1.4932e+06	-9369.1
4.444e+06	99.869	-1.4893e+06	-9411.8	5.2875e+06	-1.4932e+06	-9411.8
4.446e+06	100.09	-1.4893e+06	-9517.2	5.2875e+06	-1.4932e+06	-9517.2
4.448e+06	99.887	-1.4893e+06	-9589.4	5.2875e+06	-1.4931e+06	-9589.4
4.45e+06	100.08	-1.4893e+06	-9567	5.2875e+06	-1.4931e+06	-9567
4.452e+06	99.898	-1.4893e+06	-9453.9	5.2875e+06	-1.4932e+06	-9453.9
4.454e+06	100.04	-1.4893e+06	-9462.2	5.2875e+06	-1.4931e+06	-9462.2
4.456e+06	99.857	-1.4893e+06	-9497.6	5.2875e+06	-1.4931e+06	-9497.6
4.458e+06	99.91	-1.4893e+06	-9579.1	5.2875e+06	-1.4931e+06	-9579.1
4.46e+06	100.05	-1.4893e+06	-9565.5	5.2875e+06	-1.4931e+06	-9565.5
4.462e+06	99.762	-1.4893e+06	-9540.8	5.2875e+06	-1.4931e+06	-9540.8
4.464e+06	99.933	-1.4893e+06	-9577.5	5.2875e+06	-1.4931e+06	-9577.5
4.466e+06	99.922	-1.4893e+06	-9616.1	5.2875e+06	-1.4931e+06	-9616.1
4.468e+06	100.17	-1.4893e+06	-9633.9	5.2875e+06	-1.4931e+06	-9633.9
4.47e+06	100.18	-1.4893e+06	-9506.7	5.2875e+06	-1.4931e+06	-9506.7
4.472e+06	99.884	-1.4893e+06	-9450.6	5.2875e+06	-1.4931e+06	-9450.6
4.474e+06	100.12	-1.4893e+06	-9321.1	5.2875e+06	-1.4931e+06	-9321.1
4.476e+06	99.87	-1.4893e+06	-9203.3	5.2875e+06	-1.4932e+06	-9203.3
4.478e+06	99.92	-1.4893e+06	-9161	5.2875e+06	-1.4932e+06	-9161
4.48e+06	100.05	-1.4893e+06	-9227.3	5.2875e+06	-1.4932e+06	-9227.3
4.482e+06	100.05	-1.4893e+06	-9233.9	5.2875e+06	-1.4932e+06	-9233.9
4.484e+06	99.926	-1.4893e+06	-9202.7	5.2875e+06	-1.4932e+06	-9202.7
4.486e+06	100.03	-1.4893e+06	-9238.6	5.2875e+06	-1.4932e+06	-9238.6
4.488e+06	100.1	-1.4893e+06	-9161.2	5.2875e+06	-1.4932e+06	-9161.2
4.49e+06	99.81	-1.4893e+06	-9181.4	5.2875e+06	-1.4932e+06	-9181.4
4.492e+06	100.11	-1.4893e+06	-9127.8	5.2875e+06	-1.4932e+06	-9127.8
4.494e+06	100.02	-1.4893e+06	-9172.9	5.2875e+06	-1.4932e+06	-9172.9
4.496e+06	99.95	-1.4893e+06	-9251	5.2875e+06	-1.4932e+06	-9251
4.498e+06	100.09	-1.4893e+06	-9377.1	5.2875e+06	-1.4932e+06	-9377.1
4.5e+06	99.711	-1.4893e+06	-9446.9	5.2875e+06	-1.4932e+06	-9446.9
4.502e+06	100.1	-1.4893e+06	-9557.3	5.2875e+06	-1.4931e+06	-9557.3
4.504e+06	100	-1.4893e+06	-9590	5.2875e+06	-1.4931e+06	-9590
4.506e+06	100.07	-1.4893e+06	-9693.7	5.2875e+06	-1.4931e+06	-9693.7
4.508e+06	100.19	-1.4892e+06	-9794.2	5.2875e+06	-1.4931e+06	-9794.2
4.51e+06	99.587	-1.4893e+06	-9712.6	5.2875e+06	-1.4931e+06	-9712.6
4.512e+06	100.15	-1.4892e+06	-9740.8	5.2875e+06	-1.4931e+06	-9740.8
4.514e+06	99.816	-1.4893e+06	-9750	5.2875e+06	-1.4931e+06	-9750
4.516e+06	100.23	-1.4892e+06	-9730.1	5.2875e+06	-1.4931e+06	-9730.1
4.518e+06	99.922	-1.4893e+06	-9714.9	5.2875e+06	-1.4931e+06	-9714.9
4.52e+06	99.75	-1.4893e+06	-9723.4	5.2875e+06	-1.4931e+06	-9723.4
4.522e+06	100.37	-1.4892e+06	-9752.5	5.2875e+06	-1.4931e+06	-9752.5
4.524e+06	99.69	-1.4892e+06	-9783.3	5.2875e+06	-1.4931e+06	-9783.3
4.526e+06	100.41	-1.4892e+06	-9833.4	5.2875e+06	-1.4931e+06	-9833.4
4.528e+06	99.625	-1.4892e+06	-9746.5	5.2875e+06	-1.4931e+06	-9746.5
4.53e+06	100.19	-1.4892e+06	-9864.8	5.2875e+06	-1.4931e+06	-9864.8
4.532e+06	99.792	-1.4892e+06	-9785.7	5.2875e+06	-1.4931e+06	-9785.7
4.534e+06	99.825	-1.4892e+06	-9706.9	5.2875e+06	-1.4931e+06	-9706.9
4.536e+06	100.2	-1.4892e+06	-9622.6	5.2875e+06	-1.4931e+06	-9622.6
4.538e+06	99.544	-1.4893e+06	-9600.4	5.2875e+06	-1.4931e+06	-9600.4
4.54e+06	100.43	-1.4892e+06	-9610.6	5.2875e+06	-1.4931e+06	-9610.6
4.542e+06	99.702	-1.4893e+06	-9470.5	5.2875e+06	-1.4931e+06	-9470.5
4.544e+06	100.06	-1.4892e+06	-9438.7	5.2875e+06	-1.4931e+06	-9438.7
4.546e+06	99.75	-1.4893e+06	-9446.9	5.2875e+06	-1.4931e+06	-9446.9
4.548e+06	99.995	-1.4893e+06	-9493.3	5.2875e+06	-1.4931e+06	-9493.3
4.55e+06	99.922	-1.4892e+06	-9538.3	5.2875e+06	-1.4931e+06	-9538.3
4.552e+06	99.728	-1.4893e+06	-9517.8	5.2875e+06	-1.4931e+06	-9517.8
4.554e+06	100.2	-1.4892e+06	-9624.6	5.2875e+06	-1.4931e+06	-9624.6
4.556e+06	99.852	-1.4893e+06	-9634.9	5.2875e+06	-1.4931e+06	-9634.9
4.558e+06	100.2	-1.4892e+06	-9617	5.2875e+06	-1.4931e+06	-9617
4.56e+06	100.04	-1.4892e+06	-9604.6	5.2875e+06	-1.4931e+06	-9604.6
4.562e+06	100.01	-1.4892e+06	-9543.2	5.2875e+06	-1.4931e+06	-9543.2
4.564e+06	100.09	-1.4892e+06	-9466.6	5.2875e+06	-1.4931e+06	-9466.6
4.566e+06	99.904	-1.4893e+06	-9324.5	5.2875e+06	-1.4931e+06	-9324.5
4.568e+06	100.1	-1.4893e+06	-9223	5.2875e+06	-1.4931e+06	-9223
4.57e+06	99.852	-1.4893e+06	-9198	5.2875e+06	-1.4932e+06	-9198
4.572e+06	100.08	-1.4893e+06	-9127.9	5.2875e+06	-1.4932e+06	-9127.9
4.574e+06	100.1	-1.4893e+06	-9135.1	5.2875e+06	-1.4932e+06	-9135.1
4.576e+06	99.728	-1.4893e+06	-9229.9	5.2875e+06	-1.4931e+06	-9229.9
4.578e+06	100.25	-1.4893e+06	-9318.1	5.2875e+06	-1.4931e+06	-9318.1
4.58e+06	99.94	-1.4893e+06	-9379.3	5.2875e+06	-1.4931e+06	-9379.3
4.582e+06	100.16	-1.4893e+06	-9436.9	5.2875e+06	-1.4931e+06	-9436.9
4.584e+06	100.15	-1.4893e+06	-9574.1	5.2875e+06	-1.4931e+06	-9574.1
4.586e+06	99.889	-1.4892e+06	-9620.7	5.2875e+06	-1.4931e+06	-9620.7
4.588e+06	100.23	-1.4892e+06	-9702.4	5.2875e+06	-1.4931e+06	-9702.4
4.59e+06	99.944	-1.4892e+06	-9733.3	5.2875e+06	-1.4931e+06	-9733.3
4.592e+06	100.14	-1.4892e+06	-9738.4	5.2875e+06	-1.493e+06	-9738.4
4.594e+06	99.858	-1.4892e+06	-9622.1	5.2875e+06	-1.4931e+06	-9622.1
4.596e+06	100.07	-1.4892e+06	-9541.5	5.2875e+06	-1.4931e+06	-9541.5
4.598e+06	99.729	-1.4892e+06	-9585.9	5.2875e+06	-1.4931e+06	-9585.9
4.6e+06	99.909	-1.4892e+06	-9564	5.2875e+06	-1.4931e+06	-9564
4.602e+06	100.17	-1.4892e+06	-9519.3	5.2875e+06	-1.4931e+06	-9519.3
4.604e+06	99.964	-1.4892e+06	-9540.8	5.2875e+06	-1.4931e+06	-9540.8
4.606e+06	100.09	-1.4892e+06	-9463.2	5.2875e+06	-1.4931e+06	-9463.2
4.608e+06	99.836	-1.4892e+06	-9472.6	5.2875e+06	-1.4931e+06	-9472.6
4.61e+06	99.968	-1.4892e+06	-9567.3	5.2875e+06	-1.4931e+06	-9567.3
4.612e+06	100.05	-1.4892e+06	-9587.1	5.2875e+06	-1.4931e+06	-9587.1
4.614e+06	99.714	-1.4892e+06	-9518.4	5.2875e+06	-1.4931e+06	-9518.4
4.616e+06	100.07	-1.4892e+06	-9449.3	5.2875e+06	-1.4931e+06	-9449.3
4.618e+06	100.05	-1.4892e+06	-9312.2	5.2875e+06	-1.4931e+06	-9312.2
4.62e+06	100.02	-1.4893e+06	-9100.1	5.2875e+06	-1.4931e+06	-9100.1
4.622e+06	99.912	-1.4893e+06	-9155.6	5.2875e+06	-1.4931e+06	-9155.6
4.624e+06	99.92	-1.4893e+06	-9093.4	5.2875e+06	-1.4931e+06	-9093.4
4.626e+06	100.02	-1.4893e+06	-9136.7	5.2875e+06	-1.4931e+06	-9136.7
4.628e+06	99.874	-1.4893e+06	-9138	5.2875e+06	-1.4931e+06	-9138
4.63e+06	100.24	-1.4893e+06	-9179.2	5.2875e+06	-1.4931e+06	-9179.2
4.632e+06	99.913	-1.4893e+06	-9258.4	5.2875e+06	-1.4931e+06	-9258.4
4.634e+06	100.12	-1.4893e+06	-9255.6	5.2875e+06	-1.4931e+06	-9255.6
4.636e+06	99.912	-1.4893e+06	-9273.6	5.2875e+06	-1.4931e+06	-9273.6
4.638e+06	100.05	-1.4893e+06	-9315.7	5.2875e+06	-1.4931e+06	-9315.7
4.64e+06	100.06	-1.4892e+06	-9349	5.2875e+06	-1.4931e+06	-9349
4.642e+06	100.05	-1.4893e+06	-9363.7	5.2875e+06	-1.4931e+06	-9363.7
4.644e+06	100.28	-1.4892e+06	-9420.5	5.2875e+06	-1.4931e+06	-9420.5
4.646e+06	99.857	-1.4893e+06	-9433.3	5.2875e+06	-1.4931e+06	-9433.3
4.648e+06	100.27	-1.4892e+06	-9515.6	5.2875e+06	-1.4931e+06	-9515.6
4.65e+06	99.829	-1.4892e+06	-9461.2	5.2875e+06	-1.4931e+06	-9461.2
4.652e+06	99.916	-1.4892e+06	-9516.2	5.2875e+06	-1.4931e+06	-9516.2
4.654e+06	100.31	-1.4892e+06	-9501.3	5.2875e+06	-1.4931e+06	-9501.3
4.656e+06	99.663	-1.4892e+06	-9468	5.2875e+06	-1.4931e+06	-9468
4.658e+06	100.34	-1.4892e+06	-9465.2	5.2875e+06	-1.493e+06	-9465.2
4.66e+06	99.731	-1.4892e+06	-9509.3	5.2875e+06	-1.4931e+06	-9509.3
4.662e+06	100.15	-1.4892e+06	-9609.7	5.2875e+06	-1.493e+06	-9609.7
4.664e+06	100.09	-1.4892e+06	-9658.3	5.2875e+06	-1.493e+06	-9658.3
4.666e+06	99.664	-1.4892e+06	-9657.2	5.2875e+06	-1.493e+06	-9657.2
4.668e+06	100.26	-1.4891e+06	-9649.5	5.2875e+06	-1.493e+06	-9649.5
4.67e+06	99.662	-1.4892e+06	-9687.1	5.2875e+06	-1.493e+06	-9687.1
4.672e+06	100.55	-1.4891e+06	-9633.6	5.2875e+06	-1.493e+06	-9633.6
4.674e+06	99.823	-1.4892e+06	-9533.6	5.2875e+06	-1.493e+06	-9533.6
4.676e+06	99.976	-1.4892e+06	-9409.4	5.2875e+06	-1.493e+06	-9409.4
4.678e+06	100.2	-1.4892e+06	-9346.6	5.2875e+06	-1.493e+06	-9346.6
4.68e+06	99.716	-1.4892e+06	-9363.4	5.2875e+06	-1.4931e+06	-9363.4
4.682e+06	100.35	-1.4892e+06	-9384.1	5.2875e+06	-1.493e+06	-9384.1
4.684e+06	99.79	-1.4892e+06	-9285.2	5.2875e+06	-1.4931e+06	-9285.2
4.686e+06	100.01	-1.4892e+06	-9257.2	5.2875e+06	-1.4931e+06	-9257.2
4.688e+06	100.3	-1.4892e+06	-9290.2	5.2875e+06	-1.493e+06	-9290.2
4.69e+06	99.524	-1.4892e+06	-9394.3	5.2875e+06	-1.4931e+06	-9394.3
4.692e+06	100.35	-1.4892e+06	-9399.6	5.2875e+06	-1.493e+06	-9399.6
4.694e+06	99.564	-1.4892e+06	-9361.5	5.2875e+06	-1.4931e+06	-9361.5
4.696e+06	100.44	-1.4892e+06	-9375.8	5.2875e+06	-1.493e+06	-9375.8
4.698e+06	100.11	-1.4892e+06	-9272.9	5.2875e+06	-1.4931e+06	-9272.9
4.7e+06	99.721	-1.4892e+06	-9251.8	5.2875e+06	-1.4931e+06	-9251.8
4.702e+06	100.45	-1.4892e+06	-9293.5	5.2875e+06	-1.493e+06	-9293.5
4.704e+06	99.579	-1.4892e+06	-9264.5	5.2875e+06	-1.4931e+06	-9264.5
4.706e+06	100.34	-1.4892e+06	-9253.9	5.2875e+06	-1.4931e+06	-9253.9
4.708e+06	99.949	-1.4892e+06	-9312.9	5.2875e+06	-1.4931e+06	-9312.9
4.71e+06	99.887	-1.4892e+06	-9248.5	5.2875e+06	-1.4931e+06	-9248.5
4.712e+06	100.16	-1.4892e+06	-9235.3	5.2875e+06	-1.4931e+06	-9235.3
4.714e+06	99.699	-1.4892e+06	-9338.5	5.2875e+06	-1.4931e+06	-9338.5
4.716e+06	100.28	-1.4892e+06	-9321.2	5.2875e+06	-1.4931e+06	-9321.2
4.718e+06	100.03	-1.4892e+06	-9256.2	5.2875e+06	-1.4931e+06	-9256.2
4.72e+06	100.07	-1.4892e+06	-9238	5.2875e+06	-1.4931e+06	-9238
4.722e+06	100.08	-1.4892e+06	-9270.7	5.2875e+06	-1.4931e+06	-9270.7
4.724e+06	99.932	-1.4892e+06	-9291	5.2875e+06	-1.4931e+06	-9291
4.726e+06	100.12	-1.4892e+06	-9259.9	5.2875e+06	-1.4931e+06	-9259.9
4.728e+06	99.846	-1.4892e+06	-9376.6	5.2875e+06	-1.4931e+06	-9376.6
4.73e+06	100.22	-1.4892e+06	-9457.7	5.2875e+06	-1.493e+06	-9457.7
4.732e+06	100.01	-1.4892e+06	-9388.6	5.2875e+06	-1.4931e+06	-9388.6
4.734e+06	99.953	-1.4892e+06	-9466.6	5.2875e+06	-1.493e+06	-9466.6
4.736e+06	100.19	-1.4892e+06	-9516	5.2875e+06	-1.493e+06	-9516
4.738e+06	99.789	-1.4892e+06	-9592.7	5.2875e+06	-1.493e+06	-9592.7
4.74e+06	100.15	-1.4892e+06	-9551.2	5.2875e+06	-1.493e+06	-9551.2
4.742e+06	99.961	-1.4892e+06	-9564.9	5.2875e+06	-1.493e+06	-9564.9
4.744e+06	100.06	-1.4892e+06	-9709.9	5.2875e+06	-1.493e+06	-9709.9
4.746e+06	100.01	-1.4892e+06	-9737.8	5.2875e+06	-1.493e+06	-9737.8
4.748e+06	100.09	-1.4892e+06	-9682.2	5.2875e+06	-1.493e+06	-9682.2
4.75e+06	100.15	-1.4891e+06	-9685.3	5.2875e+06	-1.493e+06	-9685.3
4.752e+06	99.704	-1.4892e+06	-9637.9	5.2875e+06	-1.493e+06	-9637.9
4.754e+06	100.35	-1.4891e+06	-9568.5	5.2875e+06	-1.493e+06	-9568.5
4.756e+06	99.952	-1.4892e+06	-9477.8	5.2875e+06	-1.493e+06	-9477.8
4.758e+06	100.1	-1.4892e+06	-9380	5.2875e+06	-1.493e+06	-9380
4.76e+06	100.24	-1.4892e+06	-9371.1	5.2875e+06	-1.493e+06	-9371.1
4.762e+06	99.713	-1.4892e+06	-9342.3	5.2875e+06	-1.4931e+06	-9342.3
4.764e+06	100.28	-1.4892e+06	-9374.7	5.2875e+06	-1.493e+06	-9374.7
4.766e+06	99.633	-1.4892e+06	-9374.1	5.2875e+06	-1.4931e+06	-9374.1
4.768e+06	100.1	-1.4892e+06	-9402.2	5.2875e+06	-1.493e+06	-9402.2
4.77e+06	100.04	-1.4892e+06	-9456.2	5.2875e+06	-1.493e+06	-9456.2
4.772e+06	99.899	-1.4892e+06	-9423.2	5.2875e+06	-1.493e+06	-9423.2
4.774e+06	100.2	-1.4892e+06	-9424.8	5.2875e+06	-1.493e+06	-9424.8
4.776e+06	99.818	-1.4892e+06	-9315.7	5.2875e+06	-1.4931e+06	-9315.7
4.778e+06	100.16	-1.4892e+06	-9294.7	5.2875e+06	-1.493e+06	-9294.7
4.78e+06	100.02	-1.4892e+06	-9336.9	5.2875e+06	-1.4931e+06	-9336.9
4.782e+06	99.996	-1.4892e+06	-9426.9	5.2875e+06	-1.493e+06	-9426.9
4.784e+06	100.29	-1.4892e+06	-9441	5.2875e+06	-1.493e+06	-9441
4.786e+06	99.674	-1.4892e+06	-9454.7	5.2875e+06	-1.493e+06	-9454.7
4.788e+06	100.08	-1.4891e+06	-9556.9	5.2875e+06	-1.493e+06	-9556.9
4.79e+06	99.855	-1.4892e+06	-9449.9	5.2875e+06	-1.493e+06	-9449.9
4.792e+06	100.25	-1.4892e+06	-9466.2	5.2875e+06	-1.493e+06	-9466.2
4.794e+06	100.06	-1.4892e+06	-9390.7	5.2875e+06	-1.493e+06	-9390.7
4.796e+06	99.883	-1.4892e+06	-9386.8	5.2875e+06	-1.493e+06	-9386.8
4.798e+06	100.14	-1.4892e+06	-9370.4	5.2875e+06	-1.493e+06	-9370.4
4.8e+06	99.57	-1.4892e+06	-9422	5.2875e+06	-1.493e+06	-9422
4.802e+06	100.21	-1.4891e+06	-9486.8	5.2875e+06	-1.493e+06	-9486.8
4.804e+06	99.51	-1.4892e+06	-9523	5.2875e+06	-1.493e+06	-9523
4.806e+06	100.06	-1.4891e+06	-9500.5	5.2875e+06	-1.493e+06	-9500.5
4.808e+06	99.897	-1.4892e+06	-9474.9	5.2875e+06	-1.493e+06	-9474.9
4.81e+06	99.882	-1.4892e+06	-9462.3	5.2875e+06	-1.493e+06	-9462.3
4.812e+06	100.28	-1.4891e+06	-9406.4	5.2875e+06	-1.493e+06	-9406.4
4.814e+06	99.602	-1.4892e+06	-9406.8	5.2875e+06	-1.493e+06	-9406.8
4.816e+06	100.31	-1.4891e+06	-9525.5	5.2875e+06	-1.493e+06	-9525.5
4.818e+06	100.06	-1.4892e+06	-9551.8	5.2875e+06	-1.493e+06	-9551.8
4.82e+06	100.03	-1.4891e+06	-9597.9	5.2875e+06	-1.493e+06	-9597.9
4.822e+06	100.13	-1.4891e+06	-9548	5.2875e+06	-1.493e+06	-9548
4.824e+06	99.634	-1.4892e+06	-9456	5.2875e+06	-1.493e+06	-9456
4.826e+06	100.12	-1.4891e+06	-9510.3	5.2875e+06	-1.493e+06	-9510.3
4.828e+06	99.731	-1.4892e+06	-9572.3	5.2875e+06	-1.493e+06	-9572.3
4.83e+06	99.857	-1.4891e+06	-9596.5	5.2875e+06	-1.493e+06	-9596.5
4.832e+06	100	-1.4891e+06	-9450.7	5.2875e+06	-1.493e+06	-9450.7
4.834e+06	100.01	-1.4892e+06	-9415.5	5.2875e+06	-1.493e+06	-9415.5
4.836e+06	100.14	-1.4891e+06	-9396.7	5.2875e+06	-1.493e+06	-9396.7
4.838e+06	99.736	-1.4892e+06	-9447	5.2875e+06	-1.493e+06	-9447
4.84e+06	100.43	-1.4891e+06	-9376.6	5.2875e+06	-1.493e+06	-9376.6
4.842e+06	99.625	-1.4892e+06	-9356.1	5.2875e+06	-1.493e+06	-9356.1
4.844e+06	100.05	-1.4891e+06	-9351.4	5.2875e+06	-1.493e+06	-9351.4
4.846e+06	99.651	-1.4892e+06	-9351	5.2875e+06	-1.493e+06	-9351
4.848e+06	99.934	-1.4891e+06	-9368.6	5.2875e+06	-1.493e+06	-9368.6
4.85e+06	100.2	-1.4891e+06	-9403.2	5.2875e+06	-1.493e+06	-9403.2
4.852e+06	99.913	-1.4891e+06	-9353	5.2875e+06	-1.493e+06	-9353
4.854e+06	100.27	-1.4891e+06	-9418.4	5.2875e+06	-1.493e+06	-9418.4
4.856e+06	99.736	-1.4891e+06	-9477.8	5.2875e+06	-1.493e+06	-9477.8
4.858e+06	100.13	-1.4891e+06	-9492.9	5.2875e+06	-1.493e+06	-9492.9
4.86e+06	100.19	-1.4891e+06	-9407.3	5.2875e+06	-1.493e+06	-9407.3
4.862e+06	99.774	-1.4891e+06	-9312.2	5.2875e+06	-1.493e+06	-9312.2
4.864e+06	100.16	-1.4891e+06	-9398.9	5.2875e+06	-1.493e+06	-9398.9
4.866e+06	99.798	-1.4891e+06	-9364.3	5.2875e+06	-1.493e+06	-9364.3
4.868e+06	100.22	-1.4891e+06	-9306	5.2875e+06	-1.493e+06	-9306
4.87e+06	100.05	-1.4891e+06	-9292	5.2875e+06	-1.493e+06	-9292
4.872e+06	99.942	-1.4891e+06	-9213.8	5.2875e+06	-1.493e+06	-9213.8
4.874e+06	100.24	-1.4891e+06	-9155.7	5.2875e+06	-1.493e+06	-9155.7
4.876e+06	99.663	-1.4892e+06	-9207.4	5.2875e+06	-1.493e+06	-9207.4
4.878e+06	100.27	-1.4891e+06	-9266	5.2875e+06	-1.493e+06	-9266
4.88e+06	99.759	-1.4892e+06	-9231.2	5.2875e+06	-1.493e+06	-9231.2
4.882e+06	100.22	-1.4892e+06	-9256.6	5.2875e+06	-1.493e+06	-9256.6
4.884e+06	100.13	-1.4892e+06	-9321.9	5.2875e+06	-1.493e+06	-9321.9
4.886e+06	100.12	-1.4892e+06	-9313.7	5.2875e+06	-1.493e+06	-9313.7
4.888e+06	100.19	-1.4891e+06	-9507.5	5.2875e+06	-1.493e+06	-9507.5
4.89e+06	99.794	-1.4891e+06	-9588.8	5.2875e+06	-1.493e+06	-9588.8
4.892e+06	100.23	-1.4891e+06	-9641.6	5.2875e+06	-1.493e+06	-9641.6
4.894e+06	99.98	-1.4891e+06	-9608.8	5.2875e+06	-1.493e+06	-9608.8
4.896e+06	100	-1.4891e+06	-9706.7	5.2875e+06	-1.493e+06	-9706.7
4.898e+06	100.1	-1.4891e+06	-9823.9	5.2875e+06	-1.4929e+06	-9823.9
4.9e+06	100.18	-1.4891e+06	-9817.1	5.2875e+06	-1.4929e+06	-9817.1
4.902e+06	100.12	-1.4891e+06	-9863.4	5.2875e+06	-1.4929e+06	-9863.4
4.904e+06	99.841	-1.4891e+06	-9898.2	5.2875e+06	-1.4929e+06	-9898.2
4.906e+06	99.975	-1.489e+06	-9890.5	5.2875e+06	-1.4929e+06	-9890.5
4.908e+06	99.998	-1.4891e+06	-9912.5	5.2875e+06	-1.4929e+06	-9912.5
4.91e+06	99.896	-1.4891e+06	-9869.5	5.2875e+06	-1.4929e+06	-9869.5
4.912e+06	100.18	-1.489e+06	-9833.5	5.2875e+06	-1.4929e+06	-9833.5
4.914e+06	99.974	-1.4891e+06	-9864.7	5.2875e+06	-1.4929e+06	-9864.7
4.916e+06	99.886	-1.489e+06	-9899.3	5.2875e+06	-1.4929e+06	-9899.3
4.918e+06	100.07	-1.4891e+06	-9814.7	5.2875e+06	-1.4929e+06	-9814.7
4.92e+06	99.942	-1.4891e+06	-9728.5	5.2875e+06	-1.4929e+06	-9728.5
4.922e+06	99.822	-1.4891e+06	-9590.4	5.2875e+06	-1.4929e+06	-9590.4
4.924e+06	99.963	-1.4891e+06	-9542.6	5.2875e+06	-1.4929e+06	-9542.6
4.926e+06	99.956	-1.4891e+06	-9539.9	5.2875e+06	-1.493e+06	-9539.9
4.928e+06	100.04	-1.4891e+06	-9596.8	5.2875e+06	-1.4929e+06	-9596.8
4.93e+06	99.872	-1.4891e+06	-9568.8	5.2875e+06	-1.4929e+06	-9568.8
4.932e+06	100.06	-1.4891e+06	-9655.2	5.2875e+06	-1.4929e+06	-9655.2
4.934e+06	100.13	-1.4891e+06	-9708.4	5.2875e+06	-1.4929e+06	-9708.4
4.936e+06	100.32	-1.4891e+06	-9689.1	5.2875e+06	-1.4929e+06	-9689.1
4.938e+06	99.991	-1.4891e+06	-9530.1	5.2875e+06	-1.4929e+06	-9530.1
4.94e+06	99.927	-1.4891e+06	-9434.3	5.2875e+06	-1.4929e+06	-9434.3
4.942e+06	100.05	-1.4891e+06	-9448.8	5.2875e+06	-1.4929e+06	-9448.8
4.944e+06	100.09	-1.4891e+06	-9464.2	5.2875e+06	-1.4929e+06	-9464.2
4.946e+06	100.03	-1.4891e+06	-9321	5.2875e+06	-1.493e+06	-9321
4.948e+06	99.887	-1.4891e+06	-9321.2	5.2875e+06	-1.493e+06	-9321.2
4.95e+06	99.926	-1.4891e+06	-9297.6	5.2875e+06	-1.493e+06	-9297.6
4.952e+06	100.05	-1.4891e+06	-9287.4	5.2875e+06	-1.493e+06	-9287.4
4.954e+06	99.963	-1.4891e+06	-9290.4	5.2875e+06	-1.493e+06	-9290.4
4.956e+06	100.07	-1.4891e+06	-9290.5	5.2875e+06	-1.493e+06	-9290.5
4.958e+06	99.786	-1.4891e+06	-9430.7	5.2875e+06	-1.493e+06	-9430.7
4.96e+06	100.12	-1.4891e+06	-9389.9	5.2875e+06	-1.493e+06	-9389.9
4.962e+06	99.935	-1.4891e+06	-9342.4	5.2875e+06	-1.493e+06	-9342.4
4.964e+06	99.964	-1.4891e+06	-9304.1	5.2875e+06	-1.493e+06	-9304.1
4.966e+06	100.3	-1.4891e+06	-9274.9	5.2875e+06	-1.493e+06	-9274.9
4.968e+06	99.952	-1.4891e+06	-9205.5	5.2875e+06	-1.493e+06	-9205.5
4.97e+06	100	-1.4891e+06	-9256.8	5.2875e+06	-1.493e+06	-9256.8
4.972e+06	99.834	-1.4891e+06	-9324.4	5.2875e+06	-1.493e+06	-9324.4
4.974e+06	99.955	-1.4891e+06	-9316.9	5.2875e+06	-1.493e+06	-9316.9
4.976e+06	100.12	-1.4891e+06	-9410.6	5.2875e+06	-1.4929e+06	-9410.6
4.978e+06	99.973	-1.4891e+06	-9453.5	5.2875e+06	-1.4929e+06	-9453.5
4.98e+06	100.12	-1.4891e+06	-9467.6	5.2875e+06	-1.4929e+06	-9467.6
4.982e+06	99.998	-1.4891e+06	-9466.9	5.2875e+06	-1.4929e+06	-9466.9
4.984e+06	100.19	-1.4891e+06	-9381	5.2875e+06	-1.493e+06	-9381
4.986e+06	99.955	-1.4891e+06	-9246.6	5.2875e+06	-1.493e+06	-9246.6
4.988e+06	100.19	-1.4891e+06	-9189.4	5.2875e+06	-1.493e+06	-9189.4
4.99e+06	99.91	-1.4892e+06	-9165.2	5.2875e+06	-1.493e+06	-9165.2
4.992e+06	100.23	-1.4891e+06	-9185.9	5.2875e+06	-1.493e+06	-9185.9
4.994e+06	99.861	-1.4891e+06	-9270.6	5.2875e+06	-1.493e+06	-9270.6
4.996e+06	99.892	-1.4891e+06	-9299.2	5.2875e+06	-1.493e+06	-9299.2
4.998e+06	100.12	-1.4891e+06	-9342.6	5.2875e+06	-1.493e+06	-9342.6
5e+06	99.925	-1.4891e+06	-9424.2	5.2875e+06	-1.4929e+06	-9424.2
